0.000000 0.000000 0.593040
0.000000 0.010000 0.628815
0.000000 0.020000 0.000000
0.000000 0.030000 0.000000
0.000000 0.040000 0.000000
0.000000 0.050000 -0.079916
0.000000 0.060000 0.000000
0.000000 0.070000 8.886400
0.000000 0.080000 5.884737
0.000000 0.090000 0.000000
0.000000 0.100000 0.000000
0.000000 0.110000 2.878222
0.000000 0.120000 0.000000
0.000000 0.130000 0.000000
0.000000 0.140000 0.000000
0.000000 0.150000 0.000000
0.000000 0.160000 0.000000
0.000000 0.170000 0.042177
0.000000 0.180000 0.040613
0.000000 0.190000 0.042625
0.000000 0.200000 0.041391
0.000000 0.210000 0.000000
0.000000 0.220000 0.000000
0.000000 0.230000 0.000000
0.000000 0.240000 0.000000
0.000000 0.250000 0.000000
0.000000 0.260000 0.000000
0.000000 0.270000 0.000000
0.000000 0.280000 0.000000
0.000000 0.290000 0.000000
0.000000 0.300000 0.000000
0.000000 0.310000 0.000000
0.000000 0.320000 -0.002416
0.000000 0.330000 0.000000
0.000000 0.340000 0.000000
0.000000 0.350000 0.000000
0.000000 0.360000 0.000443
0.000000 0.370000 0.000000
0.000000 0.380000 0.000000
0.000000 0.390000 0.000000
0.000000 0.400000 0.000000
0.000000 0.410000 0.000000
0.000000 0.420000 0.000000
0.000000 0.430000 0.000000
0.000000 0.440000 0.000000
0.000000 0.450000 0.000000
0.000000 0.460000 0.000000
0.000000 0.470000 0.000000
0.000000 0.480000 0.000000
0.000000 0.490000 0.004806
0.010000 0.000000 0.520647
0.010000 0.010000 -0.081825
0.010000 0.020000 0.000000
0.010000 0.030000 -0.081196
0.010000 0.040000 -0.081157
0.010000 0.050000 -0.081415
0.010000 0.060000 -0.085269
0.010000 0.070000 -0.123300
0.010000 0.080000 2.877999
0.010000 0.090000 2.877915
0.010000 0.100000 2.877685
0.010000 0.110000 2.877657
0.010000 0.120000 0.000000
0.010000 0.130000 0.033053
0.010000 0.140000 0.032612
0.010000 0.150000 0.000000
0.010000 0.160000 0.035663
0.010000 0.170000 0.036130
0.010000 0.180000 0.038297
0.010000 0.190000 0.040339
0.010000 0.200000 0.000000
0.010000 0.210000 0.000000
0.010000 0.220000 0.000000
0.010000 0.230000 0.000000
0.010000 0.240000 0.000000
0.010000 0.250000 0.000000
0.010000 0.260000 0.000000
0.010000 0.270000 0.000000
0.010000 0.280000 0.000000
0.010000 0.290000 0.000000
0.010000 0.300000 0.000000
0.010000 0.310000 0.000000
0.010000 0.320000 0.000000
0.010000 0.330000 0.000000
0.010000 0.340000 0.000000
0.010000 0.350000 0.000084
0.010000 0.360000 0.000096
0.010000 0.370000 -0.000191
0.010000 0.380000 0.000000
0.010000 0.390000 0.000000
0.010000 0.400000 0.000000
0.010000 0.410000 0.000000
0.010000 0.420000 0.000000
0.010000 0.430000 0.000000
0.010000 0.440000 0.000000
0.010000 0.450000 0.000000
0.010000 0.460000 0.000000
0.010000 0.470000 0.000000
0.010000 0.480000 0.000000
0.010000 0.490000 0.000000
0.020000 0.000000 0.000000
0.020000 0.010000 -0.081918
0.020000 0.020000 0.000000
0.020000 0.030000 -0.081422
0.020000 0.040000 -0.081460
0.020000 0.050000 -0.081450
0.020000 0.060000 0.000000
0.020000 0.070000 0.000000
0.020000 0.080000 0.000000
0.020000 0.090000 0.000000
0.020000 0.100000 0.000000
0.020000 0.110000 0.000000
0.020000 0.120000 0.000000
0.020000 0.130000 0.000000
0.020000 0.140000 0.000000
0.020000 0.150000 0.000000
0.020000 0.160000 0.035973
0.020000 0.170000 0.000000
0.020000 0.180000 0.000000
0.020000 0.190000 0.000000
0.020000 0.200000 0.000000
0.020000 0.210000 0.000000
0.020000 0.220000 0.000000
0.020000 0.230000 0.000000
0.020000 0.240000 0.000000
0.020000 0.250000 0.000000
0.020000 0.260000 0.000000
0.020000 0.270000 0.000000
0.020000 0.280000 0.000000
0.020000 0.290000 0.000000
0.020000 0.300000 0.000000
0.020000 0.310000 0.000000
0.020000 0.320000 0.000000
0.020000 0.330000 0.000000
0.020000 0.340000 0.000000
0.020000 0.350000 0.000000
0.020000 0.360000 0.000000
0.020000 0.370000 0.000000
0.020000 0.380000 0.000000
0.020000 0.390000 0.000000
0.020000 0.400000 0.000000
0.020000 0.410000 0.000000
0.020000 0.420000 0.000000
0.020000 0.430000 0.000000
0.020000 0.440000 0.000000
0.020000 0.450000 0.000000
0.020000 0.460000 0.000000
0.020000 0.470000 0.000000
0.020000 0.480000 0.000000
0.020000 0.490000 0.000000
0.030000 0.000000 -0.044494
0.030000 0.010000 -0.081845
0.030000 0.020000 -0.082867
0.030000 0.030000 -0.083595
0.030000 0.040000 -0.084376
0.030000 0.050000 0.000000
0.030000 0.060000 0.051836
0.030000 0.070000 0.051721
0.030000 0.080000 0.000000
0.030000 0.090000 0.000000
0.030000 0.100000 0.000000
0.030000 0.110000 0.000000
0.030000 0.120000 0.000000
0.030000 0.130000 0.000505
0.030000 0.140000 -0.000000
0.030000 0.150000 0.000000
0.030000 0.160000 0.000000
0.030000 0.170000 0.000000
0.030000 0.180000 0.000000
0.030000 0.190000 0.000000
0.030000 0.200000 0.000230
0.030000 0.210000 0.000023
0.030000 0.220000 0.000000
0.030000 0.230000 0.000000
0.030000 0.240000 0.000000
0.030000 0.250000 0.000000
0.030000 0.260000 0.000000
0.030000 0.270000 0.000000
0.030000 0.280000 0.000000
0.030000 0.290000 0.000000
0.030000 0.300000 0.000000
0.030000 0.310000 0.000000
0.030000 0.320000 0.000000
0.030000 0.330000 0.000000
0.030000 0.340000 0.000000
0.030000 0.350000 0.000000
0.030000 0.360000 0.000000
0.030000 0.370000 0.000000
0.030000 0.380000 0.000000
0.030000 0.390000 0.000000
0.030000 0.400000 0.000000
0.030000 0.410000 0.000000
0.030000 0.420000 0.000000
0.030000 0.430000 0.000000
0.030000 0.440000 0.000000
0.030000 0.450000 0.000000
0.030000 0.460000 0.000000
0.030000 0.470000 0.000000
0.030000 0.480000 0.000000
0.030000 0.490000 0.000000
0.040000 0.000000 0.000000
0.040000 0.010000 -0.085597
0.040000 0.020000 -0.084484
0.040000 0.030000 -0.085630
0.040000 0.040000 -0.085671
0.040000 0.050000 0.000000
0.040000 0.060000 0.000000
0.040000 0.070000 0.051678
0.040000 0.080000 0.000000
0.040000 0.090000 0.000000
0.040000 0.100000 0.000000
0.040000 0.110000 0.000607
0.040000 0.120000 0.000000
0.040000 0.130000 0.000000
0.040000 0.140000 0.000000
0.040000 0.150000 0.000000
0.040000 0.160000 0.000000
0.040000 0.170000 0.000000
0.040000 0.180000 0.000000
0.040000 0.190000 0.000000
0.040000 0.200000 0.000000
0.040000 0.210000 -0.000023
0.040000 0.220000 0.000000
0.040000 0.230000 0.000000
0.040000 0.240000 0.000000
0.040000 0.250000 0.000000
0.040000 0.260000 0.000000
0.040000 0.270000 0.000000
0.040000 0.280000 0.000000
0.040000 0.290000 0.000000
0.040000 0.300000 0.000000
0.040000 0.310000 0.000000
0.040000 0.320000 0.000000
0.040000 0.330000 0.000000
0.040000 0.340000 0.000000
0.040000 0.350000 0.000000
0.040000 0.360000 0.000000
0.040000 0.370000 0.000000
0.040000 0.380000 0.000000
0.040000 0.390000 0.000000
0.040000 0.400000 0.000000
0.040000 0.410000 0.000000
0.040000 0.420000 0.000000
0.040000 0.430000 0.000000
0.040000 0.440000 0.000000
0.040000 0.450000 0.000000
0.040000 0.460000 0.000000
0.040000 0.470000 0.000000
0.040000 0.480000 0.000000
0.040000 0.490000 0.000000
0.050000 0.000000 0.000000
0.050000 0.010000 -0.087454
0.050000 0.020000 -0.088452
0.050000 0.030000 -0.087171
0.050000 0.040000 0.000000
0.050000 0.050000 0.000000
0.050000 0.060000 0.000000
0.050000 0.070000 0.000000
0.050000 0.080000 0.000000
0.050000 0.090000 0.000000
0.050000 0.100000 0.000000
0.050000 0.110000 -0.001062
0.050000 0.120000 0.000000
0.050000 0.130000 0.000000
0.050000 0.140000 0.000000
0.050000 0.150000 0.000000
0.050000 0.160000 0.000000
0.050000 0.170000 0.000000
0.050000 0.180000 0.000000
0.050000 0.190000 0.000000
0.050000 0.200000 0.000000
0.050000 0.210000 0.000000
0.050000 0.220000 0.000000
0.050000 0.230000 0.000000
0.050000 0.240000 0.000000
0.050000 0.250000 0.000000
0.050000 0.260000 0.000000
0.050000 0.270000 0.000000
0.050000 0.280000 0.000000
0.050000 0.290000 0.000000
0.050000 0.300000 0.000000
0.050000 0.310000 0.000000
0.050000 0.320000 0.000000
0.050000 0.330000 0.000000
0.050000 0.340000 0.000000
0.050000 0.350000 0.000000
0.050000 0.360000 0.000000
0.050000 0.370000 0.000000
0.050000 0.380000 0.000000
0.050000 0.390000 0.000000
0.050000 0.400000 0.000000
0.050000 0.410000 0.000000
0.050000 0.420000 0.000000
0.050000 0.430000 0.000000
0.050000 0.440000 0.000000
0.050000 0.450000 0.000000
0.050000 0.460000 0.000000
0.050000 0.470000 0.000000
0.050000 0.480000 0.000000
0.050000 0.490000 0.000000
0.060000 0.000000 -0.065856
0.060000 0.010000 -0.086932
0.060000 0.020000 0.000000
0.060000 0.030000 -0.087171
0.060000 0.040000 0.000000
0.060000 0.050000 0.000000
0.060000 0.060000 0.000000
0.060000 0.070000 0.000000
0.060000 0.080000 0.000000
0.060000 0.090000 0.000000
0.060000 0.100000 0.000000
0.060000 0.110000 -0.001062
0.060000 0.120000 0.000000
0.060000 0.130000 0.000000
0.060000 0.140000 0.000000
0.060000 0.150000 0.000000
0.060000 0.160000 0.000000
0.060000 0.170000 0.000000
0.060000 0.180000 0.000000
0.060000 0.190000 0.000000
0.060000 0.200000 0.000000
0.060000 0.210000 0.000000
0.060000 0.220000 0.000000
0.060000 0.230000 0.000000
0.060000 0.240000 0.000000
0.060000 0.250000 0.000000
0.060000 0.260000 0.000000
0.060000 0.270000 0.000000
0.060000 0.280000 0.000000
0.060000 0.290000 0.000000
0.060000 0.300000 0.000000
0.060000 0.310000 0.000000
0.060000 0.320000 0.000000
0.060000 0.330000 0.000000
0.060000 0.340000 0.000000
0.060000 0.350000 0.000184
0.060000 0.360000 0.000000
0.060000 0.370000 0.000000
0.060000 0.380000 0.000000
0.060000 0.390000 0.000000
0.060000 0.400000 0.000000
0.060000 0.410000 0.000000
0.060000 0.420000 0.000000
0.060000 0.430000 0.000000
0.060000 0.440000 0.000000
0.060000 0.450000 0.000000
0.060000 0.460000 0.000000
0.060000 0.470000 0.000000
0.060000 0.480000 0.000000
0.060000 0.490000 0.000000
0.070000 0.000000 -0.071845
0.070000 0.010000 -0.081287
0.070000 0.020000 0.000000
0.070000 0.030000 -0.087190
0.070000 0.040000 -0.087075
0.070000 0.050000 0.000000
0.070000 0.060000 0.000000
0.070000 0.070000 0.000000
0.070000 0.080000 0.000000
0.070000 0.090000 0.000000
0.070000 0.100000 0.000000
0.070000 0.110000 0.000000
0.070000 0.120000 0.000000
0.070000 0.130000 0.000000
0.070000 0.140000 0.000000
0.070000 0.150000 0.000000
0.070000 0.160000 0.000000
0.070000 0.170000 0.000000
0.070000 0.180000 0.000000
0.070000 0.190000 0.000000
0.070000 0.200000 0.000000
0.070000 0.210000 0.000000
0.070000 0.220000 0.000000
0.070000 0.230000 0.000000
0.070000 0.240000 0.000000
0.070000 0.250000 0.000000
0.070000 0.260000 0.000000
0.070000 0.270000 0.000000
0.070000 0.280000 0.000000
0.070000 0.290000 0.000000
0.070000 0.300000 0.000000
0.070000 0.310000 0.000000
0.070000 0.320000 0.000171
0.070000 0.330000 -0.000171
0.070000 0.340000 0.000000
0.070000 0.350000 0.000000
0.070000 0.360000 0.000000
0.070000 0.370000 0.000000
0.070000 0.380000 0.000000
0.070000 0.390000 0.000000
0.070000 0.400000 0.000000
0.070000 0.410000 0.000000
0.070000 0.420000 0.000000
0.070000 0.430000 0.000000
0.070000 0.440000 0.000000
0.070000 0.450000 0.000000
0.070000 0.460000 0.000000
0.070000 0.470000 0.000000
0.070000 0.480000 0.000000
0.070000 0.490000 0.000000
0.080000 0.000000 -0.068628
0.080000 0.010000 -0.082041
0.080000 0.020000 0.000000
0.080000 0.030000 0.000000
0.080000 0.040000 0.000000
0.080000 0.050000 0.000023
0.080000 0.060000 0.000000
0.080000 0.070000 0.002384
0.080000 0.080000 0.001651
0.080000 0.090000 0.000000
0.080000 0.100000 0.000000
0.080000 0.110000 0.000000
0.080000 0.120000 0.000000
0.080000 0.130000 0.000000
0.080000 0.140000 0.000000
0.080000 0.150000 -0.010987
0.080000 0.160000 0.000000
0.080000 0.170000 0.000000
0.080000 0.180000 0.000000
0.080000 0.190000 0.000000
0.080000 0.200000 0.000000
0.080000 0.210000 0.000000
0.080000 0.220000 0.000000
0.080000 0.230000 0.000000
0.080000 0.240000 0.000000
0.080000 0.250000 0.000000
0.080000 0.260000 0.000000
0.080000 0.270000 0.000000
0.080000 0.280000 0.000000
0.080000 0.290000 0.000000
0.080000 0.300000 0.000000
0.080000 0.310000 0.000000
0.080000 0.320000 0.000171
0.080000 0.330000 0.000000
0.080000 0.340000 0.000000
0.080000 0.350000 0.000000
0.080000 0.360000 0.000000
0.080000 0.370000 0.000000
0.080000 0.380000 0.000000
0.080000 0.390000 0.000000
0.080000 0.400000 0.000000
0.080000 0.410000 0.000000
0.080000 0.420000 0.000000
0.080000 0.430000 0.000000
0.080000 0.440000 0.000000
0.080000 0.450000 0.000000
0.080000 0.460000 0.000000
0.080000 0.470000 0.000000
0.080000 0.480000 0.000000
0.080000 0.490000 0.000000
0.090000 0.000000 -0.072612
0.090000 0.010000 -0.076024
0.090000 0.020000 0.000000
0.090000 0.030000 0.000000
0.090000 0.040000 0.000651
0.090000 0.050000 0.000000
0.090000 0.060000 0.000000
0.090000 0.070000 0.000000
0.090000 0.080000 0.000043
0.090000 0.090000 -0.000444
0.090000 0.100000 -0.000768
0.090000 0.110000 0.000000
0.090000 0.120000 0.000000
0.090000 0.130000 -0.010417
0.090000 0.140000 -0.010912
0.090000 0.150000 -0.010987
0.090000 0.160000 0.000000
0.090000 0.170000 0.000000
0.090000 0.180000 0.000239
0.090000 0.190000 0.000000
0.090000 0.200000 0.000000
0.090000 0.210000 0.000000
0.090000 0.220000 0.000000
0.090000 0.230000 0.000000
0.090000 0.240000 0.000000
0.090000 0.250000 0.000000
0.090000 0.260000 0.000000
0.090000 0.270000 0.000000
0.090000 0.280000 0.000000
0.090000 0.290000 0.000000
0.090000 0.300000 0.000000
0.090000 0.310000 0.000000
0.090000 0.320000 0.000000
0.090000 0.330000 -0.000124
0.090000 0.340000 0.000000
0.090000 0.350000 -0.004559
0.090000 0.360000 -0.002177
0.090000 0.370000 0.002942
0.090000 0.380000 0.000000
0.090000 0.390000 0.000000
0.090000 0.400000 0.000000
0.090000 0.410000 0.000000
0.090000 0.420000 0.000000
0.090000 0.430000 0.000000
0.090000 0.440000 0.000000
0.090000 0.450000 0.000000
0.090000 0.460000 0.000000
0.090000 0.470000 0.000000
0.090000 0.480000 0.000000
0.090000 0.490000 0.000000
0.100000 0.000000 -0.074410
0.100000 0.010000 -0.076038
0.100000 0.020000 -0.076485
0.100000 0.030000 0.000000
0.100000 0.040000 0.000000
0.100000 0.050000 0.000000
0.100000 0.060000 0.000000
0.100000 0.070000 0.000000
0.100000 0.080000 0.000000
0.100000 0.090000 0.000000
0.100000 0.100000 -0.000482
0.100000 0.110000 0.000000
0.100000 0.120000 0.000000
0.100000 0.130000 0.000000
0.100000 0.140000 -0.012833
0.100000 0.150000 0.000000
0.100000 0.160000 0.000000
0.100000 0.170000 0.000000
0.100000 0.180000 0.000139
0.100000 0.190000 0.000000
0.100000 0.200000 0.000268
0.100000 0.210000 0.000059
0.100000 0.220000 -0.000537
0.100000 0.230000 0.000000
0.100000 0.240000 0.000000
0.100000 0.250000 0.000000
0.100000 0.260000 0.000000
0.100000 0.270000 0.000000
0.100000 0.280000 0.000000
0.100000 0.290000 0.000000
0.100000 0.300000 0.000000
0.100000 0.310000 -0.002563
0.100000 0.320000 0.000248
0.100000 0.330000 -0.000124
0.100000 0.340000 0.000000
0.100000 0.350000 0.000000
0.100000 0.360000 0.000000
0.100000 0.370000 0.000000
0.100000 0.380000 0.000000
0.100000 0.390000 0.000000
0.100000 0.400000 0.000000
0.100000 0.410000 0.000000
0.100000 0.420000 0.000000
0.100000 0.430000 0.000000
0.100000 0.440000 0.000000
0.100000 0.450000 0.000000
0.100000 0.460000 0.000000
0.100000 0.470000 0.000000
0.100000 0.480000 0.000000
0.100000 0.490000 0.000000
0.110000 0.000000 -0.072498
0.110000 0.010000 -0.075252
0.110000 0.020000 -0.076759
0.110000 0.030000 0.000000
0.110000 0.040000 0.000000
0.110000 0.050000 0.000000
0.110000 0.060000 0.000000
0.110000 0.070000 0.000000
0.110000 0.080000 0.000000
0.110000 0.090000 0.000000
0.110000 0.100000 0.000000
0.110000 0.110000 -0.012670
0.110000 0.120000 0.000000
0.110000 0.130000 0.000000
0.110000 0.140000 -0.013608
0.110000 0.150000 -0.013850
0.110000 0.160000 0.000000
0.110000 0.170000 0.000000
0.110000 0.180000 -0.000139
0.110000 0.190000 0.000000
0.110000 0.200000 0.000203
0.110000 0.210000 -0.000100
0.110000 0.220000 0.000000
0.110000 0.230000 0.000694
0.110000 0.240000 0.002032
0.110000 0.250000 0.000000
0.110000 0.260000 0.000000
0.110000 0.270000 0.000000
0.110000 0.280000 0.000395
0.110000 0.290000 0.000000
0.110000 0.300000 0.000000
0.110000 0.310000 0.000000
0.110000 0.320000 0.000000
0.110000 0.330000 0.000000
0.110000 0.340000 0.000000
0.110000 0.350000 0.000000
0.110000 0.360000 0.000000
0.110000 0.370000 0.000000
0.110000 0.380000 0.000000
0.110000 0.390000 0.000000
0.110000 0.400000 0.000000
0.110000 0.410000 0.000000
0.110000 0.420000 0.000000
0.110000 0.430000 0.000000
0.110000 0.440000 0.000000
0.110000 0.450000 0.000000
0.110000 0.460000 0.000000
0.110000 0.470000 0.000000
0.110000 0.480000 0.000000
0.110000 0.490000 0.000000
0.120000 0.000000 -0.075502
0.120000 0.010000 -0.077150
0.120000 0.020000 -0.078879
0.120000 0.030000 0.000000
0.120000 0.040000 0.000000
0.120000 0.050000 0.000000
0.120000 0.060000 0.000000
0.120000 0.070000 0.000000
0.120000 0.080000 0.000000
0.120000 0.090000 0.000000
0.120000 0.100000 0.000000
0.120000 0.110000 -0.012639
0.120000 0.120000 -0.012895
0.120000 0.130000 -0.013148
0.120000 0.140000 -0.013554
0.120000 0.150000 -0.013870
0.120000 0.160000 0.000000
0.120000 0.170000 0.000000
0.120000 0.180000 0.000000
0.120000 0.190000 0.001095
0.120000 0.200000 0.000097
0.120000 0.210000 0.000000
0.120000 0.220000 0.000000
0.120000 0.230000 0.000000
0.120000 0.240000 0.001611
0.120000 0.250000 0.001664
0.120000 0.260000 0.000000
0.120000 0.270000 0.000000
0.120000 0.280000 0.000000
0.120000 0.290000 0.000000
0.120000 0.300000 0.000000
0.120000 0.310000 0.000000
0.120000 0.320000 0.000000
0.120000 0.330000 0.000000
0.120000 0.340000 0.000000
0.120000 0.350000 0.000000
0.120000 0.360000 0.000000
0.120000 0.370000 0.000000
0.120000 0.380000 0.000000
0.120000 0.390000 0.000000
0.120000 0.400000 0.000000
0.120000 0.410000 0.000000
0.120000 0.420000 0.000000
0.120000 0.430000 0.000000
0.120000 0.440000 0.000000
0.120000 0.450000 0.000000
0.120000 0.460000 0.000000
0.120000 0.470000 0.000000
0.120000 0.480000 0.000000
0.120000 0.490000 0.000000
0.130000 0.000000 -0.077073
0.130000 0.010000 -0.079337
0.130000 0.020000 -0.079934
0.130000 0.030000 -0.081154
0.130000 0.040000 -0.084707
0.130000 0.050000 -0.086605
0.130000 0.060000 0.000000
0.130000 0.070000 0.000000
0.130000 0.080000 0.000000
0.130000 0.090000 0.000000
0.130000 0.100000 0.000000
0.130000 0.110000 0.000000
0.130000 0.120000 0.000000
0.130000 0.130000 -0.013115
0.130000 0.140000 0.000000
0.130000 0.150000 0.000000
0.130000 0.160000 0.000000
0.130000 0.170000 0.000000
0.130000 0.180000 -0.019483
0.130000 0.190000 0.000000
0.130000 0.200000 0.000000
0.130000 0.210000 0.000000
0.130000 0.220000 0.000014
0.130000 0.230000 -0.000879
0.130000 0.240000 0.001081
0.130000 0.250000 0.002194
0.130000 0.260000 0.000000
0.130000 0.270000 0.000000
0.130000 0.280000 0.000000
0.130000 0.290000 -0.000000
0.130000 0.300000 0.000000
0.130000 0.310000 0.000000
0.130000 0.320000 0.000000
0.130000 0.330000 -0.000225
0.130000 0.340000 0.000225
0.130000 0.350000 0.000000
0.130000 0.360000 0.000000
0.130000 0.370000 0.000000
0.130000 0.380000 0.000000
0.130000 0.390000 0.000000
0.130000 0.400000 0.000000
0.130000 0.410000 0.000000
0.130000 0.420000 0.000000
0.130000 0.430000 0.000000
0.130000 0.440000 0.000000
0.130000 0.450000 0.000000
0.130000 0.460000 0.000000
0.130000 0.470000 0.000000
0.130000 0.480000 0.000000
0.130000 0.490000 0.000000
0.140000 0.000000 -0.079703
0.140000 0.010000 -0.080781
0.140000 0.020000 -0.080578
0.140000 0.030000 -0.079157
0.140000 0.040000 -0.081843
0.140000 0.050000 0.000000
0.140000 0.060000 0.000000
0.140000 0.070000 0.000000
0.140000 0.080000 0.000000
0.140000 0.090000 -0.000003
0.140000 0.100000 0.000000
0.140000 0.110000 0.000000
0.140000 0.120000 0.000000
0.140000 0.130000 0.000000
0.140000 0.140000 0.000000
0.140000 0.150000 0.000000
0.140000 0.160000 0.000000
0.140000 0.170000 0.000000
0.140000 0.180000 -0.019548
0.140000 0.190000 0.000000
0.140000 0.200000 0.000000
0.140000 0.210000 0.000000
0.140000 0.220000 -0.000683
0.140000 0.230000 0.000000
0.140000 0.240000 0.001460
0.140000 0.250000 0.001816
0.140000 0.260000 0.001466
0.140000 0.270000 0.000000
0.140000 0.280000 0.000000
0.140000 0.290000 0.000000
0.140000 0.300000 0.000000
0.140000 0.310000 0.000000
0.140000 0.320000 0.000000
0.140000 0.330000 -0.000225
0.140000 0.340000 0.000000
0.140000 0.350000 0.000000
0.140000 0.360000 0.000000
0.140000 0.370000 0.000000
0.140000 0.380000 0.000000
0.140000 0.390000 0.000000
0.140000 0.400000 0.000000
0.140000 0.410000 0.000000
0.140000 0.420000 0.000000
0.140000 0.430000 0.000000
0.140000 0.440000 0.000000
0.140000 0.450000 0.000000
0.140000 0.460000 0.000000
0.140000 0.470000 0.000000
0.140000 0.480000 0.000000
0.140000 0.490000 0.000000
0.150000 0.000000 -0.079037
0.150000 0.010000 -0.082164
0.150000 0.020000 -0.083346
0.150000 0.030000 0.000000
0.150000 0.040000 -0.082097
0.150000 0.050000 -0.082227
0.150000 0.060000 0.000000
0.150000 0.070000 0.000000
0.150000 0.080000 0.000000
0.150000 0.090000 0.000000
0.150000 0.100000 0.000000
0.150000 0.110000 0.000000
0.150000 0.120000 0.000000
0.150000 0.130000 0.000000
0.150000 0.140000 0.000000
0.150000 0.150000 0.000000
0.150000 0.160000 0.000000
0.150000 0.170000 0.000000
0.150000 0.180000 0.000000
0.150000 0.190000 0.000000
0.150000 0.200000 0.000000
0.150000 0.210000 0.000000
0.150000 0.220000 -0.001419
0.150000 0.230000 0.000000
0.150000 0.240000 0.001523
0.150000 0.250000 0.000000
0.150000 0.260000 0.000000
0.150000 0.270000 0.000000
0.150000 0.280000 0.000000
0.150000 0.290000 0.000000
0.150000 0.300000 0.000000
0.150000 0.310000 0.000000
0.150000 0.320000 0.000000
0.150000 0.330000 0.000000
0.150000 0.340000 0.000000
0.150000 0.350000 0.000000
0.150000 0.360000 0.000000
0.150000 0.370000 0.000000
0.150000 0.380000 0.000000
0.150000 0.390000 0.000000
0.150000 0.400000 0.000000
0.150000 0.410000 0.000000
0.150000 0.420000 0.000000
0.150000 0.430000 0.000000
0.150000 0.440000 0.000000
0.150000 0.450000 0.000000
0.150000 0.460000 0.000000
0.150000 0.470000 0.000000
0.150000 0.480000 0.000000
0.150000 0.490000 0.000000
0.160000 0.000000 -0.079494
0.160000 0.010000 -0.084256
0.160000 0.020000 -0.084118
0.160000 0.030000 -0.084114
0.160000 0.040000 -0.084140
0.160000 0.050000 0.000000
0.160000 0.060000 0.000000
0.160000 0.070000 0.000000
0.160000 0.080000 0.000000
0.160000 0.090000 0.000000
0.160000 0.100000 0.000000
0.160000 0.110000 0.000000
0.160000 0.120000 0.000000
0.160000 0.130000 0.000000
0.160000 0.140000 0.000000
0.160000 0.150000 0.000000
0.160000 0.160000 0.000000
0.160000 0.170000 0.000000
0.160000 0.180000 0.000000
0.160000 0.190000 0.000000
0.160000 0.200000 0.000000
0.160000 0.210000 0.000000
0.160000 0.220000 -0.001419
0.160000 0.230000 -0.001702
0.160000 0.240000 0.000000
0.160000 0.250000 -0.002774
0.160000 0.260000 -0.002995
0.160000 0.270000 -0.003142
0.160000 0.280000 0.000000
0.160000 0.290000 0.000000
0.160000 0.300000 0.000000
0.160000 0.310000 0.000000
0.160000 0.320000 0.000000
0.160000 0.330000 0.000000
0.160000 0.340000 0.000000
0.160000 0.350000 0.000000
0.160000 0.360000 0.000000
0.160000 0.370000 0.000000
0.160000 0.380000 0.000000
0.160000 0.390000 0.000000
0.160000 0.400000 0.000000
0.160000 0.410000 0.000000
0.160000 0.420000 0.000000
0.160000 0.430000 0.000000
0.160000 0.440000 0.000000
0.160000 0.450000 0.000000
0.160000 0.460000 0.000000
0.160000 0.470000 0.000000
0.160000 0.480000 0.000000
0.160000 0.490000 0.000000
0.170000 0.000000 -0.078653
0.170000 0.010000 -0.083823
0.170000 0.020000 -0.084786
0.170000 0.030000 -0.086004
0.170000 0.040000 -0.086082
0.170000 0.050000 -0.086732
0.170000 0.060000 0.000000
0.170000 0.070000 0.000000
0.170000 0.080000 -0.091026
0.170000 0.090000 -0.091515
0.170000 0.100000 0.000000
0.170000 0.110000 -0.095402
0.170000 0.120000 0.000000
0.170000 0.130000 0.000000
0.170000 0.140000 0.007726
0.170000 0.150000 0.000000
0.170000 0.160000 0.000000
0.170000 0.170000 0.000000
0.170000 0.180000 0.003415
0.170000 0.190000 0.000000
0.170000 0.200000 0.000000
0.170000 0.210000 0.000000
0.170000 0.220000 0.000000
0.170000 0.230000 -0.001772
0.170000 0.240000 -0.002636
0.170000 0.250000 -0.002491
0.170000 0.260000 0.000000
0.170000 0.270000 0.000000
0.170000 0.280000 0.000000
0.170000 0.290000 0.000000
0.170000 0.300000 0.000000
0.170000 0.310000 0.000000
0.170000 0.320000 0.000000
0.170000 0.330000 0.000000
0.170000 0.340000 0.000000
0.170000 0.350000 0.000000
0.170000 0.360000 0.000000
0.170000 0.370000 0.000000
0.170000 0.380000 0.000000
0.170000 0.390000 0.000000
0.170000 0.400000 0.000000
0.170000 0.410000 0.000000
0.170000 0.420000 0.000000
0.170000 0.430000 0.000000
0.170000 0.440000 0.000000
0.170000 0.450000 0.000000
0.170000 0.460000 0.000000
0.170000 0.470000 0.000000
0.170000 0.480000 0.000000
0.170000 0.490000 0.000000
0.180000 0.000000 -0.077905
0.180000 0.010000 -0.084731
0.180000 0.020000 -0.085315
0.180000 0.030000 -0.087017
0.180000 0.040000 -0.088549
0.180000 0.050000 -0.088759
0.180000 0.060000 -0.090251
0.180000 0.070000 -0.090642
0.180000 0.080000 -0.091810
0.180000 0.090000 -0.092332
0.180000 0.100000 0.000000
0.180000 0.110000 -0.095339
0.180000 0.120000 0.000000
0.180000 0.130000 0.000000
0.180000 0.140000 0.007718
0.180000 0.150000 0.007494
0.180000 0.160000 0.000000
0.180000 0.170000 0.000000
0.180000 0.180000 0.003716
0.180000 0.190000 0.000000
0.180000 0.200000 0.000000
0.180000 0.210000 0.000000
0.180000 0.220000 0.000000
0.180000 0.230000 0.000000
0.180000 0.240000 0.000000
0.180000 0.250000 0.000000
0.180000 0.260000 0.000000
0.180000 0.270000 0.000000
0.180000 0.280000 0.000000
0.180000 0.290000 0.000000
0.180000 0.300000 0.000000
0.180000 0.310000 0.000000
0.180000 0.320000 0.000000
0.180000 0.330000 0.000000
0.180000 0.340000 0.000000
0.180000 0.350000 0.000000
0.180000 0.360000 0.000000
0.180000 0.370000 0.000000
0.180000 0.380000 0.000000
0.180000 0.390000 0.000000
0.180000 0.400000 0.000000
0.180000 0.410000 0.000000
0.180000 0.420000 0.000000
0.180000 0.430000 0.000000
0.180000 0.440000 0.000000
0.180000 0.450000 0.000000
0.180000 0.460000 0.000000
0.180000 0.470000 0.000000
0.180000 0.480000 0.000000
0.180000 0.490000 0.000000
0.190000 0.000000 -0.076425
0.190000 0.010000 -0.084835
0.190000 0.020000 -0.087448
0.190000 0.030000 -0.087475
0.190000 0.040000 -0.089240
0.190000 0.050000 -0.089306
0.190000 0.060000 -0.091158
0.190000 0.070000 -0.091470
0.190000 0.080000 -0.092344
0.190000 0.090000 -0.092800
0.190000 0.100000 -0.094948
0.190000 0.110000 -0.095315
0.190000 0.120000 0.000000
0.190000 0.130000 -0.095529
0.190000 0.140000 0.000000
0.190000 0.150000 0.000000
0.190000 0.160000 0.000000
0.190000 0.170000 0.004220
0.190000 0.180000 0.003691
0.190000 0.190000 0.000000
0.190000 0.200000 0.000000
0.190000 0.210000 0.000000
0.190000 0.220000 0.000000
0.190000 0.230000 0.000000
0.190000 0.240000 0.001151
0.190000 0.250000 0.000602
0.190000 0.260000 0.000000
0.190000 0.270000 0.000000
0.190000 0.280000 0.000000
0.190000 0.290000 0.000000
0.190000 0.300000 0.000000
0.190000 0.310000 0.000000
0.190000 0.320000 0.000000
0.190000 0.330000 0.000000
0.190000 0.340000 0.000000
0.190000 0.350000 0.000000
0.190000 0.360000 0.000000
0.190000 0.370000 0.000000
0.190000 0.380000 0.000000
0.190000 0.390000 0.000000
0.190000 0.400000 0.000000
0.190000 0.410000 0.000000
0.190000 0.420000 0.000000
0.190000 0.430000 0.000000
0.190000 0.440000 0.000000
0.190000 0.450000 0.000000
0.190000 0.460000 0.000000
0.190000 0.470000 0.000000
0.190000 0.480000 0.000000
0.190000 0.490000 0.000000
0.200000 0.000000 -0.072208
0.200000 0.010000 -0.085289
0.200000 0.020000 -0.091130
0.200000 0.030000 0.000000
0.200000 0.040000 0.000000
0.200000 0.050000 -0.090754
0.200000 0.060000 -0.091652
0.200000 0.070000 0.000000
0.200000 0.080000 -0.091554
0.200000 0.090000 -0.092313
0.200000 0.100000 0.000000
0.200000 0.110000 -0.095626
0.200000 0.120000 -0.095781
0.200000 0.130000 -0.095862
0.200000 0.140000 0.000000
0.200000 0.150000 0.000000
0.200000 0.160000 0.000000
0.200000 0.170000 0.000000
0.200000 0.180000 0.003655
0.200000 0.190000 0.003549
0.200000 0.200000 0.000000
0.200000 0.210000 0.000000
0.200000 0.220000 0.002745
0.200000 0.230000 0.002317
0.200000 0.240000 0.000000
0.200000 0.250000 0.000634
0.200000 0.260000 0.000000
0.200000 0.270000 0.000000
0.200000 0.280000 0.000000
0.200000 0.290000 0.000000
0.200000 0.300000 0.000000
0.200000 0.310000 0.000000
0.200000 0.320000 0.000000
0.200000 0.330000 0.000000
0.200000 0.340000 0.000000
0.200000 0.350000 0.000000
0.200000 0.360000 0.000000
0.200000 0.370000 0.000000
0.200000 0.380000 0.000000
0.200000 0.390000 0.000000
0.200000 0.400000 0.000000
0.200000 0.410000 0.000000
0.200000 0.420000 0.000000
0.200000 0.430000 0.000000
0.200000 0.440000 0.000000
0.200000 0.450000 0.000000
0.200000 0.460000 0.000000
0.200000 0.470000 0.000000
0.200000 0.480000 0.000000
0.200000 0.490000 0.000000
0.210000 0.000000 -0.055491
0.210000 0.010000 -0.091669
0.210000 0.020000 -0.099211
0.210000 0.030000 -0.100338
0.210000 0.040000 0.000000
0.210000 0.050000 0.000000
0.210000 0.060000 0.000000
0.210000 0.070000 0.000000
0.210000 0.080000 0.000000
0.210000 0.090000 -0.092253
0.210000 0.100000 -0.092666
0.210000 0.110000 0.000000
0.210000 0.120000 0.000000
0.210000 0.130000 0.000000
0.210000 0.140000 0.000000
0.210000 0.150000 0.000000
0.210000 0.160000 0.000000
0.210000 0.170000 0.000000
0.210000 0.180000 0.000000
0.210000 0.190000 0.003689
0.210000 0.200000 0.003106
0.210000 0.210000 0.000000
0.210000 0.220000 0.002457
0.210000 0.230000 0.002132
0.210000 0.240000 0.000000
0.210000 0.250000 0.000692
0.210000 0.260000 0.000225
0.210000 0.270000 0.000104
0.210000 0.280000 -0.000102
0.210000 0.290000 0.000000
0.210000 0.300000 0.000000
0.210000 0.310000 0.000000
0.210000 0.320000 0.000000
0.210000 0.330000 0.000000
0.210000 0.340000 0.000000
0.210000 0.350000 0.000000
0.210000 0.360000 0.000000
0.210000 0.370000 0.000000
0.210000 0.380000 0.000000
0.210000 0.390000 0.000000
0.210000 0.400000 0.000000
0.210000 0.410000 0.000000
0.210000 0.420000 0.000000
0.210000 0.430000 0.000000
0.210000 0.440000 0.000000
0.210000 0.450000 0.000000
0.210000 0.460000 0.000000
0.210000 0.470000 0.000000
0.210000 0.480000 0.000000
0.210000 0.490000 0.000000
0.220000 0.000000 -0.006319
0.220000 0.010000 -0.125616
0.220000 0.020000 -0.114580
0.220000 0.030000 0.000000
0.220000 0.040000 -0.002266
0.220000 0.050000 -0.004615
0.220000 0.060000 -0.004803
0.220000 0.070000 -0.005509
0.220000 0.080000 -0.005731
0.220000 0.090000 0.000000
0.220000 0.100000 -0.093241
0.220000 0.110000 -0.093464
0.220000 0.120000 -0.093815
0.220000 0.130000 0.000000
0.220000 0.140000 0.000000
0.220000 0.150000 0.000000
0.220000 0.160000 -0.006729
0.220000 0.170000 0.000000
0.220000 0.180000 0.000000
0.220000 0.190000 0.000000
0.220000 0.200000 0.002945
0.220000 0.210000 0.002407
0.220000 0.220000 0.000000
0.220000 0.230000 0.001694
0.220000 0.240000 0.000000
0.220000 0.250000 0.000000
0.220000 0.260000 0.000060
0.220000 0.270000 0.001164
0.220000 0.280000 0.000467
0.220000 0.290000 0.000296
0.220000 0.300000 0.000137
0.220000 0.310000 0.000000
0.220000 0.320000 0.000000
0.220000 0.330000 0.000000
0.220000 0.340000 0.000000
0.220000 0.350000 0.000000
0.220000 0.360000 0.000000
0.220000 0.370000 0.000000
0.220000 0.380000 0.000000
0.220000 0.390000 0.000000
0.220000 0.400000 0.000000
0.220000 0.410000 0.000000
0.220000 0.420000 0.000000
0.220000 0.430000 0.000000
0.220000 0.440000 0.000000
0.220000 0.450000 0.000000
0.220000 0.460000 0.000000
0.220000 0.470000 0.000000
0.220000 0.480000 0.000000
0.220000 0.490000 0.000000
0.230000 0.000000 0.155880
0.230000 0.010000 -0.118869
0.230000 0.020000 0.000000
0.230000 0.030000 0.000000
0.230000 0.040000 0.000000
0.230000 0.050000 -0.005210
0.230000 0.060000 -0.005200
0.230000 0.070000 0.000000
0.230000 0.080000 0.000000
0.230000 0.090000 0.009223
0.230000 0.100000 0.000000
0.230000 0.110000 -0.092140
0.230000 0.120000 0.000000
0.230000 0.130000 -0.004567
0.230000 0.140000 0.000000
0.230000 0.150000 -0.007418
0.230000 0.160000 -0.006748
0.230000 0.170000 -0.006956
0.230000 0.180000 0.000000
0.230000 0.190000 0.000000
0.230000 0.200000 0.000000
0.230000 0.210000 0.002339
0.230000 0.220000 0.002128
0.230000 0.230000 0.001694
0.230000 0.240000 0.000000
0.230000 0.250000 0.000000
0.230000 0.260000 0.000000
0.230000 0.270000 0.001013
0.230000 0.280000 0.000646
0.230000 0.290000 0.000309
0.230000 0.300000 -0.000015
0.230000 0.310000 0.000000
0.230000 0.320000 0.000000
0.230000 0.330000 0.000000
0.230000 0.340000 0.000000
0.230000 0.350000 0.000000
0.230000 0.360000 0.000000
0.230000 0.370000 0.000000
0.230000 0.380000 0.000000
0.230000 0.390000 0.000000
0.230000 0.400000 0.000000
0.230000 0.410000 0.000000
0.230000 0.420000 0.000000
0.230000 0.430000 0.000000
0.230000 0.440000 0.000000
0.230000 0.450000 0.000000
0.230000 0.460000 0.000000
0.230000 0.470000 0.000000
0.230000 0.480000 0.000000
0.230000 0.490000 0.000000
0.240000 0.000000 0.060956
0.240000 0.010000 -0.021600
0.240000 0.020000 -0.010243
0.240000 0.030000 -0.008186
0.240000 0.040000 -0.006669
0.240000 0.050000 -0.006116
0.240000 0.060000 0.000000
0.240000 0.070000 0.000000
0.240000 0.080000 0.009649
0.240000 0.090000 0.009223
0.240000 0.100000 0.000000
0.240000 0.110000 0.000000
0.240000 0.120000 0.000000
0.240000 0.130000 -0.004979
0.240000 0.140000 0.000000
0.240000 0.150000 -0.006249
0.240000 0.160000 -0.006809
0.240000 0.170000 0.000000
0.240000 0.180000 0.000000
0.240000 0.190000 0.000000
0.240000 0.200000 0.002662
0.240000 0.210000 0.002367
0.240000 0.220000 0.002020
0.240000 0.230000 0.001774
0.240000 0.240000 0.001479
0.240000 0.250000 0.000000
0.240000 0.260000 0.000000
0.240000 0.270000 0.000855
0.240000 0.280000 0.000576
0.240000 0.290000 0.000297
0.240000 0.300000 0.000000
0.240000 0.310000 -0.001093
0.240000 0.320000 0.000688
0.240000 0.330000 0.000285
0.240000 0.340000 0.000224
0.240000 0.350000 0.000397
0.240000 0.360000 0.000000
0.240000 0.370000 0.000000
0.240000 0.380000 0.000000
0.240000 0.390000 0.000000
0.240000 0.400000 0.000000
0.240000 0.410000 0.000000
0.240000 0.420000 0.000000
0.240000 0.430000 0.000000
0.240000 0.440000 0.000000
0.240000 0.450000 0.000000
0.240000 0.460000 0.000000
0.240000 0.470000 0.000000
0.240000 0.480000 0.000000
0.240000 0.490000 0.000000
0.250000 0.000000 0.036970
0.250000 0.010000 -0.001523
0.250000 0.020000 -0.005584
0.250000 0.030000 -0.007403
0.250000 0.040000 -0.007316
0.250000 0.050000 0.000000
0.250000 0.060000 0.000000
0.250000 0.070000 0.000000
0.250000 0.080000 0.000000
0.250000 0.090000 0.000000
0.250000 0.100000 0.000531
0.250000 0.110000 -0.000247
0.250000 0.120000 0.000000
0.250000 0.130000 -0.005017
0.250000 0.140000 0.000000
0.250000 0.150000 -0.004804
0.250000 0.160000 -0.005991
0.250000 0.170000 -0.006668
0.250000 0.180000 0.000000
0.250000 0.190000 0.000000
0.250000 0.200000 0.000000
0.250000 0.210000 0.000000
0.250000 0.220000 0.001980
0.250000 0.230000 0.001814
0.250000 0.240000 0.000000
0.250000 0.250000 0.000000
0.250000 0.260000 0.000000
0.250000 0.270000 0.000000
0.250000 0.280000 0.000000
0.250000 0.290000 0.000297
0.250000 0.300000 -0.000015
0.250000 0.310000 0.000000
0.250000 0.320000 0.000000
0.250000 0.330000 0.000385
0.250000 0.340000 0.000108
0.250000 0.350000 0.000000
0.250000 0.360000 0.000000
0.250000 0.370000 0.000000
0.250000 0.380000 0.000000
0.250000 0.390000 0.000000
0.250000 0.400000 0.000000
0.250000 0.410000 0.000000
0.250000 0.420000 0.000000
0.250000 0.430000 0.000000
0.250000 0.440000 0.000000
0.250000 0.450000 0.000000
0.250000 0.460000 0.000000
0.250000 0.470000 0.000000
0.250000 0.480000 0.000000
0.250000 0.490000 0.000000
0.260000 0.000000 0.026079
0.260000 0.010000 0.005051
0.260000 0.020000 -0.001933
0.260000 0.030000 -0.005212
0.260000 0.040000 0.000000
0.260000 0.050000 0.000000
0.260000 0.060000 0.000000
0.260000 0.070000 0.000000
0.260000 0.080000 0.000000
0.260000 0.090000 -0.000009
0.260000 0.100000 -0.000364
0.260000 0.110000 -0.000732
0.260000 0.120000 0.000000
0.260000 0.130000 -0.005091
0.260000 0.140000 -0.005580
0.260000 0.150000 0.000000
0.260000 0.160000 -0.006306
0.260000 0.170000 -0.006803
0.260000 0.180000 0.000000
0.260000 0.190000 0.000000
0.260000 0.200000 0.000000
0.260000 0.210000 0.000000
0.260000 0.220000 0.000000
0.260000 0.230000 0.000000
0.260000 0.240000 0.000000
0.260000 0.250000 0.000000
0.260000 0.260000 0.000000
0.260000 0.270000 -0.002066
0.260000 0.280000 0.000000
0.260000 0.290000 0.000000
0.260000 0.300000 -0.000058
0.260000 0.310000 0.000000
0.260000 0.320000 0.000000
0.260000 0.330000 0.000000
0.260000 0.340000 0.000000
0.260000 0.350000 0.000000
0.260000 0.360000 0.000000
0.260000 0.370000 0.000000
0.260000 0.380000 0.000000
0.260000 0.390000 0.000000
0.260000 0.400000 0.000000
0.260000 0.410000 0.000000
0.260000 0.420000 0.000000
0.260000 0.430000 0.000000
0.260000 0.440000 0.000000
0.260000 0.450000 0.000000
0.260000 0.460000 0.000000
0.260000 0.470000 0.000000
0.260000 0.480000 0.000000
0.260000 0.490000 0.000000
0.270000 0.000000 0.000000
0.270000 0.010000 0.005859
0.270000 0.020000 0.000000
0.270000 0.030000 0.000000
0.270000 0.040000 0.000000
0.270000 0.050000 0.000000
0.270000 0.060000 0.000000
0.270000 0.070000 0.000000
0.270000 0.080000 0.000000
0.270000 0.090000 0.000067
0.270000 0.100000 -0.000842
0.270000 0.110000 0.000000
0.270000 0.120000 -0.004561
0.270000 0.130000 -0.005210
0.270000 0.140000 -0.005557
0.270000 0.150000 0.000000
0.270000 0.160000 -0.006388
0.270000 0.170000 -0.007137
0.270000 0.180000 -0.007168
0.270000 0.190000 0.000000
0.270000 0.200000 0.000000
0.270000 0.210000 0.000000
0.270000 0.220000 -0.005631
0.270000 0.230000 0.000000
0.270000 0.240000 0.000000
0.270000 0.250000 0.000000
0.270000 0.260000 0.000000
0.270000 0.270000 0.000000
0.270000 0.280000 0.000000
0.270000 0.290000 0.000000
0.270000 0.300000 0.000000
0.270000 0.310000 0.000499
0.270000 0.320000 0.000094
0.270000 0.330000 0.000000
0.270000 0.340000 0.000000
0.270000 0.350000 0.000000
0.270000 0.360000 0.000000
0.270000 0.370000 0.000000
0.270000 0.380000 0.000000
0.270000 0.390000 0.000000
0.270000 0.400000 0.000000
0.270000 0.410000 0.000000
0.270000 0.420000 0.000000
0.270000 0.430000 0.000000
0.270000 0.440000 0.000000
0.270000 0.450000 0.000000
0.270000 0.460000 0.000000
0.270000 0.470000 0.000000
0.270000 0.480000 0.000000
0.270000 0.490000 0.000000
0.280000 0.000000 0.006782
0.280000 0.010000 0.005860
0.280000 0.020000 0.005870
0.280000 0.030000 0.004547
0.280000 0.040000 0.003446
0.280000 0.050000 0.000000
0.280000 0.060000 0.000000
0.280000 0.070000 0.000000
0.280000 0.080000 0.000031
0.280000 0.090000 -0.000436
0.280000 0.100000 -0.001225
0.280000 0.110000 -0.002657
0.280000 0.120000 -0.004221
0.280000 0.130000 -0.004948
0.280000 0.140000 -0.005630
0.280000 0.150000 -0.005301
0.280000 0.160000 -0.005791
0.280000 0.170000 -0.005656
0.280000 0.180000 -0.006700
0.280000 0.190000 0.000000
0.280000 0.200000 -0.004626
0.280000 0.210000 -0.005276
0.280000 0.220000 -0.005707
0.280000 0.230000 -0.005822
0.280000 0.240000 0.000000
0.280000 0.250000 0.000000
0.280000 0.260000 0.000000
0.280000 0.270000 0.000000
0.280000 0.280000 0.000000
0.280000 0.290000 0.000000
0.280000 0.300000 0.000000
0.280000 0.310000 0.000000
0.280000 0.320000 0.000000
0.280000 0.330000 0.000000
0.280000 0.340000 0.000000
0.280000 0.350000 0.000000
0.280000 0.360000 0.000000
0.280000 0.370000 0.000000
0.280000 0.380000 0.000000
0.280000 0.390000 0.000000
0.280000 0.400000 0.000000
0.280000 0.410000 0.000000
0.280000 0.420000 0.000000
0.280000 0.430000 0.000000
0.280000 0.440000 0.000000
0.280000 0.450000 0.000000
0.280000 0.460000 0.000000
0.280000 0.470000 0.000000
0.280000 0.480000 0.000000
0.280000 0.490000 0.000000
0.290000 0.000000 0.005944
0.290000 0.010000 0.005116
0.290000 0.020000 0.000000
0.290000 0.030000 0.005945
0.290000 0.040000 0.000000
0.290000 0.050000 0.001956
0.290000 0.060000 0.001454
0.290000 0.070000 0.000588
0.290000 0.080000 0.000000
0.290000 0.090000 -0.000534
0.290000 0.100000 -0.000852
0.290000 0.110000 0.000000
0.290000 0.120000 0.000000
0.290000 0.130000 0.000000
0.290000 0.140000 -0.004206
0.290000 0.150000 -0.005077
0.290000 0.160000 -0.005497
0.290000 0.170000 -0.005259
0.290000 0.180000 -0.005184
0.290000 0.190000 -0.004778
0.290000 0.200000 -0.004776
0.290000 0.210000 -0.005132
0.290000 0.220000 -0.005719
0.290000 0.230000 -0.005775
0.290000 0.240000 0.000000
0.290000 0.250000 0.000000
0.290000 0.260000 0.000000
0.290000 0.270000 0.000000
0.290000 0.280000 0.000000
0.290000 0.290000 0.000000
0.290000 0.300000 0.000000
0.290000 0.310000 0.000000
0.290000 0.320000 0.000000
0.290000 0.330000 0.000000
0.290000 0.340000 0.000000
0.290000 0.350000 0.000000
0.290000 0.360000 0.000000
0.290000 0.370000 0.000000
0.290000 0.380000 0.000000
0.290000 0.390000 0.000000
0.290000 0.400000 0.000000
0.290000 0.410000 0.000293
0.290000 0.420000 0.000000
0.290000 0.430000 0.000000
0.290000 0.440000 0.000000
0.290000 0.450000 0.000000
0.290000 0.460000 0.000000
0.290000 0.470000 0.000000
0.290000 0.480000 0.000000
0.290000 0.490000 0.000000
0.300000 0.000000 0.000000
0.300000 0.010000 0.003965
0.300000 0.020000 0.000000
0.300000 0.030000 0.000000
0.300000 0.040000 0.003075
0.300000 0.050000 0.002204
0.300000 0.060000 0.001359
0.300000 0.070000 0.000634
0.300000 0.080000 0.000216
0.300000 0.090000 -0.000257
0.300000 0.100000 -0.000496
0.300000 0.110000 -0.000671
0.300000 0.120000 0.000000
0.300000 0.130000 -0.001916
0.300000 0.140000 -0.002657
0.300000 0.150000 0.000000
0.300000 0.160000 0.000000
0.300000 0.170000 -0.004351
0.300000 0.180000 -0.003727
0.300000 0.190000 -0.004349
0.300000 0.200000 -0.004777
0.300000 0.210000 -0.005191
0.300000 0.220000 0.000000
0.300000 0.230000 0.000000
0.300000 0.240000 0.000000
0.300000 0.250000 0.000000
0.300000 0.260000 0.000000
0.300000 0.270000 0.000000
0.300000 0.280000 0.000000
0.300000 0.290000 0.000000
0.300000 0.300000 0.000000
0.300000 0.310000 0.000000
0.300000 0.320000 0.000000
0.300000 0.330000 0.000000
0.300000 0.340000 0.000000
0.300000 0.350000 0.000000
0.300000 0.360000 0.000000
0.300000 0.370000 0.000000
0.300000 0.380000 0.000000
0.300000 0.390000 0.000000
0.300000 0.400000 0.000000
0.300000 0.410000 0.000000
0.300000 0.420000 0.000000
0.300000 0.430000 0.000000
0.300000 0.440000 0.000000
0.300000 0.450000 0.000000
0.300000 0.460000 0.000000
0.300000 0.470000 0.000000
0.300000 0.480000 0.000000
0.300000 0.490000 0.000000
0.310000 0.000000 0.000000
0.310000 0.010000 0.002069
0.310000 0.020000 0.001319
0.310000 0.030000 0.001113
0.310000 0.040000 0.000358
0.310000 0.050000 -0.000162
0.310000 0.060000 -0.000797
0.310000 0.070000 -0.001124
0.310000 0.080000 -0.001072
0.310000 0.090000 -0.000683
0.310000 0.100000 -0.000528
0.310000 0.110000 -0.000442
0.310000 0.120000 -0.001392
0.310000 0.130000 -0.001497
0.310000 0.140000 -0.001008
0.310000 0.150000 -0.001567
0.310000 0.160000 -0.002273
0.310000 0.170000 0.000000
0.310000 0.180000 -0.004152
0.310000 0.190000 -0.004780
0.310000 0.200000 -0.004891
0.310000 0.210000 0.000000
0.310000 0.220000 -0.005555
0.310000 0.230000 0.000000
0.310000 0.240000 0.000000
0.310000 0.250000 0.000000
0.310000 0.260000 0.000000
0.310000 0.270000 0.000000
0.310000 0.280000 0.000000
0.310000 0.290000 0.000000
0.310000 0.300000 0.000000
0.310000 0.310000 0.000000
0.310000 0.320000 0.000000
0.310000 0.330000 0.000000
0.310000 0.340000 0.000000
0.310000 0.350000 -0.012524
0.310000 0.360000 -0.012582
0.310000 0.370000 0.000000
0.310000 0.380000 0.000000
0.310000 0.390000 0.000000
0.310000 0.400000 0.000000
0.310000 0.410000 0.000000
0.310000 0.420000 0.000000
0.310000 0.430000 0.000000
0.310000 0.440000 0.000000
0.310000 0.450000 0.000000
0.310000 0.460000 0.000000
0.310000 0.470000 0.000000
0.310000 0.480000 0.000000
0.310000 0.490000 0.000000
0.320000 0.000000 0.011232
0.320000 0.010000 0.000251
0.320000 0.020000 0.000070
0.320000 0.030000 0.000000
0.320000 0.040000 0.000000
0.320000 0.050000 0.000000
0.320000 0.060000 -0.001703
0.320000 0.070000 -0.001750
0.320000 0.080000 -0.001867
0.320000 0.090000 -0.002463
0.320000 0.100000 -0.001931
0.320000 0.110000 0.000000
0.320000 0.120000 -0.001701
0.320000 0.130000 0.000000
0.320000 0.140000 -0.000989
0.320000 0.150000 0.000000
0.320000 0.160000 -0.002454
0.320000 0.170000 -0.002837
0.320000 0.180000 -0.003112
0.320000 0.190000 -0.004325
0.320000 0.200000 0.000000
0.320000 0.210000 -0.004926
0.320000 0.220000 -0.005508
0.320000 0.230000 -0.005717
0.320000 0.240000 0.000000
0.320000 0.250000 0.000000
0.320000 0.260000 0.000000
0.320000 0.270000 0.000000
0.320000 0.280000 0.000000
0.320000 0.290000 0.000000
0.320000 0.300000 -0.012505
0.320000 0.310000 0.000000
0.320000 0.320000 -0.011572
0.320000 0.330000 -0.011653
0.320000 0.340000 -0.011849
0.320000 0.350000 -0.012497
0.320000 0.360000 0.000000
0.320000 0.370000 0.000000
0.320000 0.380000 -0.014013
0.320000 0.390000 -0.014405
0.320000 0.400000 0.000000
0.320000 0.410000 0.000000
0.320000 0.420000 0.000000
0.320000 0.430000 0.000000
0.320000 0.440000 0.000000
0.320000 0.450000 -0.007902
0.320000 0.460000 -0.004663
0.320000 0.470000 -0.003315
0.320000 0.480000 0.000565
0.320000 0.490000 0.003341
0.330000 0.000000 0.021096
0.330000 0.010000 -0.010276
0.330000 0.020000 0.000000
0.330000 0.030000 0.000000
0.330000 0.040000 0.000000
0.330000 0.050000 0.000000
0.330000 0.060000 0.000000
0.330000 0.070000 0.000000
0.330000 0.080000 0.000000
0.330000 0.090000 0.000000
0.330000 0.100000 -0.001349
0.330000 0.110000 -0.001528
0.330000 0.120000 -0.001892
0.330000 0.130000 -0.001711
0.330000 0.140000 -0.001867
0.330000 0.150000 -0.002166
0.330000 0.160000 -0.002484
0.330000 0.170000 -0.002861
0.330000 0.180000 -0.003377
0.330000 0.190000 -0.004012
0.330000 0.200000 -0.004152
0.330000 0.210000 0.000000
0.330000 0.220000 -0.005447
0.330000 0.230000 -0.005801
0.330000 0.240000 -0.006203
0.330000 0.250000 0.000000
0.330000 0.260000 0.000000
0.330000 0.270000 0.000000
0.330000 0.280000 -0.010443
0.330000 0.290000 -0.011601
0.330000 0.300000 -0.012526
0.330000 0.310000 -0.012857
0.330000 0.320000 -0.011771
0.330000 0.330000 -0.011466
0.330000 0.340000 0.000000
0.330000 0.350000 0.000000
0.330000 0.360000 -0.012850
0.330000 0.370000 -0.013209
0.330000 0.380000 -0.013826
0.330000 0.390000 -0.014268
0.330000 0.400000 0.000000
0.330000 0.410000 -0.001004
0.330000 0.420000 0.000000
0.330000 0.430000 0.000000
0.330000 0.440000 0.000000
0.330000 0.450000 0.000000
0.330000 0.460000 -0.004663
0.330000 0.470000 0.000000
0.330000 0.480000 0.000000
0.330000 0.490000 0.003198
0.340000 0.000000 0.000000
0.340000 0.010000 0.000000
0.340000 0.020000 0.000000
0.340000 0.030000 0.000000
0.340000 0.040000 0.000000
0.340000 0.050000 0.000000
0.340000 0.060000 0.000000
0.340000 0.070000 0.000000
0.340000 0.080000 0.000000
0.340000 0.090000 0.000000
0.340000 0.100000 0.000000
0.340000 0.110000 0.000000
0.340000 0.120000 -0.001561
0.340000 0.130000 -0.001958
0.340000 0.140000 -0.002415
0.340000 0.150000 -0.002871
0.340000 0.160000 -0.003536
0.340000 0.170000 -0.003777
0.340000 0.180000 -0.004008
0.340000 0.190000 0.000000
0.340000 0.200000 -0.004186
0.340000 0.210000 -0.004703
0.340000 0.220000 -0.005318
0.340000 0.230000 -0.005607
0.340000 0.240000 -0.006214
0.340000 0.250000 -0.006859
0.340000 0.260000 -0.007436
0.340000 0.270000 0.000000
0.340000 0.280000 -0.009812
0.340000 0.290000 0.000000
0.340000 0.300000 0.000000
0.340000 0.310000 0.000000
0.340000 0.320000 -0.010632
0.340000 0.330000 -0.010467
0.340000 0.340000 -0.011116
0.340000 0.350000 -0.011925
0.340000 0.360000 -0.012683
0.340000 0.370000 -0.013199
0.340000 0.380000 -0.013654
0.340000 0.390000 -0.013990
0.340000 0.400000 0.000000
0.340000 0.410000 0.000000
0.340000 0.420000 0.000000
0.340000 0.430000 0.000000
0.340000 0.440000 0.000000
0.340000 0.450000 0.000000
0.340000 0.460000 0.000000
0.340000 0.470000 0.000000
0.340000 0.480000 0.000000
0.340000 0.490000 0.003198
0.350000 0.000000 -0.000313
0.350000 0.010000 -0.001528
0.350000 0.020000 0.000000
0.350000 0.030000 0.000000
0.350000 0.040000 0.000000
0.350000 0.050000 0.000000
0.350000 0.060000 0.000000
0.350000 0.070000 0.000000
0.350000 0.080000 0.000000
0.350000 0.090000 0.000000
0.350000 0.100000 0.000000
0.350000 0.110000 0.000000
0.350000 0.120000 0.000000
0.350000 0.130000 0.000000
0.350000 0.140000 0.000000
0.350000 0.150000 0.000000
0.350000 0.160000 0.000000
0.350000 0.170000 -0.003999
0.350000 0.180000 0.000000
0.350000 0.190000 -0.004178
0.350000 0.200000 -0.004479
0.350000 0.210000 -0.005039
0.350000 0.220000 -0.005280
0.350000 0.230000 -0.005507
0.350000 0.240000 -0.006216
0.350000 0.250000 -0.006660
0.350000 0.260000 -0.007700
0.350000 0.270000 -0.008416
0.350000 0.280000 -0.009014
0.350000 0.290000 -0.009505
0.350000 0.300000 -0.010216
0.350000 0.310000 -0.010272
0.350000 0.320000 -0.010475
0.350000 0.330000 -0.010789
0.350000 0.340000 -0.011445
0.350000 0.350000 0.000000
0.350000 0.360000 -0.013443
0.350000 0.370000 -0.013171
0.350000 0.380000 0.000000
0.350000 0.390000 -0.014366
0.350000 0.400000 0.000000
0.350000 0.410000 0.000000
0.350000 0.420000 0.000000
0.350000 0.430000 0.000000
0.350000 0.440000 0.000000
0.350000 0.450000 0.000000
0.350000 0.460000 0.000000
0.350000 0.470000 0.000116
0.350000 0.480000 0.000000
0.350000 0.490000 0.003259
0.360000 0.000000 -0.001809
0.360000 0.010000 -0.002296
0.360000 0.020000 -0.001380
0.360000 0.030000 0.000313
0.360000 0.040000 -0.000498
0.360000 0.050000 0.000000
0.360000 0.060000 0.000000
0.360000 0.070000 0.000000
0.360000 0.080000 0.000000
0.360000 0.090000 0.000000
0.360000 0.100000 0.000000
0.360000 0.110000 -0.001477
0.360000 0.120000 -0.001676
0.360000 0.130000 0.000000
0.360000 0.140000 0.000000
0.360000 0.150000 0.000000
0.360000 0.160000 0.000000
0.360000 0.170000 0.000000
0.360000 0.180000 0.000000
0.360000 0.190000 0.000000
0.360000 0.200000 0.000000
0.360000 0.210000 -0.004949
0.360000 0.220000 -0.005270
0.360000 0.230000 -0.005504
0.360000 0.240000 -0.005915
0.360000 0.250000 -0.006300
0.360000 0.260000 -0.006865
0.360000 0.270000 -0.007541
0.360000 0.280000 -0.008519
0.360000 0.290000 -0.009168
0.360000 0.300000 -0.010588
0.360000 0.310000 -0.010143
0.360000 0.320000 -0.010192
0.360000 0.330000 -0.010110
0.360000 0.340000 -0.011163
0.360000 0.350000 0.000000
0.360000 0.360000 0.000000
0.360000 0.370000 -0.013914
0.360000 0.380000 -0.013802
0.360000 0.390000 -0.014004
0.360000 0.400000 -0.013489
0.360000 0.410000 -0.014536
0.360000 0.420000 0.000000
0.360000 0.430000 0.000000
0.360000 0.440000 0.000000
0.360000 0.450000 -0.000342
0.360000 0.460000 -0.000687
0.360000 0.470000 0.000195
0.360000 0.480000 0.000000
0.360000 0.490000 0.000000
0.370000 0.000000 -0.001878
0.370000 0.010000 -0.002528
0.370000 0.020000 -0.002160
0.370000 0.030000 -0.001671
0.370000 0.040000 -0.001164
0.370000 0.050000 -0.001252
0.370000 0.060000 -0.001221
0.370000 0.070000 -0.001073
0.370000 0.080000 -0.001091
0.370000 0.090000 -0.001166
0.370000 0.100000 -0.001295
0.370000 0.110000 -0.001483
0.370000 0.120000 -0.001712
0.370000 0.130000 -0.001851
0.370000 0.140000 -0.002247
0.370000 0.150000 -0.002475
0.370000 0.160000 -0.002723
0.370000 0.170000 -0.003034
0.370000 0.180000 -0.003386
0.370000 0.190000 -0.003824
0.370000 0.200000 -0.004031
0.370000 0.210000 -0.004723
0.370000 0.220000 -0.005246
0.370000 0.230000 -0.005410
0.370000 0.240000 -0.005771
0.370000 0.250000 -0.006220
0.370000 0.260000 -0.006740
0.370000 0.270000 -0.007290
0.370000 0.280000 -0.008057
0.370000 0.290000 -0.008287
0.370000 0.300000 -0.008179
0.370000 0.310000 -0.009699
0.370000 0.320000 -0.009481
0.370000 0.330000 -0.009523
0.370000 0.340000 -0.010231
0.370000 0.350000 -0.010879
0.370000 0.360000 -0.011648
0.370000 0.370000 0.000000
0.370000 0.380000 0.000000
0.370000 0.390000 -0.013998
0.370000 0.400000 0.000000
0.370000 0.410000 -0.014186
0.370000 0.420000 -0.010080
0.370000 0.430000 0.000000
0.370000 0.440000 0.000000
0.370000 0.450000 0.000000
0.370000 0.460000 0.000000
0.370000 0.470000 0.000297
0.370000 0.480000 0.000000
0.370000 0.490000 0.000000
0.380000 0.000000 -0.003492
0.380000 0.010000 -0.003669
0.380000 0.020000 -0.002340
0.380000 0.030000 -0.001851
0.380000 0.040000 -0.001475
0.380000 0.050000 -0.001353
0.380000 0.060000 -0.001183
0.380000 0.070000 -0.001096
0.380000 0.080000 -0.001080
0.380000 0.090000 -0.001146
0.380000 0.100000 -0.001262
0.380000 0.110000 -0.001546
0.380000 0.120000 -0.001858
0.380000 0.130000 -0.001889
0.380000 0.140000 -0.002296
0.380000 0.150000 -0.002457
0.380000 0.160000 -0.002766
0.380000 0.170000 -0.003028
0.380000 0.180000 -0.003381
0.380000 0.190000 -0.003798
0.380000 0.200000 -0.004060
0.380000 0.210000 -0.004685
0.380000 0.220000 -0.004980
0.380000 0.230000 -0.005288
0.380000 0.240000 -0.005741
0.380000 0.250000 -0.006089
0.380000 0.260000 -0.006510
0.380000 0.270000 -0.006923
0.380000 0.280000 -0.007345
0.380000 0.290000 -0.007673
0.380000 0.300000 -0.008230
0.380000 0.310000 -0.007227
0.380000 0.320000 -0.008549
0.380000 0.330000 -0.009236
0.380000 0.340000 -0.009770
0.380000 0.350000 -0.010326
0.380000 0.360000 -0.011290
0.380000 0.370000 -0.011206
0.380000 0.380000 -0.011077
0.380000 0.390000 -0.010229
0.380000 0.400000 0.000000
0.380000 0.410000 -0.012829
0.380000 0.420000 -0.011463
0.380000 0.430000 0.000000
0.380000 0.440000 -0.004330
0.380000 0.450000 -0.003698
0.380000 0.460000 -0.001499
0.380000 0.470000 0.000000
0.380000 0.480000 -0.003532
0.380000 0.490000 0.000000
0.390000 0.000000 -0.002481
0.390000 0.010000 -0.004913
0.390000 0.020000 0.000000
0.390000 0.030000 -0.003086
0.390000 0.040000 -0.002095
0.390000 0.050000 -0.001428
0.390000 0.060000 -0.001144
0.390000 0.070000 -0.000983
0.390000 0.080000 -0.001032
0.390000 0.090000 -0.001077
0.390000 0.100000 -0.001244
0.390000 0.110000 -0.001510
0.390000 0.120000 -0.001828
0.390000 0.130000 -0.002154
0.390000 0.140000 -0.002192
0.390000 0.150000 -0.002450
0.390000 0.160000 -0.002704
0.390000 0.170000 -0.003021
0.390000 0.180000 -0.003376
0.390000 0.190000 -0.003784
0.390000 0.200000 -0.004120
0.390000 0.210000 -0.004492
0.390000 0.220000 -0.004893
0.390000 0.230000 -0.005170
0.390000 0.240000 -0.005612
0.390000 0.250000 -0.005917
0.390000 0.260000 -0.006209
0.390000 0.270000 -0.006460
0.390000 0.280000 -0.006943
0.390000 0.290000 -0.007164
0.390000 0.300000 -0.007483
0.390000 0.310000 -0.007598
0.390000 0.320000 -0.008235
0.390000 0.330000 -0.008931
0.390000 0.340000 -0.009326
0.390000 0.350000 -0.009955
0.390000 0.360000 -0.011029
0.390000 0.370000 -0.010393
0.390000 0.380000 0.000000
0.390000 0.390000 -0.009081
0.390000 0.400000 -0.012212
0.390000 0.410000 -0.012533
0.390000 0.420000 -0.012481
0.390000 0.430000 -0.012625
0.390000 0.440000 0.000000
0.390000 0.450000 -0.001889
0.390000 0.460000 0.000000
0.390000 0.470000 0.000000
0.390000 0.480000 0.000000
0.390000 0.490000 0.000000
0.400000 0.000000 -0.003490
0.400000 0.010000 -0.007582
0.400000 0.020000 -0.005665
0.400000 0.030000 -0.003538
0.400000 0.040000 -0.002099
0.400000 0.050000 -0.001372
0.400000 0.060000 -0.000982
0.400000 0.070000 -0.000813
0.400000 0.080000 -0.000796
0.400000 0.090000 -0.000903
0.400000 0.100000 -0.001075
0.400000 0.110000 -0.001289
0.400000 0.120000 -0.001542
0.400000 0.130000 -0.002062
0.400000 0.140000 -0.002131
0.400000 0.150000 -0.002384
0.400000 0.160000 -0.002669
0.400000 0.170000 -0.002979
0.400000 0.180000 -0.003391
0.400000 0.190000 -0.003707
0.400000 0.200000 -0.004077
0.400000 0.210000 -0.004431
0.400000 0.220000 -0.004792
0.400000 0.230000 -0.005125
0.400000 0.240000 -0.005515
0.400000 0.250000 -0.005823
0.400000 0.260000 -0.006116
0.400000 0.270000 -0.006474
0.400000 0.280000 -0.006683
0.400000 0.290000 -0.007015
0.400000 0.300000 -0.007239
0.400000 0.310000 -0.007057
0.400000 0.320000 -0.007770
0.400000 0.330000 -0.008603
0.400000 0.340000 -0.008791
0.400000 0.350000 -0.008861
0.400000 0.360000 -0.008993
0.400000 0.370000 -0.009850
0.400000 0.380000 0.000000
0.400000 0.390000 -0.006423
0.400000 0.400000 0.000000
0.400000 0.410000 0.000000
0.400000 0.420000 0.000000
0.400000 0.430000 -0.013189
0.400000 0.440000 0.000000
0.400000 0.450000 0.000000
0.400000 0.460000 0.000000
0.400000 0.470000 0.000000
0.400000 0.480000 0.000000
0.400000 0.490000 -0.000186
0.410000 0.000000 -0.001506
0.410000 0.010000 -0.007963
0.410000 0.020000 -0.005072
0.410000 0.030000 -0.002730
0.410000 0.040000 -0.001586
0.410000 0.050000 -0.000937
0.410000 0.060000 -0.000597
0.410000 0.070000 -0.000486
0.410000 0.080000 -0.000522
0.410000 0.090000 -0.000612
0.410000 0.100000 -0.000821
0.410000 0.110000 -0.001031
0.410000 0.120000 -0.001177
0.410000 0.130000 -0.001681
0.410000 0.140000 -0.001975
0.410000 0.150000 -0.002288
0.410000 0.160000 -0.002573
0.410000 0.170000 -0.002993
0.410000 0.180000 -0.003308
0.410000 0.190000 -0.003668
0.410000 0.200000 -0.004022
0.410000 0.210000 -0.004371
0.410000 0.220000 -0.004715
0.410000 0.230000 -0.005060
0.410000 0.240000 -0.005452
0.410000 0.250000 -0.005676
0.410000 0.260000 -0.006053
0.410000 0.270000 -0.006416
0.410000 0.280000 -0.006641
0.410000 0.290000 -0.006939
0.410000 0.300000 -0.007225
0.410000 0.310000 -0.007276
0.410000 0.320000 -0.007878
0.410000 0.330000 -0.008432
0.410000 0.340000 -0.008628
0.410000 0.350000 -0.009091
0.410000 0.360000 -0.008894
0.410000 0.370000 -0.009761
0.410000 0.380000 0.000000
0.410000 0.390000 -0.005181
0.410000 0.400000 -0.005657
0.410000 0.410000 -0.006060
0.410000 0.420000 0.000000
0.410000 0.430000 -0.013246
0.410000 0.440000 0.000000
0.410000 0.450000 0.000000
0.410000 0.460000 0.000000
0.410000 0.470000 0.000000
0.410000 0.480000 -0.002305
0.410000 0.490000 -0.000244
0.420000 0.000000 0.000000
0.420000 0.010000 -0.004540
0.420000 0.020000 -0.002500
0.420000 0.030000 -0.001233
0.420000 0.040000 -0.000487
0.420000 0.050000 -0.000166
0.420000 0.060000 0.000007
0.420000 0.070000 -0.000036
0.420000 0.080000 -0.000105
0.420000 0.090000 -0.000309
0.420000 0.100000 -0.000566
0.420000 0.110000 -0.000843
0.420000 0.120000 -0.001134
0.420000 0.130000 -0.001518
0.420000 0.140000 -0.001873
0.420000 0.150000 -0.002172
0.420000 0.160000 -0.002515
0.420000 0.170000 -0.002937
0.420000 0.180000 -0.003253
0.420000 0.190000 -0.003620
0.420000 0.200000 -0.003971
0.420000 0.210000 -0.004312
0.420000 0.220000 -0.004632
0.420000 0.230000 -0.004997
0.420000 0.240000 -0.005448
0.420000 0.250000 -0.005579
0.420000 0.260000 -0.005983
0.420000 0.270000 -0.006317
0.420000 0.280000 -0.006580
0.420000 0.290000 -0.006942
0.420000 0.300000 -0.007202
0.420000 0.310000 -0.007590
0.420000 0.320000 -0.007997
0.420000 0.330000 -0.008310
0.420000 0.340000 -0.008608
0.420000 0.350000 -0.009317
0.420000 0.360000 -0.009276
0.420000 0.370000 -0.009517
0.420000 0.380000 0.000000
0.420000 0.390000 0.000000
0.420000 0.400000 0.000000
0.420000 0.410000 0.000000
0.420000 0.420000 -0.013434
0.420000 0.430000 -0.013228
0.420000 0.440000 -0.010203
0.420000 0.450000 0.000000
0.420000 0.460000 0.000000
0.420000 0.470000 -0.002331
0.420000 0.480000 -0.001491
0.420000 0.490000 -0.000148
0.430000 0.000000 -0.005271
0.430000 0.010000 -0.011730
0.430000 0.020000 0.000000
0.430000 0.030000 0.000801
0.430000 0.040000 0.000859
0.430000 0.050000 0.000800
0.430000 0.060000 0.000771
0.430000 0.070000 0.000587
0.430000 0.080000 0.000354
0.430000 0.090000 0.000026
0.430000 0.100000 -0.000297
0.430000 0.110000 -0.000640
0.430000 0.120000 -0.000995
0.430000 0.130000 -0.001375
0.430000 0.140000 -0.001759
0.430000 0.150000 -0.002038
0.430000 0.160000 -0.002551
0.430000 0.170000 -0.002793
0.430000 0.180000 -0.003217
0.430000 0.190000 -0.003578
0.430000 0.200000 -0.003930
0.430000 0.210000 -0.004269
0.430000 0.220000 -0.004604
0.430000 0.230000 -0.004914
0.430000 0.240000 -0.005317
0.430000 0.250000 -0.005594
0.430000 0.260000 -0.005884
0.430000 0.270000 -0.006356
0.430000 0.280000 -0.006528
0.430000 0.290000 -0.006845
0.430000 0.300000 -0.007219
0.430000 0.310000 -0.007455
0.430000 0.320000 -0.007887
0.430000 0.330000 -0.008202
0.430000 0.340000 -0.008829
0.430000 0.350000 -0.009154
0.430000 0.360000 -0.009596
0.430000 0.370000 -0.009948
0.430000 0.380000 -0.010518
0.430000 0.390000 -0.011109
0.430000 0.400000 -0.011756
0.430000 0.410000 -0.012180
0.430000 0.420000 -0.012608
0.430000 0.430000 -0.012213
0.430000 0.440000 -0.010765
0.430000 0.450000 0.000000
0.430000 0.460000 0.000000
0.430000 0.470000 0.000000
0.430000 0.480000 0.000000
0.430000 0.490000 0.001883
0.440000 0.000000 0.006783
0.440000 0.010000 -0.005443
0.440000 0.020000 0.000000
0.440000 0.030000 0.002691
0.440000 0.040000 0.002179
0.440000 0.050000 0.001922
0.440000 0.060000 0.001652
0.440000 0.070000 0.001262
0.440000 0.080000 0.000847
0.440000 0.090000 0.000421
0.440000 0.100000 -0.000010
0.440000 0.110000 -0.000426
0.440000 0.120000 -0.000830
0.440000 0.130000 -0.001224
0.440000 0.140000 -0.001668
0.440000 0.150000 -0.001928
0.440000 0.160000 -0.002459
0.440000 0.170000 -0.002752
0.440000 0.180000 -0.003176
0.440000 0.190000 -0.003546
0.440000 0.200000 -0.003894
0.440000 0.210000 -0.004225
0.440000 0.220000 -0.004536
0.440000 0.230000 -0.004856
0.440000 0.240000 -0.005286
0.440000 0.250000 -0.005606
0.440000 0.260000 -0.005884
0.440000 0.270000 -0.006209
0.440000 0.280000 -0.006437
0.440000 0.290000 -0.006756
0.440000 0.300000 -0.007076
0.440000 0.310000 -0.007376
0.440000 0.320000 -0.007835
0.440000 0.330000 -0.008177
0.440000 0.340000 0.000000
0.440000 0.350000 -0.009427
0.440000 0.360000 -0.009705
0.440000 0.370000 -0.010019
0.440000 0.380000 -0.010525
0.440000 0.390000 -0.010623
0.440000 0.400000 0.000000
0.440000 0.410000 -0.009312
0.440000 0.420000 0.000000
0.440000 0.430000 -0.011207
0.440000 0.440000 0.000000
0.440000 0.450000 -0.024586
0.440000 0.460000 0.000000
0.440000 0.470000 0.000000
0.440000 0.480000 0.000000
0.440000 0.490000 0.001883
0.450000 0.000000 0.014903
0.450000 0.010000 0.006939
0.450000 0.020000 0.006589
0.450000 0.030000 0.004847
0.450000 0.040000 0.003533
0.450000 0.050000 0.002856
0.450000 0.060000 0.002761
0.450000 0.070000 0.001952
0.450000 0.080000 0.001396
0.450000 0.090000 0.000786
0.450000 0.100000 0.000246
0.450000 0.110000 -0.000224
0.450000 0.120000 -0.000675
0.450000 0.130000 -0.001120
0.450000 0.140000 -0.001433
0.450000 0.150000 -0.001975
0.450000 0.160000 -0.002357
0.450000 0.170000 -0.002711
0.450000 0.180000 -0.003126
0.450000 0.190000 -0.003560
0.450000 0.200000 -0.003777
0.450000 0.210000 -0.004231
0.450000 0.220000 -0.004495
0.450000 0.230000 -0.004850
0.450000 0.240000 -0.005201
0.450000 0.250000 -0.005536
0.450000 0.260000 -0.005855
0.450000 0.270000 -0.006179
0.450000 0.280000 -0.006434
0.450000 0.290000 -0.006659
0.450000 0.300000 -0.007082
0.450000 0.310000 -0.007343
0.450000 0.320000 -0.007740
0.450000 0.330000 -0.008098
0.450000 0.340000 -0.008512
0.450000 0.350000 -0.009350
0.450000 0.360000 -0.010223
0.450000 0.370000 -0.010103
0.450000 0.380000 -0.010413
0.450000 0.390000 -0.010468
0.450000 0.400000 -0.010394
0.450000 0.410000 -0.009869
0.450000 0.420000 0.000000
0.450000 0.430000 0.000000
0.450000 0.440000 -0.023835
0.450000 0.450000 -0.023915
0.450000 0.460000 0.000000
0.450000 0.470000 0.000000
0.450000 0.480000 0.000000
0.450000 0.490000 0.000000
0.460000 0.000000 0.016782
0.460000 0.010000 0.010543
0.460000 0.020000 0.008317
0.460000 0.030000 0.006261
0.460000 0.040000 0.004460
0.460000 0.050000 0.003104
0.460000 0.060000 0.003540
0.460000 0.070000 0.002603
0.460000 0.080000 0.001708
0.460000 0.090000 0.001110
0.460000 0.100000 0.000466
0.460000 0.110000 -0.000043
0.460000 0.120000 -0.000525
0.460000 0.130000 -0.000992
0.460000 0.140000 -0.001297
0.460000 0.150000 -0.001920
0.460000 0.160000 -0.002377
0.460000 0.170000 -0.002625
0.460000 0.180000 -0.003180
0.460000 0.190000 -0.003435
0.460000 0.200000 -0.003784
0.460000 0.210000 -0.004140
0.460000 0.220000 -0.004455
0.460000 0.230000 -0.004889
0.460000 0.240000 -0.005077
0.460000 0.250000 -0.005514
0.460000 0.260000 -0.005822
0.460000 0.270000 -0.006136
0.460000 0.280000 -0.006438
0.460000 0.290000 -0.006716
0.460000 0.300000 -0.006988
0.460000 0.310000 -0.007251
0.460000 0.320000 -0.007655
0.460000 0.330000 -0.007828
0.460000 0.340000 -0.008143
0.460000 0.350000 -0.008799
0.460000 0.360000 -0.009180
0.460000 0.370000 -0.009866
0.460000 0.380000 -0.010449
0.460000 0.390000 -0.010747
0.460000 0.400000 0.000000
0.460000 0.410000 0.000000
0.460000 0.420000 0.000000
0.460000 0.430000 0.000000
0.460000 0.440000 -0.016138
0.460000 0.450000 0.000000
0.460000 0.460000 0.000000
0.460000 0.470000 0.000000
0.460000 0.480000 0.000000
0.460000 0.490000 0.000000
0.470000 0.000000 0.017899
0.470000 0.010000 0.010965
0.470000 0.020000 0.009301
0.470000 0.030000 0.006966
0.470000 0.040000 0.005005
0.470000 0.050000 0.003359
0.470000 0.060000 0.003393
0.470000 0.070000 0.002717
0.470000 0.080000 0.001928
0.470000 0.090000 0.001211
0.470000 0.100000 0.000699
0.470000 0.110000 0.000085
0.470000 0.120000 -0.000390
0.470000 0.130000 -0.000857
0.470000 0.140000 -0.001210
0.470000 0.150000 -0.001935
0.470000 0.160000 -0.002331
0.470000 0.170000 -0.002649
0.470000 0.180000 -0.003199
0.470000 0.190000 -0.003359
0.470000 0.200000 -0.003765
0.470000 0.210000 -0.004111
0.470000 0.220000 -0.004449
0.470000 0.230000 -0.004801
0.470000 0.240000 -0.005080
0.470000 0.250000 -0.005474
0.470000 0.260000 -0.005787
0.470000 0.270000 -0.006100
0.470000 0.280000 -0.006400
0.470000 0.290000 -0.006683
0.470000 0.300000 -0.006924
0.470000 0.310000 -0.007226
0.470000 0.320000 -0.007389
0.470000 0.330000 -0.007614
0.470000 0.340000 -0.007338
0.470000 0.350000 -0.008251
0.470000 0.360000 -0.008977
0.470000 0.370000 -0.009389
0.470000 0.380000 -0.010339
0.470000 0.390000 -0.011155
0.470000 0.400000 0.000000
0.470000 0.410000 0.000000
0.470000 0.420000 0.000000
0.470000 0.430000 -0.014506
0.470000 0.440000 -0.015024
0.470000 0.450000 0.000000
0.470000 0.460000 0.000000
0.470000 0.470000 0.000000
0.470000 0.480000 0.000000
0.470000 0.490000 -0.010223
0.480000 0.000000 0.019456
0.480000 0.010000 0.013060
0.480000 0.020000 0.011357
0.480000 0.030000 0.007665
0.480000 0.040000 0.005061
0.480000 0.050000 0.004018
0.480000 0.060000 0.003358
0.480000 0.070000 0.002688
0.480000 0.080000 0.002003
0.480000 0.090000 0.001303
0.480000 0.100000 0.000796
0.480000 0.110000 0.000180
0.480000 0.120000 -0.000262
0.480000 0.130000 -0.000728
0.480000 0.140000 -0.001299
0.480000 0.150000 -0.001905
0.480000 0.160000 -0.002294
0.480000 0.170000 -0.002750
0.480000 0.180000 -0.003114
0.480000 0.190000 -0.003372
0.480000 0.200000 -0.003733
0.480000 0.210000 -0.004089
0.480000 0.220000 -0.004433
0.480000 0.230000 -0.004769
0.480000 0.240000 -0.005080
0.480000 0.250000 -0.005415
0.480000 0.260000 -0.005762
0.480000 0.270000 -0.006070
0.480000 0.280000 -0.006385
0.480000 0.290000 -0.006610
0.480000 0.300000 -0.006934
0.480000 0.310000 -0.007182
0.480000 0.320000 -0.007391
0.480000 0.330000 -0.007531
0.480000 0.340000 -0.007637
0.480000 0.350000 -0.008405
0.480000 0.360000 -0.008450
0.480000 0.370000 -0.009756
0.480000 0.380000 -0.009755
0.480000 0.390000 -0.011217
0.480000 0.400000 -0.011440
0.480000 0.410000 -0.012199
0.480000 0.420000 -0.012362
0.480000 0.430000 -0.013790
0.480000 0.440000 -0.015391
0.480000 0.450000 0.000000
0.480000 0.460000 -0.010399
0.480000 0.470000 0.000000
0.480000 0.480000 0.000000
0.480000 0.490000 -0.009924
0.490000 0.000000 0.024105
0.490000 0.010000 0.019768
0.490000 0.020000 0.016051
0.490000 0.030000 0.000000
0.490000 0.040000 0.004470
0.490000 0.050000 0.003946
0.490000 0.060000 0.003318
0.490000 0.070000 0.002676
0.490000 0.080000 0.002025
0.490000 0.090000 0.001402
0.490000 0.100000 0.000741
0.490000 0.110000 0.000233
0.490000 0.120000 -0.000226
0.490000 0.130000 -0.000596
0.490000 0.140000 -0.000842
0.490000 0.150000 -0.001489
0.490000 0.160000 -0.002420
0.490000 0.170000 0.000000
0.490000 0.180000 0.000000
0.490000 0.190000 -0.003343
0.490000 0.200000 -0.003727
0.490000 0.210000 -0.004078
0.490000 0.220000 -0.004425
0.490000 0.230000 -0.004751
0.490000 0.240000 -0.005061
0.490000 0.250000 -0.005450
0.490000 0.260000 -0.005675
0.490000 0.270000 -0.006139
0.490000 0.280000 -0.006257
0.490000 0.290000 -0.006656
0.490000 0.300000 -0.006919
0.490000 0.310000 -0.007170
0.490000 0.320000 -0.007403
0.490000 0.330000 -0.007577
0.490000 0.340000 -0.007793
0.490000 0.350000 -0.008347
0.490000 0.360000 -0.008733
0.490000 0.370000 0.000000
0.490000 0.380000 -0.004724
0.490000 0.390000 -0.007595
0.490000 0.400000 -0.009287
0.490000 0.410000 -0.008792
0.490000 0.420000 -0.010165
0.490000 0.430000 -0.009804
0.490000 0.440000 -0.008480
0.490000 0.450000 -0.008148
0.490000 0.460000 -0.006936
0.490000 0.470000 -0.006413
0.490000 0.480000 -0.006725
0.490000 0.490000 -0.001756
