0.000000 0.000000 0.013206
0.000000 0.010000 0.006534
0.000000 0.020000 0.006309
0.000000 0.030000 0.000000
0.000000 0.040000 0.000000
0.000000 0.050000 0.003828
0.000000 0.060000 0.002103
0.000000 0.070000 0.000000
0.000000 0.080000 0.000000
0.000000 0.090000 0.000000
0.000000 0.100000 0.000460
0.000000 0.110000 0.000343
0.000000 0.120000 0.000000
0.000000 0.130000 0.000000
0.000000 0.140000 0.000000
0.000000 0.150000 0.000000
0.000000 0.160000 0.000000
0.000000 0.170000 0.000000
0.000000 0.180000 0.000000
0.000000 0.190000 0.000000
0.000000 0.200000 0.000000
0.000000 0.210000 0.000000
0.000000 0.220000 0.000000
0.000000 0.230000 0.000000
0.000000 0.240000 0.000000
0.000000 0.250000 0.000000
0.000000 0.260000 0.000000
0.000000 0.270000 0.000000
0.000000 0.280000 0.000000
0.000000 0.290000 0.000000
0.000000 0.300000 0.000000
0.000000 0.310000 0.000000
0.000000 0.320000 0.000000
0.000000 0.330000 0.000000
0.000000 0.340000 0.000000
0.000000 0.350000 0.000000
0.000000 0.360000 0.000000
0.000000 0.370000 0.000000
0.000000 0.380000 0.000000
0.000000 0.390000 0.000000
0.000000 0.400000 0.000000
0.000000 0.410000 0.000000
0.000000 0.420000 0.000000
0.000000 0.430000 0.000000
0.000000 0.440000 0.000000
0.000000 0.450000 0.000000
0.000000 0.460000 0.000000
0.000000 0.470000 0.000000
0.000000 0.480000 0.000000
0.000000 0.490000 0.000000
0.010000 0.000000 -0.004081
0.010000 0.010000 0.000609
0.010000 0.020000 0.000000
0.010000 0.030000 0.000189
0.010000 0.040000 -0.000223
0.010000 0.050000 -0.000710
0.010000 0.060000 0.000462
0.010000 0.070000 0.000054
0.010000 0.080000 -0.000243
0.010000 0.090000 0.000000
0.010000 0.100000 0.000000
0.010000 0.110000 0.000240
0.010000 0.120000 0.000000
0.010000 0.130000 0.000000
0.010000 0.140000 0.000000
0.010000 0.150000 0.000000
0.010000 0.160000 0.000000
0.010000 0.170000 0.000000
0.010000 0.180000 0.000000
0.010000 0.190000 0.000000
0.010000 0.200000 0.000000
0.010000 0.210000 0.000000
0.010000 0.220000 0.000000
0.010000 0.230000 0.000000
0.010000 0.240000 0.000000
0.010000 0.250000 0.000000
0.010000 0.260000 0.000000
0.010000 0.270000 0.000000
0.010000 0.280000 0.000000
0.010000 0.290000 0.000000
0.010000 0.300000 0.000000
0.010000 0.310000 0.000000
0.010000 0.320000 0.000000
0.010000 0.330000 0.000000
0.010000 0.340000 0.000000
0.010000 0.350000 0.000000
0.010000 0.360000 0.000000
0.010000 0.370000 0.000000
0.010000 0.380000 0.000000
0.010000 0.390000 0.000000
0.010000 0.400000 0.000000
0.010000 0.410000 0.000000
0.010000 0.420000 0.000000
0.010000 0.430000 0.000000
0.010000 0.440000 0.000000
0.010000 0.450000 0.000000
0.010000 0.460000 0.000000
0.010000 0.470000 0.000000
0.010000 0.480000 0.000000
0.010000 0.490000 0.000000
0.020000 0.000000 0.000000
0.020000 0.010000 -0.000670
0.020000 0.020000 -0.001187
0.020000 0.030000 0.000000
0.020000 0.040000 0.000000
0.020000 0.050000 0.000000
0.020000 0.060000 -0.000676
0.020000 0.070000 0.000000
0.020000 0.080000 0.000000
0.020000 0.090000 0.001830
0.020000 0.100000 0.000000
0.020000 0.110000 0.000000
0.020000 0.120000 0.000000
0.020000 0.130000 0.000000
0.020000 0.140000 0.000000
0.020000 0.150000 0.000000
0.020000 0.160000 0.000142
0.020000 0.170000 0.000000
0.020000 0.180000 0.000000
0.020000 0.190000 0.000000
0.020000 0.200000 0.000000
0.020000 0.210000 0.000000
0.020000 0.220000 0.000000
0.020000 0.230000 0.000000
0.020000 0.240000 0.000000
0.020000 0.250000 0.000000
0.020000 0.260000 0.000000
0.020000 0.270000 0.000000
0.020000 0.280000 0.000000
0.020000 0.290000 0.000000
0.020000 0.300000 0.000000
0.020000 0.310000 0.000000
0.020000 0.320000 0.000000
0.020000 0.330000 0.000000
0.020000 0.340000 0.000000
0.020000 0.350000 0.000000
0.020000 0.360000 0.000000
0.020000 0.370000 0.000000
0.020000 0.380000 0.000000
0.020000 0.390000 0.000000
0.020000 0.400000 0.000000
0.020000 0.410000 0.000000
0.020000 0.420000 0.000000
0.020000 0.430000 0.000000
0.020000 0.440000 0.000000
0.020000 0.450000 0.000000
0.020000 0.460000 0.000000
0.020000 0.470000 0.000000
0.020000 0.480000 0.000000
0.020000 0.490000 0.000000
0.030000 0.000000 0.000000
0.030000 0.010000 -0.002526
0.030000 0.020000 -0.002798
0.030000 0.030000 0.000000
0.030000 0.040000 0.000000
0.030000 0.050000 -0.000449
0.030000 0.060000 -0.000867
0.030000 0.070000 0.000000
0.030000 0.080000 0.000868
0.030000 0.090000 0.000727
0.030000 0.100000 0.000388
0.030000 0.110000 -0.000001
0.030000 0.120000 0.000000
0.030000 0.130000 0.000000
0.030000 0.140000 0.000000
0.030000 0.150000 0.000000
0.030000 0.160000 0.000000
0.030000 0.170000 0.000000
0.030000 0.180000 0.000000
0.030000 0.190000 0.000000
0.030000 0.200000 0.000000
0.030000 0.210000 0.000000
0.030000 0.220000 0.000000
0.030000 0.230000 0.000000
0.030000 0.240000 0.000000
0.030000 0.250000 0.000000
0.030000 0.260000 0.000000
0.030000 0.270000 0.000000
0.030000 0.280000 0.000000
0.030000 0.290000 0.000000
0.030000 0.300000 0.000000
0.030000 0.310000 0.000000
0.030000 0.320000 0.000000
0.030000 0.330000 0.000000
0.030000 0.340000 0.000000
0.030000 0.350000 0.000000
0.030000 0.360000 0.000000
0.030000 0.370000 0.000000
0.030000 0.380000 0.000000
0.030000 0.390000 0.000000
0.030000 0.400000 0.000000
0.030000 0.410000 0.000000
0.030000 0.420000 0.000000
0.030000 0.430000 0.000000
0.030000 0.440000 0.000000
0.030000 0.450000 0.000000
0.030000 0.460000 0.000000
0.030000 0.470000 0.000000
0.030000 0.480000 0.000000
0.030000 0.490000 0.000000
0.040000 0.000000 0.000000
0.040000 0.010000 0.000000
0.040000 0.020000 0.000000
0.040000 0.030000 0.000000
0.040000 0.040000 0.000000
0.040000 0.050000 0.000000
0.040000 0.060000 0.000000
0.040000 0.070000 0.000000
0.040000 0.080000 0.000000
0.040000 0.090000 0.000000
0.040000 0.100000 0.000000
0.040000 0.110000 -0.000738
0.040000 0.120000 -0.001102
0.040000 0.130000 0.000000
0.040000 0.140000 0.000000
0.040000 0.150000 0.000000
0.040000 0.160000 0.000000
0.040000 0.170000 0.000000
0.040000 0.180000 0.000000
0.040000 0.190000 0.000000
0.040000 0.200000 0.000000
0.040000 0.210000 0.000000
0.040000 0.220000 0.000000
0.040000 0.230000 0.000000
0.040000 0.240000 0.000000
0.040000 0.250000 0.000000
0.040000 0.260000 0.000000
0.040000 0.270000 0.000000
0.040000 0.280000 0.000000
0.040000 0.290000 0.000000
0.040000 0.300000 0.000000
0.040000 0.310000 0.000000
0.040000 0.320000 0.000000
0.040000 0.330000 0.000000
0.040000 0.340000 0.000000
0.040000 0.350000 0.000000
0.040000 0.360000 0.000000
0.040000 0.370000 0.000000
0.040000 0.380000 0.000000
0.040000 0.390000 0.000000
0.040000 0.400000 0.000000
0.040000 0.410000 0.000000
0.040000 0.420000 0.000000
0.040000 0.430000 0.000000
0.040000 0.440000 0.000000
0.040000 0.450000 0.000000
0.040000 0.460000 0.000000
0.040000 0.470000 0.000000
0.040000 0.480000 0.000000
0.040000 0.490000 0.000000
0.050000 0.000000 0.000000
0.050000 0.010000 0.000000
0.050000 0.020000 0.000000
0.050000 0.030000 0.000000
0.050000 0.040000 0.000000
0.050000 0.050000 0.000000
0.050000 0.060000 0.000146
0.050000 0.070000 0.000000
0.050000 0.080000 0.000000
0.050000 0.090000 0.000000
0.050000 0.100000 0.000000
0.050000 0.110000 0.000000
0.050000 0.120000 0.000000
0.050000 0.130000 0.000000
0.050000 0.140000 0.000000
0.050000 0.150000 0.000000
0.050000 0.160000 0.000000
0.050000 0.170000 0.000000
0.050000 0.180000 0.000057
0.050000 0.190000 0.000000
0.050000 0.200000 0.000000
0.050000 0.210000 0.000000
0.050000 0.220000 0.000000
0.050000 0.230000 0.000000
0.050000 0.240000 0.000000
0.050000 0.250000 0.000000
0.050000 0.260000 0.000000
0.050000 0.270000 0.000000
0.050000 0.280000 0.000000
0.050000 0.290000 0.000000
0.050000 0.300000 0.000000
0.050000 0.310000 0.000000
0.050000 0.320000 0.000000
0.050000 0.330000 0.000000
0.050000 0.340000 0.000000
0.050000 0.350000 0.000000
0.050000 0.360000 0.000000
0.050000 0.370000 0.000000
0.050000 0.380000 0.000000
0.050000 0.390000 0.000000
0.050000 0.400000 0.000000
0.050000 0.410000 0.000000
0.050000 0.420000 0.000000
0.050000 0.430000 0.000000
0.050000 0.440000 0.000000
0.050000 0.450000 0.000000
0.050000 0.460000 0.000000
0.050000 0.470000 0.000000
0.050000 0.480000 0.000000
0.050000 0.490000 0.000000
0.060000 0.000000 0.000000
0.060000 0.010000 0.000000
0.060000 0.020000 0.000000
0.060000 0.030000 0.000000
0.060000 0.040000 0.000000
0.060000 0.050000 0.000000
0.060000 0.060000 0.000000
0.060000 0.070000 0.000000
0.060000 0.080000 0.000000
0.060000 0.090000 0.000064
0.060000 0.100000 0.000000
0.060000 0.110000 0.000000
0.060000 0.120000 0.001045
0.060000 0.130000 0.000602
0.060000 0.140000 0.000000
0.060000 0.150000 0.000000
0.060000 0.160000 0.000000
0.060000 0.170000 0.000000
0.060000 0.180000 0.000000
0.060000 0.190000 0.000000
0.060000 0.200000 0.000000
0.060000 0.210000 0.000000
0.060000 0.220000 0.000000
0.060000 0.230000 0.000000
0.060000 0.240000 0.000000
0.060000 0.250000 0.000000
0.060000 0.260000 0.000000
0.060000 0.270000 0.000000
0.060000 0.280000 0.000000
0.060000 0.290000 0.000000
0.060000 0.300000 0.000000
0.060000 0.310000 0.000000
0.060000 0.320000 0.000000
0.060000 0.330000 0.000000
0.060000 0.340000 0.000000
0.060000 0.350000 0.000000
0.060000 0.360000 0.000000
0.060000 0.370000 0.000000
0.060000 0.380000 0.000000
0.060000 0.390000 0.000000
0.060000 0.400000 0.000000
0.060000 0.410000 0.000000
0.060000 0.420000 0.000000
0.060000 0.430000 0.000000
0.060000 0.440000 0.000000
0.060000 0.450000 0.000000
0.060000 0.460000 0.000000
0.060000 0.470000 0.000000
0.060000 0.480000 0.000000
0.060000 0.490000 0.000000
0.070000 0.000000 0.000000
0.070000 0.010000 0.000000
0.070000 0.020000 0.000000
0.070000 0.030000 0.000000
0.070000 0.040000 0.000000
0.070000 0.050000 0.000000
0.070000 0.060000 0.000000
0.070000 0.070000 0.000000
0.070000 0.080000 0.000423
0.070000 0.090000 -0.000014
0.070000 0.100000 0.000000
0.070000 0.110000 0.000000
0.070000 0.120000 0.000855
0.070000 0.130000 0.000000
0.070000 0.140000 0.000000
0.070000 0.150000 0.000000
0.070000 0.160000 0.000000
0.070000 0.170000 0.000000
0.070000 0.180000 0.000000
0.070000 0.190000 0.000000
0.070000 0.200000 0.000000
0.070000 0.210000 0.000453
0.070000 0.220000 0.000114
0.070000 0.230000 0.000000
0.070000 0.240000 0.000000
0.070000 0.250000 0.000000
0.070000 0.260000 0.000000
0.070000 0.270000 0.000000
0.070000 0.280000 0.000000
0.070000 0.290000 0.000000
0.070000 0.300000 0.000000
0.070000 0.310000 0.000000
0.070000 0.320000 0.000000
0.070000 0.330000 0.000000
0.070000 0.340000 0.000000
0.070000 0.350000 0.000000
0.070000 0.360000 0.000000
0.070000 0.370000 0.000000
0.070000 0.380000 0.000000
0.070000 0.390000 0.000000
0.070000 0.400000 0.000000
0.070000 0.410000 0.000000
0.070000 0.420000 0.000000
0.070000 0.430000 0.000000
0.070000 0.440000 0.000000
0.070000 0.450000 0.000000
0.070000 0.460000 0.000000
0.070000 0.470000 0.000000
0.070000 0.480000 0.000000
0.070000 0.490000 0.000000
0.080000 0.000000 0.042053
0.080000 0.010000 0.043141
0.080000 0.020000 0.000000
0.080000 0.030000 0.000000
0.080000 0.040000 0.000000
0.080000 0.050000 0.000000
0.080000 0.060000 0.000000
0.080000 0.070000 0.000000
0.080000 0.080000 0.000331
0.080000 0.090000 -0.000151
0.080000 0.100000 0.000000
0.080000 0.110000 0.000000
0.080000 0.120000 -0.000673
0.080000 0.130000 0.000000
0.080000 0.140000 0.000000
0.080000 0.150000 0.000000
0.080000 0.160000 0.000000
0.080000 0.170000 0.000000
0.080000 0.180000 0.000000
0.080000 0.190000 0.000000
0.080000 0.200000 0.000000
0.080000 0.210000 0.000000
0.080000 0.220000 0.000027
0.080000 0.230000 0.000000
0.080000 0.240000 0.000000
0.080000 0.250000 0.000000
0.080000 0.260000 0.000000
0.080000 0.270000 0.000000
0.080000 0.280000 0.000000
0.080000 0.290000 0.000000
0.080000 0.300000 0.000000
0.080000 0.310000 0.000000
0.080000 0.320000 0.000000
0.080000 0.330000 0.000000
0.080000 0.340000 0.000000
0.080000 0.350000 0.000000
0.080000 0.360000 0.000000
0.080000 0.370000 0.000000
0.080000 0.380000 0.000000
0.080000 0.390000 0.000000
0.080000 0.400000 0.000000
0.080000 0.410000 0.000000
0.080000 0.420000 0.000000
0.080000 0.430000 0.000000
0.080000 0.440000 0.000000
0.080000 0.450000 0.000000
0.080000 0.460000 0.000000
0.080000 0.470000 0.000000
0.080000 0.480000 0.000000
0.080000 0.490000 0.000000
0.090000 0.000000 0.037694
0.090000 0.010000 0.037010
0.090000 0.020000 0.037355
0.090000 0.030000 0.000000
0.090000 0.040000 0.034949
0.090000 0.050000 0.000000
0.090000 0.060000 0.000000
0.090000 0.070000 0.000000
0.090000 0.080000 0.000000
0.090000 0.090000 0.000000
0.090000 0.100000 0.000000
0.090000 0.110000 0.000000
0.090000 0.120000 -0.000783
0.090000 0.130000 0.000000
0.090000 0.140000 0.000881
0.090000 0.150000 0.000661
0.090000 0.160000 0.000000
0.090000 0.170000 0.000000
0.090000 0.180000 0.000000
0.090000 0.190000 0.000000
0.090000 0.200000 0.000000
0.090000 0.210000 0.000373
0.090000 0.220000 -0.000070
0.090000 0.230000 0.000000
0.090000 0.240000 0.000000
0.090000 0.250000 0.000000
0.090000 0.260000 0.000000
0.090000 0.270000 0.000000
0.090000 0.280000 0.000000
0.090000 0.290000 0.000000
0.090000 0.300000 0.000000
0.090000 0.310000 0.000000
0.090000 0.320000 0.000000
0.090000 0.330000 0.000000
0.090000 0.340000 0.000000
0.090000 0.350000 0.000000
0.090000 0.360000 0.000000
0.090000 0.370000 0.000000
0.090000 0.380000 0.000000
0.090000 0.390000 0.000000
0.090000 0.400000 0.000000
0.090000 0.410000 0.000000
0.090000 0.420000 0.000000
0.090000 0.430000 0.000000
0.090000 0.440000 0.000000
0.090000 0.450000 0.000000
0.090000 0.460000 0.000000
0.090000 0.470000 0.000000
0.090000 0.480000 0.000000
0.090000 0.490000 0.000000
0.100000 0.000000 0.036699
0.100000 0.010000 0.034071
0.100000 0.020000 0.033036
0.100000 0.030000 0.032682
0.100000 0.040000 0.032475
0.100000 0.050000 0.032352
0.100000 0.060000 0.031780
0.100000 0.070000 0.000000
0.100000 0.080000 0.000000
0.100000 0.090000 0.000000
0.100000 0.100000 0.000000
0.100000 0.110000 0.000000
0.100000 0.120000 0.000000
0.100000 0.130000 0.000000
0.100000 0.140000 0.000434
0.100000 0.150000 0.000194
0.100000 0.160000 0.000000
0.100000 0.170000 0.000000
0.100000 0.180000 0.000000
0.100000 0.190000 0.000000
0.100000 0.200000 0.000000
0.100000 0.210000 0.000000
0.100000 0.220000 0.000000
0.100000 0.230000 0.000000
0.100000 0.240000 0.000000
0.100000 0.250000 0.000341
0.100000 0.260000 0.000150
0.100000 0.270000 0.000000
0.100000 0.280000 0.000000
0.100000 0.290000 0.000000
0.100000 0.300000 0.000000
0.100000 0.310000 0.000000
0.100000 0.320000 0.000000
0.100000 0.330000 0.000000
0.100000 0.340000 0.000000
0.100000 0.350000 0.000000
0.100000 0.360000 0.000000
0.100000 0.370000 0.000000
0.100000 0.380000 0.000000
0.100000 0.390000 0.000000
0.100000 0.400000 0.000000
0.100000 0.410000 0.000000
0.100000 0.420000 0.000000
0.100000 0.430000 0.000000
0.100000 0.440000 0.000000
0.100000 0.450000 0.000000
0.100000 0.460000 0.000000
0.100000 0.470000 0.000000
0.100000 0.480000 0.000000
0.100000 0.490000 0.000000
0.110000 0.000000 0.034467
0.110000 0.010000 0.033914
0.110000 0.020000 0.000000
0.110000 0.030000 0.000000
0.110000 0.040000 0.029489
0.110000 0.050000 0.028364
0.110000 0.060000 0.028695
0.110000 0.070000 0.027525
0.110000 0.080000 0.027961
0.110000 0.090000 0.000000
0.110000 0.100000 0.000000
0.110000 0.110000 0.000000
0.110000 0.120000 0.000000
0.110000 0.130000 0.000000
0.110000 0.140000 0.000000
0.110000 0.150000 -0.000725
0.110000 0.160000 0.000000
0.110000 0.170000 0.000000
0.110000 0.180000 0.000000
0.110000 0.190000 0.000000
0.110000 0.200000 0.000000
0.110000 0.210000 0.000000
0.110000 0.220000 0.000000
0.110000 0.230000 0.000000
0.110000 0.240000 0.000000
0.110000 0.250000 0.000391
0.110000 0.260000 -0.000053
0.110000 0.270000 -0.000435
0.110000 0.280000 0.000000
0.110000 0.290000 0.000000
0.110000 0.300000 0.000000
0.110000 0.310000 0.000000
0.110000 0.320000 0.000000
0.110000 0.330000 0.000000
0.110000 0.340000 0.000000
0.110000 0.350000 0.000000
0.110000 0.360000 0.000000
0.110000 0.370000 0.000000
0.110000 0.380000 0.000000
0.110000 0.390000 0.000000
0.110000 0.400000 0.000000
0.110000 0.410000 0.000000
0.110000 0.420000 0.000000
0.110000 0.430000 0.000000
0.110000 0.440000 0.000000
0.110000 0.450000 0.000000
0.110000 0.460000 0.000000
0.110000 0.470000 0.000000
0.110000 0.480000 0.000000
0.110000 0.490000 0.000000
0.120000 0.000000 0.031070
0.120000 0.010000 0.029652
0.120000 0.020000 0.028725
0.120000 0.030000 0.028827
0.120000 0.040000 0.000000
0.120000 0.050000 0.000000
0.120000 0.060000 0.025693
0.120000 0.070000 0.025115
0.120000 0.080000 0.024153
0.120000 0.090000 0.024122
0.120000 0.100000 0.024510
0.120000 0.110000 0.024084
0.120000 0.120000 0.023195
0.120000 0.130000 0.000000
0.120000 0.140000 0.000000
0.120000 0.150000 -0.000758
0.120000 0.160000 0.000000
0.120000 0.170000 0.000000
0.120000 0.180000 0.016842
0.120000 0.190000 0.000000
0.120000 0.200000 0.000000
0.120000 0.210000 0.000000
0.120000 0.220000 0.000000
0.120000 0.230000 0.000000
0.120000 0.240000 0.000000
0.120000 0.250000 0.000000
0.120000 0.260000 0.000000
0.120000 0.270000 0.000000
0.120000 0.280000 -0.000000
0.120000 0.290000 0.000000
0.120000 0.300000 0.000000
0.120000 0.310000 0.000000
0.120000 0.320000 0.000000
0.120000 0.330000 0.000000
0.120000 0.340000 0.000000
0.120000 0.350000 0.000000
0.120000 0.360000 0.000000
0.120000 0.370000 0.000000
0.120000 0.380000 0.000000
0.120000 0.390000 0.000000
0.120000 0.400000 0.000000
0.120000 0.410000 0.000000
0.120000 0.420000 0.000000
0.120000 0.430000 0.000000
0.120000 0.440000 0.000000
0.120000 0.450000 0.000000
0.120000 0.460000 0.000000
0.120000 0.470000 0.000000
0.120000 0.480000 0.000000
0.120000 0.490000 0.000000
0.130000 0.000000 0.027964
0.130000 0.010000 0.026247
0.130000 0.020000 0.025445
0.130000 0.030000 0.024726
0.130000 0.040000 0.024638
0.130000 0.050000 0.023820
0.130000 0.060000 0.023415
0.130000 0.070000 0.000000
0.130000 0.080000 0.000000
0.130000 0.090000 0.021758
0.130000 0.100000 0.020963
0.130000 0.110000 0.020024
0.130000 0.120000 0.020699
0.130000 0.130000 0.000000
0.130000 0.140000 0.000000
0.130000 0.150000 0.000000
0.130000 0.160000 0.000000
0.130000 0.170000 0.000000
0.130000 0.180000 0.015863
0.130000 0.190000 0.015678
0.130000 0.200000 0.000000
0.130000 0.210000 0.000000
0.130000 0.220000 0.000000
0.130000 0.230000 0.000000
0.130000 0.240000 0.000000
0.130000 0.250000 0.000000
0.130000 0.260000 0.000000
0.130000 0.270000 0.000000
0.130000 0.280000 0.000000
0.130000 0.290000 0.000000
0.130000 0.300000 0.000000
0.130000 0.310000 0.000000
0.130000 0.320000 0.000000
0.130000 0.330000 0.000000
0.130000 0.340000 0.000000
0.130000 0.350000 0.000000
0.130000 0.360000 0.000000
0.130000 0.370000 0.000000
0.130000 0.380000 0.000000
0.130000 0.390000 0.000000
0.130000 0.400000 0.000000
0.130000 0.410000 0.000000
0.130000 0.420000 0.000000
0.130000 0.430000 0.000000
0.130000 0.440000 0.000000
0.130000 0.450000 0.000000
0.130000 0.460000 0.000000
0.130000 0.470000 0.000000
0.130000 0.480000 0.000000
0.130000 0.490000 0.000000
0.140000 0.000000 0.025321
0.140000 0.010000 0.025011
0.140000 0.020000 0.024891
0.140000 0.030000 0.024645
0.140000 0.040000 0.023860
0.140000 0.050000 0.021981
0.140000 0.060000 0.021091
0.140000 0.070000 0.020345
0.140000 0.080000 0.020486
0.140000 0.090000 0.020298
0.140000 0.100000 0.000000
0.140000 0.110000 0.019643
0.140000 0.120000 0.019051
0.140000 0.130000 0.018815
0.140000 0.140000 0.018665
0.140000 0.150000 0.018731
0.140000 0.160000 0.018474
0.140000 0.170000 0.000000
0.140000 0.180000 0.000000
0.140000 0.190000 0.015435
0.140000 0.200000 0.000000
0.140000 0.210000 0.000000
0.140000 0.220000 0.000000
0.140000 0.230000 0.000000
0.140000 0.240000 0.000000
0.140000 0.250000 0.000000
0.140000 0.260000 0.000000
0.140000 0.270000 0.000000
0.140000 0.280000 0.000000
0.140000 0.290000 0.000000
0.140000 0.300000 0.000000
0.140000 0.310000 0.000267
0.140000 0.320000 -0.000302
0.140000 0.330000 0.000000
0.140000 0.340000 0.000000
0.140000 0.350000 0.000000
0.140000 0.360000 0.000000
0.140000 0.370000 0.000000
0.140000 0.380000 0.000000
0.140000 0.390000 0.000000
0.140000 0.400000 0.000000
0.140000 0.410000 0.000000
0.140000 0.420000 0.000000
0.140000 0.430000 0.000000
0.140000 0.440000 0.000000
0.140000 0.450000 0.000000
0.140000 0.460000 0.000000
0.140000 0.470000 0.000000
0.140000 0.480000 0.000000
0.140000 0.490000 0.000000
0.150000 0.000000 0.023001
0.150000 0.010000 0.023569
0.150000 0.020000 0.000000
0.150000 0.030000 0.000000
0.150000 0.040000 0.023891
0.150000 0.050000 0.000000
0.150000 0.060000 0.020561
0.150000 0.070000 0.019908
0.150000 0.080000 0.018997
0.150000 0.090000 0.018432
0.150000 0.100000 0.017396
0.150000 0.110000 0.017533
0.150000 0.120000 0.017215
0.150000 0.130000 0.000000
0.150000 0.140000 0.016883
0.150000 0.150000 0.016213
0.150000 0.160000 0.015304
0.150000 0.170000 0.015696
0.150000 0.180000 0.015738
0.150000 0.190000 0.015399
0.150000 0.200000 0.000000
0.150000 0.210000 0.012243
0.150000 0.220000 0.011956
0.150000 0.230000 0.000000
0.150000 0.240000 0.000000
0.150000 0.250000 0.000000
0.150000 0.260000 0.000000
0.150000 0.270000 0.000000
0.150000 0.280000 0.000000
0.150000 0.290000 0.000000
0.150000 0.300000 0.000000
0.150000 0.310000 0.000302
0.150000 0.320000 0.000000
0.150000 0.330000 0.000000
0.150000 0.340000 0.000000
0.150000 0.350000 0.000000
0.150000 0.360000 0.000000
0.150000 0.370000 0.000000
0.150000 0.380000 0.000000
0.150000 0.390000 0.000000
0.150000 0.400000 0.000000
0.150000 0.410000 0.000000
0.150000 0.420000 0.000000
0.150000 0.430000 0.000000
0.150000 0.440000 0.000000
0.150000 0.450000 0.000000
0.150000 0.460000 0.000000
0.150000 0.470000 0.000000
0.150000 0.480000 0.000000
0.150000 0.490000 0.000000
0.160000 0.000000 0.023001
0.160000 0.010000 0.000000
0.160000 0.020000 0.000000
0.160000 0.030000 0.000000
0.160000 0.040000 0.023935
0.160000 0.050000 0.000000
0.160000 0.060000 0.020614
0.160000 0.070000 0.000000
0.160000 0.080000 0.019056
0.160000 0.090000 0.000000
0.160000 0.100000 0.016848
0.160000 0.110000 0.016184
0.160000 0.120000 0.015518
0.160000 0.130000 0.014509
0.160000 0.140000 0.013618
0.160000 0.150000 0.014221
0.160000 0.160000 0.014692
0.160000 0.170000 0.014117
0.160000 0.180000 0.012759
0.160000 0.190000 0.012122
0.160000 0.200000 0.012400
0.160000 0.210000 0.012266
0.160000 0.220000 0.011869
0.160000 0.230000 0.000000
0.160000 0.240000 0.009845
0.160000 0.250000 0.000000
0.160000 0.260000 0.000000
0.160000 0.270000 0.000000
0.160000 0.280000 0.000000
0.160000 0.290000 0.000000
0.160000 0.300000 0.000000
0.160000 0.310000 0.000000
0.160000 0.320000 0.000000
0.160000 0.330000 0.000000
0.160000 0.340000 0.000000
0.160000 0.350000 0.000000
0.160000 0.360000 0.000000
0.160000 0.370000 0.000000
0.160000 0.380000 0.000000
0.160000 0.390000 0.000000
0.160000 0.400000 0.000000
0.160000 0.410000 0.000000
0.160000 0.420000 0.000000
0.160000 0.430000 0.000000
0.160000 0.440000 0.000000
0.160000 0.450000 0.000000
0.160000 0.460000 0.000000
0.160000 0.470000 0.000000
0.160000 0.480000 0.000000
0.160000 0.490000 0.000000
0.170000 0.000000 0.000000
0.170000 0.010000 0.000000
0.170000 0.020000 0.000000
0.170000 0.030000 0.000000
0.170000 0.040000 0.000000
0.170000 0.050000 0.000000
0.170000 0.060000 0.000000
0.170000 0.070000 0.000000
0.170000 0.080000 0.000000
0.170000 0.090000 0.000000
0.170000 0.100000 0.000000
0.170000 0.110000 0.016102
0.170000 0.120000 0.015649
0.170000 0.130000 0.000000
0.170000 0.140000 0.013198
0.170000 0.150000 0.012258
0.170000 0.160000 0.011614
0.170000 0.170000 0.011248
0.170000 0.180000 0.010979
0.170000 0.190000 0.011268
0.170000 0.200000 0.010791
0.170000 0.210000 0.009950
0.170000 0.220000 0.009933
0.170000 0.230000 0.009473
0.170000 0.240000 0.009750
0.170000 0.250000 0.009142
0.170000 0.260000 0.000000
0.170000 0.270000 0.007905
0.170000 0.280000 0.000000
0.170000 0.290000 0.000000
0.170000 0.300000 0.000000
0.170000 0.310000 0.000000
0.170000 0.320000 0.000000
0.170000 0.330000 0.000000
0.170000 0.340000 0.000000
0.170000 0.350000 0.000175
0.170000 0.360000 -0.000006
0.170000 0.370000 0.000000
0.170000 0.380000 0.000000
0.170000 0.390000 0.000000
0.170000 0.400000 0.000000
0.170000 0.410000 0.000000
0.170000 0.420000 0.000000
0.170000 0.430000 0.000000
0.170000 0.440000 0.000000
0.170000 0.450000 0.000000
0.170000 0.460000 0.000000
0.170000 0.470000 0.000000
0.170000 0.480000 0.000000
0.170000 0.490000 0.000000
0.180000 0.000000 0.000000
0.180000 0.010000 0.000000
0.180000 0.020000 0.000000
0.180000 0.030000 0.000000
0.180000 0.040000 0.000000
0.180000 0.050000 0.000000
0.180000 0.060000 0.000000
0.180000 0.070000 0.000000
0.180000 0.080000 0.000000
0.180000 0.090000 0.000000
0.180000 0.100000 0.000000
0.180000 0.110000 0.000000
0.180000 0.120000 0.000000
0.180000 0.130000 0.000000
0.180000 0.140000 0.000000
0.180000 0.150000 0.000000
0.180000 0.160000 0.011702
0.180000 0.170000 0.000000
0.180000 0.180000 0.008990
0.180000 0.190000 0.008333
0.180000 0.200000 0.007935
0.180000 0.210000 0.008177
0.180000 0.220000 0.008059
0.180000 0.230000 0.008140
0.180000 0.240000 0.007391
0.180000 0.250000 0.007658
0.180000 0.260000 0.007765
0.180000 0.270000 0.007755
0.180000 0.280000 0.007256
0.180000 0.290000 0.000000
0.180000 0.300000 0.000000
0.180000 0.310000 0.000000
0.180000 0.320000 0.000000
0.180000 0.330000 0.000000
0.180000 0.340000 0.000000
0.180000 0.350000 0.000000
0.180000 0.360000 0.000205
0.180000 0.370000 -0.000199
0.180000 0.380000 0.000000
0.180000 0.390000 0.000000
0.180000 0.400000 0.000000
0.180000 0.410000 0.000000
0.180000 0.420000 0.000000
0.180000 0.430000 0.000000
0.180000 0.440000 0.000000
0.180000 0.450000 0.000000
0.180000 0.460000 0.000000
0.180000 0.470000 0.000000
0.180000 0.480000 0.000000
0.180000 0.490000 0.000000
0.190000 0.000000 0.000000
0.190000 0.010000 0.000000
0.190000 0.020000 0.000000
0.190000 0.030000 0.000000
0.190000 0.040000 0.000000
0.190000 0.050000 0.000000
0.190000 0.060000 0.000000
0.190000 0.070000 0.000000
0.190000 0.080000 0.000000
0.190000 0.090000 0.000000
0.190000 0.100000 0.000000
0.190000 0.110000 0.000000
0.190000 0.120000 0.000000
0.190000 0.130000 0.000000
0.190000 0.140000 0.000000
0.190000 0.150000 0.000000
0.190000 0.160000 0.000000
0.190000 0.170000 0.000000
0.190000 0.180000 0.000000
0.190000 0.190000 0.008173
0.190000 0.200000 0.007641
0.190000 0.210000 0.007049
0.190000 0.220000 0.006354
0.190000 0.230000 0.005766
0.190000 0.240000 0.005537
0.190000 0.250000 0.005659
0.190000 0.260000 0.005853
0.190000 0.270000 0.005532
0.190000 0.280000 0.005677
0.190000 0.290000 0.005238
0.190000 0.300000 0.004729
0.190000 0.310000 0.004328
0.190000 0.320000 0.003485
0.190000 0.330000 0.003066
0.190000 0.340000 0.000000
0.190000 0.350000 0.000000
0.190000 0.360000 0.000000
0.190000 0.370000 0.000000
0.190000 0.380000 0.000000
0.190000 0.390000 0.000509
0.190000 0.400000 0.000000
0.190000 0.410000 0.000000
0.190000 0.420000 0.000000
0.190000 0.430000 0.000000
0.190000 0.440000 0.000000
0.190000 0.450000 0.000000
0.190000 0.460000 0.000000
0.190000 0.470000 0.000000
0.190000 0.480000 0.000000
0.190000 0.490000 0.000000
0.200000 0.000000 0.000000
0.200000 0.010000 0.000000
0.200000 0.020000 0.000000
0.200000 0.030000 0.000000
0.200000 0.040000 0.000000
0.200000 0.050000 0.000000
0.200000 0.060000 0.000000
0.200000 0.070000 0.000000
0.200000 0.080000 0.000000
0.200000 0.090000 0.000000
0.200000 0.100000 0.000000
0.200000 0.110000 0.000000
0.200000 0.120000 0.000000
0.200000 0.130000 0.000000
0.200000 0.140000 0.000000
0.200000 0.150000 0.000000
0.200000 0.160000 0.000000
0.200000 0.170000 0.000000
0.200000 0.180000 0.000000
0.200000 0.190000 0.000000
0.200000 0.200000 0.000000
0.200000 0.210000 0.000000
0.200000 0.220000 0.000000
0.200000 0.230000 0.005975
0.200000 0.240000 0.005520
0.200000 0.250000 0.004746
0.200000 0.260000 0.003953
0.200000 0.270000 0.003918
0.200000 0.280000 0.003599
0.200000 0.290000 0.003657
0.200000 0.300000 0.003682
0.200000 0.310000 0.004063
0.200000 0.320000 0.003128
0.200000 0.330000 0.002661
0.200000 0.340000 0.000000
0.200000 0.350000 0.000000
0.200000 0.360000 0.000000
0.200000 0.370000 0.000000
0.200000 0.380000 0.000840
0.200000 0.390000 0.000499
0.200000 0.400000 0.000000
0.200000 0.410000 0.000000
0.200000 0.420000 0.000000
0.200000 0.430000 0.000000
0.200000 0.440000 0.000000
0.200000 0.450000 0.000000
0.200000 0.460000 0.000000
0.200000 0.470000 0.000000
0.200000 0.480000 0.000000
0.200000 0.490000 0.000000
0.210000 0.000000 0.000000
0.210000 0.010000 0.000000
0.210000 0.020000 0.000000
0.210000 0.030000 0.000000
0.210000 0.040000 0.000000
0.210000 0.050000 0.000000
0.210000 0.060000 0.000000
0.210000 0.070000 0.000000
0.210000 0.080000 0.000000
0.210000 0.090000 0.000000
0.210000 0.100000 0.000000
0.210000 0.110000 0.000000
0.210000 0.120000 0.000000
0.210000 0.130000 0.000000
0.210000 0.140000 0.000000
0.210000 0.150000 0.000000
0.210000 0.160000 0.000000
0.210000 0.170000 0.000000
0.210000 0.180000 0.000000
0.210000 0.190000 0.000000
0.210000 0.200000 0.000000
0.210000 0.210000 0.000000
0.210000 0.220000 0.000000
0.210000 0.230000 0.000000
0.210000 0.240000 0.005918
0.210000 0.250000 0.000000
0.210000 0.260000 0.000000
0.210000 0.270000 0.002706
0.210000 0.280000 0.002443
0.210000 0.290000 0.002031
0.210000 0.300000 0.001746
0.210000 0.310000 0.001806
0.210000 0.320000 0.002588
0.210000 0.330000 0.001933
0.210000 0.340000 0.002873
0.210000 0.350000 0.002837
0.210000 0.360000 0.002065
0.210000 0.370000 0.000000
0.210000 0.380000 0.000833
0.210000 0.390000 0.000000
0.210000 0.400000 0.000000
0.210000 0.410000 -0.000925
0.210000 0.420000 -0.001288
0.210000 0.430000 -0.001681
0.210000 0.440000 -0.001523
0.210000 0.450000 0.000000
0.210000 0.460000 0.000000
0.210000 0.470000 0.000000
0.210000 0.480000 0.000000
0.210000 0.490000 0.000000
0.220000 0.000000 0.000000
0.220000 0.010000 0.000000
0.220000 0.020000 0.000000
0.220000 0.030000 0.000000
0.220000 0.040000 0.000000
0.220000 0.050000 0.000000
0.220000 0.060000 0.000000
0.220000 0.070000 0.000000
0.220000 0.080000 0.000000
0.220000 0.090000 0.000000
0.220000 0.100000 0.000000
0.220000 0.110000 0.000000
0.220000 0.120000 0.000000
0.220000 0.130000 0.000000
0.220000 0.140000 0.000000
0.220000 0.150000 0.000000
0.220000 0.160000 0.000000
0.220000 0.170000 0.000000
0.220000 0.180000 0.000000
0.220000 0.190000 0.000000
0.220000 0.200000 0.000000
0.220000 0.210000 0.000000
0.220000 0.220000 0.000000
0.220000 0.230000 0.000000
0.220000 0.240000 0.000000
0.220000 0.250000 0.000000
0.220000 0.260000 0.003915
0.220000 0.270000 0.003234
0.220000 0.280000 0.000000
0.220000 0.290000 0.000000
0.220000 0.300000 0.001046
0.220000 0.310000 0.000840
0.220000 0.320000 0.000996
0.220000 0.330000 0.001829
0.220000 0.340000 0.001989
0.220000 0.350000 0.002634
0.220000 0.360000 0.001993
0.220000 0.370000 0.001190
0.220000 0.380000 0.000825
0.220000 0.390000 0.001075
0.220000 0.400000 0.000000
0.220000 0.410000 -0.000263
0.220000 0.420000 -0.001000
0.220000 0.430000 -0.001279
0.220000 0.440000 -0.000852
0.220000 0.450000 0.000000
0.220000 0.460000 0.000000
0.220000 0.470000 0.000000
0.220000 0.480000 0.000000
0.220000 0.490000 0.000000
0.230000 0.000000 0.000000
0.230000 0.010000 0.000000
0.230000 0.020000 0.000000
0.230000 0.030000 0.000000
0.230000 0.040000 0.000000
0.230000 0.050000 0.000000
0.230000 0.060000 0.000000
0.230000 0.070000 0.000000
0.230000 0.080000 0.000000
0.230000 0.090000 0.000000
0.230000 0.100000 0.000000
0.230000 0.110000 0.000000
0.230000 0.120000 0.000000
0.230000 0.130000 0.000000
0.230000 0.140000 0.000000
0.230000 0.150000 0.000000
0.230000 0.160000 0.000000
0.230000 0.170000 0.000000
0.230000 0.180000 0.000000
0.230000 0.190000 0.000000
0.230000 0.200000 0.000000
0.230000 0.210000 0.000000
0.230000 0.220000 0.000000
0.230000 0.230000 0.000000
0.230000 0.240000 0.000000
0.230000 0.250000 -0.000672
0.230000 0.260000 0.000000
0.230000 0.270000 0.004030
0.230000 0.280000 0.000000
0.230000 0.290000 0.000000
0.230000 0.300000 0.000000
0.230000 0.310000 0.000000
0.230000 0.320000 0.000000
0.230000 0.330000 0.000000
0.230000 0.340000 0.000000
0.230000 0.350000 0.001278
0.230000 0.360000 0.001459
0.230000 0.370000 0.001158
0.230000 0.380000 0.000883
0.230000 0.390000 0.000745
0.230000 0.400000 0.000235
0.230000 0.410000 -0.000141
0.230000 0.420000 0.000000
0.230000 0.430000 -0.000863
0.230000 0.440000 -0.000289
0.230000 0.450000 0.000000
0.230000 0.460000 0.000000
0.230000 0.470000 -0.008624
0.230000 0.480000 0.000000
0.230000 0.490000 0.000000
0.240000 0.000000 0.000000
0.240000 0.010000 0.000000
0.240000 0.020000 0.000000
0.240000 0.030000 0.000000
0.240000 0.040000 0.000000
0.240000 0.050000 0.000000
0.240000 0.060000 0.000000
0.240000 0.070000 0.000000
0.240000 0.080000 0.000000
0.240000 0.090000 0.000000
0.240000 0.100000 0.000000
0.240000 0.110000 0.000000
0.240000 0.120000 0.000000
0.240000 0.130000 0.000000
0.240000 0.140000 0.000000
0.240000 0.150000 0.000000
0.240000 0.160000 0.000000
0.240000 0.170000 0.000000
0.240000 0.180000 0.000000
0.240000 0.190000 0.000000
0.240000 0.200000 0.000000
0.240000 0.210000 0.000000
0.240000 0.220000 0.000000
0.240000 0.230000 0.000000
0.240000 0.240000 0.000000
0.240000 0.250000 0.000000
0.240000 0.260000 0.000000
0.240000 0.270000 0.000000
0.240000 0.280000 0.000000
0.240000 0.290000 0.000037
0.240000 0.300000 -0.000033
0.240000 0.310000 0.000000
0.240000 0.320000 0.000000
0.240000 0.330000 0.000000
0.240000 0.340000 0.000000
0.240000 0.350000 0.000421
0.240000 0.360000 0.000171
0.240000 0.370000 0.000395
0.240000 0.380000 0.000000
0.240000 0.390000 0.000689
0.240000 0.400000 0.000000
0.240000 0.410000 -0.000186
0.240000 0.420000 -0.000446
0.240000 0.430000 -0.000885
0.240000 0.440000 0.000000
0.240000 0.450000 0.000000
0.240000 0.460000 0.000000
0.240000 0.470000 -0.008624
0.240000 0.480000 0.000000
0.240000 0.490000 -0.000007
0.250000 0.000000 0.000000
0.250000 0.010000 0.000000
0.250000 0.020000 0.000000
0.250000 0.030000 0.000000
0.250000 0.040000 0.000000
0.250000 0.050000 0.000000
0.250000 0.060000 0.000000
0.250000 0.070000 0.000000
0.250000 0.080000 0.000000
0.250000 0.090000 0.000000
0.250000 0.100000 0.000000
0.250000 0.110000 0.000000
0.250000 0.120000 0.000000
0.250000 0.130000 0.000000
0.250000 0.140000 0.000000
0.250000 0.150000 0.000000
0.250000 0.160000 0.000000
0.250000 0.170000 0.000000
0.250000 0.180000 0.000000
0.250000 0.190000 0.000000
0.250000 0.200000 0.000000
0.250000 0.210000 0.000000
0.250000 0.220000 0.000000
0.250000 0.230000 0.000000
0.250000 0.240000 0.000000
0.250000 0.250000 0.000000
0.250000 0.260000 0.000000
0.250000 0.270000 0.000000
0.250000 0.280000 0.000000
0.250000 0.290000 0.000000
0.250000 0.300000 0.001521
0.250000 0.310000 0.001368
0.250000 0.320000 0.001556
0.250000 0.330000 0.000000
0.250000 0.340000 0.000000
0.250000 0.350000 0.000000
0.250000 0.360000 0.000000
0.250000 0.370000 0.000010
0.250000 0.380000 -0.000207
0.250000 0.390000 -0.000202
0.250000 0.400000 -0.000286
0.250000 0.410000 0.000000
0.250000 0.420000 0.000000
0.250000 0.430000 -0.001021
0.250000 0.440000 0.000000
0.250000 0.450000 0.000000
0.250000 0.460000 0.000000
0.250000 0.470000 -0.008624
0.250000 0.480000 0.000000
0.250000 0.490000 0.000001
0.260000 0.000000 0.000000
0.260000 0.010000 0.000000
0.260000 0.020000 0.000000
0.260000 0.030000 0.000000
0.260000 0.040000 0.000000
0.260000 0.050000 0.000000
0.260000 0.060000 0.000000
0.260000 0.070000 0.000000
0.260000 0.080000 0.000000
0.260000 0.090000 0.000000
0.260000 0.100000 0.000000
0.260000 0.110000 0.000000
0.260000 0.120000 0.000000
0.260000 0.130000 0.000000
0.260000 0.140000 0.000000
0.260000 0.150000 0.000000
0.260000 0.160000 0.000000
0.260000 0.170000 0.000000
0.260000 0.180000 0.000000
0.260000 0.190000 0.000000
0.260000 0.200000 0.000000
0.260000 0.210000 0.000000
0.260000 0.220000 0.000000
0.260000 0.230000 0.000000
0.260000 0.240000 0.000000
0.260000 0.250000 0.000000
0.260000 0.260000 0.000000
0.260000 0.270000 0.000000
0.260000 0.280000 0.000000
0.260000 0.290000 0.000000
0.260000 0.300000 0.003763
0.260000 0.310000 0.000000
0.260000 0.320000 0.002772
0.260000 0.330000 0.000000
0.260000 0.340000 0.000000
0.260000 0.350000 0.000000
0.260000 0.360000 0.000000
0.260000 0.370000 0.000000
0.260000 0.380000 0.000000
0.260000 0.390000 -0.000823
0.260000 0.400000 -0.000985
0.260000 0.410000 -0.001264
0.260000 0.420000 -0.001511
0.260000 0.430000 -0.001573
0.260000 0.440000 0.000000
0.260000 0.450000 0.000000
0.260000 0.460000 0.000000
0.260000 0.470000 0.000000
0.260000 0.480000 0.000000
0.260000 0.490000 0.000001
0.270000 0.000000 0.000000
0.270000 0.010000 0.000000
0.270000 0.020000 0.000000
0.270000 0.030000 0.000000
0.270000 0.040000 0.000000
0.270000 0.050000 0.000000
0.270000 0.060000 0.000000
0.270000 0.070000 0.000000
0.270000 0.080000 0.000000
0.270000 0.090000 0.000000
0.270000 0.100000 0.000000
0.270000 0.110000 0.000000
0.270000 0.120000 0.000000
0.270000 0.130000 0.000000
0.270000 0.140000 0.000000
0.270000 0.150000 0.000000
0.270000 0.160000 0.000000
0.270000 0.170000 0.000000
0.270000 0.180000 0.000000
0.270000 0.190000 0.000000
0.270000 0.200000 0.000000
0.270000 0.210000 0.000000
0.270000 0.220000 0.000000
0.270000 0.230000 0.000000
0.270000 0.240000 0.000000
0.270000 0.250000 0.000000
0.270000 0.260000 0.000000
0.270000 0.270000 0.000000
0.270000 0.280000 0.000000
0.270000 0.290000 0.000000
0.270000 0.300000 0.004990
0.270000 0.310000 0.004234
0.270000 0.320000 0.003891
0.270000 0.330000 0.003377
0.270000 0.340000 0.002759
0.270000 0.350000 0.000000
0.270000 0.360000 0.000000
0.270000 0.370000 0.000000
0.270000 0.380000 0.000000
0.270000 0.390000 0.000000
0.270000 0.400000 0.000000
0.270000 0.410000 0.000000
0.270000 0.420000 0.000000
0.270000 0.430000 -0.002022
0.270000 0.440000 -0.002395
0.270000 0.450000 -0.002931
0.270000 0.460000 -0.002983
0.270000 0.470000 -0.002805
0.270000 0.480000 -0.001827
0.270000 0.490000 0.000000
0.280000 0.000000 0.000000
0.280000 0.010000 0.000000
0.280000 0.020000 0.000000
0.280000 0.030000 0.000000
0.280000 0.040000 0.000000
0.280000 0.050000 0.000000
0.280000 0.060000 0.000000
0.280000 0.070000 0.000000
0.280000 0.080000 0.000000
0.280000 0.090000 0.000000
0.280000 0.100000 0.000000
0.280000 0.110000 0.000000
0.280000 0.120000 0.000000
0.280000 0.130000 0.000000
0.280000 0.140000 0.000000
0.280000 0.150000 0.000000
0.280000 0.160000 0.000000
0.280000 0.170000 0.000000
0.280000 0.180000 0.000000
0.280000 0.190000 0.000000
0.280000 0.200000 0.000000
0.280000 0.210000 0.000000
0.280000 0.220000 0.000000
0.280000 0.230000 0.000000
0.280000 0.240000 0.000000
0.280000 0.250000 0.000000
0.280000 0.260000 0.000000
0.280000 0.270000 0.000000
0.280000 0.280000 0.000000
0.280000 0.290000 0.000000
0.280000 0.300000 0.000000
0.280000 0.310000 0.000000
0.280000 0.320000 0.004066
0.280000 0.330000 0.003703
0.280000 0.340000 0.003521
0.280000 0.350000 0.000000
0.280000 0.360000 0.000000
0.280000 0.370000 0.000861
0.280000 0.380000 0.000000
0.280000 0.390000 0.000000
0.280000 0.400000 0.000000
0.280000 0.410000 0.000000
0.280000 0.420000 0.000000
0.280000 0.430000 0.000000
0.280000 0.440000 0.000000
0.280000 0.450000 0.000000
0.280000 0.460000 -0.002280
0.280000 0.470000 -0.002648
0.280000 0.480000 0.000000
0.280000 0.490000 0.000000
0.290000 0.000000 0.017414
0.290000 0.010000 0.016700
0.290000 0.020000 0.016343
0.290000 0.030000 0.015980
0.290000 0.040000 0.015614
0.290000 0.050000 0.015247
0.290000 0.060000 0.014879
0.290000 0.070000 0.014511
0.290000 0.080000 0.014141
0.290000 0.090000 0.013772
0.290000 0.100000 0.013401
0.290000 0.110000 0.013030
0.290000 0.120000 0.012659
0.290000 0.130000 0.012286
0.290000 0.140000 0.011913
0.290000 0.150000 0.011539
0.290000 0.160000 0.011164
0.290000 0.170000 0.010787
0.290000 0.180000 0.010408
0.290000 0.190000 0.010028
0.290000 0.200000 0.009645
0.290000 0.210000 0.009260
0.290000 0.220000 0.008871
0.290000 0.230000 0.008478
0.290000 0.240000 0.008081
0.290000 0.250000 0.007677
0.290000 0.260000 0.007265
0.290000 0.270000 0.006843
0.290000 0.280000 0.006407
0.290000 0.290000 0.005952
0.290000 0.300000 0.005467
0.290000 0.310000 0.004934
0.290000 0.320000 0.004313
0.290000 0.330000 0.003769
0.290000 0.340000 0.003102
0.290000 0.350000 0.001737
0.290000 0.360000 0.001379
0.290000 0.370000 0.000872
0.290000 0.380000 0.000482
0.290000 0.390000 0.000002
0.290000 0.400000 -0.000906
0.290000 0.410000 -0.000791
0.290000 0.420000 -0.001014
0.290000 0.430000 -0.001352
0.290000 0.440000 -0.001713
0.290000 0.450000 -0.002237
0.290000 0.460000 -0.002332
0.290000 0.470000 -0.002602
0.290000 0.480000 0.000000
0.290000 0.490000 0.000000
0.300000 0.000000 0.017401
0.300000 0.010000 0.016705
0.300000 0.020000 0.016347
0.300000 0.030000 0.015982
0.300000 0.040000 0.015616
0.300000 0.050000 0.015248
0.300000 0.060000 0.014880
0.300000 0.070000 0.014511
0.300000 0.080000 0.014142
0.300000 0.090000 0.013772
0.300000 0.100000 0.013402
0.300000 0.110000 0.013031
0.300000 0.120000 0.012659
0.300000 0.130000 0.012287
0.300000 0.140000 0.011914
0.300000 0.150000 0.011540
0.300000 0.160000 0.011165
0.300000 0.170000 0.010788
0.300000 0.180000 0.010410
0.300000 0.190000 0.010030
0.300000 0.200000 0.009647
0.300000 0.210000 0.009262
0.300000 0.220000 0.008874
0.300000 0.230000 0.008482
0.300000 0.240000 0.008085
0.300000 0.250000 0.007683
0.300000 0.260000 0.007273
0.300000 0.270000 0.006854
0.300000 0.280000 0.006423
0.300000 0.290000 0.005976
0.300000 0.300000 0.005508
0.300000 0.310000 0.005012
0.300000 0.320000 0.004487
0.300000 0.330000 0.003966
0.300000 0.340000 0.003309
0.300000 0.350000 0.002395
0.300000 0.360000 0.001443
0.300000 0.370000 0.001109
0.300000 0.380000 0.000522
0.300000 0.390000 0.000077
0.300000 0.400000 0.000064
0.300000 0.410000 -0.000482
0.300000 0.420000 -0.000913
0.300000 0.430000 -0.001333
0.300000 0.440000 -0.001713
0.300000 0.450000 -0.002243
0.300000 0.460000 -0.002345
0.300000 0.470000 -0.002589
0.300000 0.480000 0.000000
0.300000 0.490000 0.000000
0.310000 0.000000 0.017351
0.310000 0.010000 0.016738
0.310000 0.020000 0.016358
0.310000 0.030000 0.015987
0.310000 0.040000 0.015618
0.310000 0.050000 0.015249
0.310000 0.060000 0.014881
0.310000 0.070000 0.014512
0.310000 0.080000 0.014143
0.310000 0.090000 0.013773
0.310000 0.100000 0.013403
0.310000 0.110000 0.013032
0.310000 0.120000 0.012661
0.310000 0.130000 0.012289
0.310000 0.140000 0.011916
0.310000 0.150000 0.011542
0.310000 0.160000 0.011167
0.310000 0.170000 0.010791
0.310000 0.180000 0.010413
0.310000 0.190000 0.010034
0.310000 0.200000 0.009652
0.310000 0.210000 0.009268
0.310000 0.220000 0.008881
0.310000 0.230000 0.008491
0.310000 0.240000 0.008096
0.310000 0.250000 0.007697
0.310000 0.260000 0.007291
0.310000 0.270000 0.006877
0.310000 0.280000 0.006455
0.310000 0.290000 0.006022
0.310000 0.300000 0.005577
0.310000 0.310000 0.005121
0.310000 0.320000 0.004660
0.310000 0.330000 0.004206
0.310000 0.340000 0.003828
0.310000 0.350000 0.003371
0.310000 0.360000 0.001888
0.310000 0.370000 0.001082
0.310000 0.380000 0.000408
0.310000 0.390000 0.000568
0.310000 0.400000 0.000167
0.310000 0.410000 -0.000370
0.310000 0.420000 -0.000840
0.310000 0.430000 -0.001349
0.310000 0.440000 -0.001717
0.310000 0.450000 -0.002251
0.310000 0.460000 -0.002351
0.310000 0.470000 -0.002584
0.310000 0.480000 0.000000
0.310000 0.490000 0.000000
0.320000 0.000000 0.017361
0.320000 0.010000 0.016732
0.320000 0.020000 0.016360
0.320000 0.030000 0.015989
0.320000 0.040000 0.015620
0.320000 0.050000 0.015251
0.320000 0.060000 0.014882
0.320000 0.070000 0.014513
0.320000 0.080000 0.014144
0.320000 0.090000 0.013774
0.320000 0.100000 0.013404
0.320000 0.110000 0.013034
0.320000 0.120000 0.012663
0.320000 0.130000 0.012291
0.320000 0.140000 0.011919
0.320000 0.150000 0.011545
0.320000 0.160000 0.011171
0.320000 0.170000 0.010795
0.320000 0.180000 0.010419
0.320000 0.190000 0.010040
0.320000 0.200000 0.009660
0.320000 0.210000 0.009277
0.320000 0.220000 0.008892
0.320000 0.230000 0.008504
0.320000 0.240000 0.008112
0.320000 0.250000 0.007717
0.320000 0.260000 0.007316
0.320000 0.270000 0.006910
0.320000 0.280000 0.006498
0.320000 0.290000 0.006080
0.320000 0.300000 0.005658
0.320000 0.310000 0.005237
0.320000 0.320000 0.004827
0.320000 0.330000 0.004460
0.320000 0.340000 0.004215
0.320000 0.350000 0.003873
0.320000 0.360000 0.003460
0.320000 0.370000 0.002834
0.320000 0.380000 0.001831
0.320000 0.390000 0.000746
0.320000 0.400000 0.000465
0.320000 0.410000 -0.000202
0.320000 0.420000 -0.000993
0.320000 0.430000 -0.001481
0.320000 0.440000 -0.001706
0.320000 0.450000 -0.002269
0.320000 0.460000 -0.002361
0.320000 0.470000 -0.002579
0.320000 0.480000 0.000000
0.320000 0.490000 0.000000
0.330000 0.000000 0.017363
0.330000 0.010000 0.016733
0.330000 0.020000 0.016361
0.330000 0.030000 0.015991
0.330000 0.040000 0.015621
0.330000 0.050000 0.015252
0.330000 0.060000 0.014883
0.330000 0.070000 0.014515
0.330000 0.080000 0.014145
0.330000 0.090000 0.013776
0.330000 0.100000 0.013406
0.330000 0.110000 0.013036
0.330000 0.120000 0.012666
0.330000 0.130000 0.012294
0.330000 0.140000 0.011922
0.330000 0.150000 0.011550
0.330000 0.160000 0.011176
0.330000 0.170000 0.010801
0.330000 0.180000 0.010426
0.330000 0.190000 0.010048
0.330000 0.200000 0.009670
0.330000 0.210000 0.009289
0.330000 0.220000 0.008906
0.330000 0.230000 0.008521
0.330000 0.240000 0.008133
0.330000 0.250000 0.007742
0.330000 0.260000 0.007347
0.330000 0.270000 0.006949
0.330000 0.280000 0.006547
0.330000 0.290000 0.006144
0.330000 0.300000 0.005739
0.330000 0.310000 0.005339
0.330000 0.320000 0.004952
0.330000 0.330000 0.004588
0.330000 0.340000 0.004256
0.330000 0.350000 0.003894
0.330000 0.360000 0.003493
0.330000 0.370000 0.003098
0.330000 0.380000 0.002870
0.330000 0.390000 0.001812
0.330000 0.400000 0.000799
0.330000 0.410000 -0.000134
0.330000 0.420000 -0.000552
0.330000 0.430000 -0.001681
0.330000 0.440000 -0.001870
0.330000 0.450000 -0.002344
0.330000 0.460000 -0.002380
0.330000 0.470000 -0.002557
0.330000 0.480000 0.000000
0.330000 0.490000 0.000000
0.340000 0.000000 0.017385
0.340000 0.010000 0.016734
0.340000 0.020000 0.016360
0.340000 0.030000 0.015991
0.340000 0.040000 0.015622
0.340000 0.050000 0.015253
0.340000 0.060000 0.014885
0.340000 0.070000 0.014516
0.340000 0.080000 0.014147
0.340000 0.090000 0.013778
0.340000 0.100000 0.013409
0.340000 0.110000 0.013039
0.340000 0.120000 0.012669
0.340000 0.130000 0.012298
0.340000 0.140000 0.011927
0.340000 0.150000 0.011555
0.340000 0.160000 0.011182
0.340000 0.170000 0.010808
0.340000 0.180000 0.010434
0.340000 0.190000 0.010058
0.340000 0.200000 0.009681
0.340000 0.210000 0.009303
0.340000 0.220000 0.008923
0.340000 0.230000 0.008541
0.340000 0.240000 0.008156
0.340000 0.250000 0.007770
0.340000 0.260000 0.007382
0.340000 0.270000 0.006991
0.340000 0.280000 0.006599
0.340000 0.290000 0.006207
0.340000 0.300000 0.005816
0.340000 0.310000 0.005429
0.340000 0.320000 0.005051
0.340000 0.330000 0.004685
0.340000 0.340000 0.004327
0.340000 0.350000 0.003963
0.340000 0.360000 0.003602
0.340000 0.370000 0.003228
0.340000 0.380000 0.002755
0.340000 0.390000 0.001922
0.340000 0.400000 0.000915
0.340000 0.410000 -0.000538
0.340000 0.420000 -0.000526
0.340000 0.430000 -0.000617
0.340000 0.440000 -0.001806
0.340000 0.450000 -0.002522
0.340000 0.460000 -0.002393
0.340000 0.470000 -0.002476
0.340000 0.480000 0.000000
0.340000 0.490000 0.000000
0.350000 0.000000 0.017404
0.350000 0.010000 0.016723
0.350000 0.020000 0.016356
0.350000 0.030000 0.015989
0.350000 0.040000 0.015622
0.350000 0.050000 0.015255
0.350000 0.060000 0.014887
0.350000 0.070000 0.014518
0.350000 0.080000 0.014150
0.350000 0.090000 0.013781
0.350000 0.100000 0.013412
0.350000 0.110000 0.013042
0.350000 0.120000 0.012673
0.350000 0.130000 0.012303
0.350000 0.140000 0.011932
0.350000 0.150000 0.011561
0.350000 0.160000 0.011189
0.350000 0.170000 0.010817
0.350000 0.180000 0.010443
0.350000 0.190000 0.010069
0.350000 0.200000 0.009694
0.350000 0.210000 0.009318
0.350000 0.220000 0.008941
0.350000 0.230000 0.008562
0.350000 0.240000 0.008182
0.350000 0.250000 0.007801
0.350000 0.260000 0.007419
0.350000 0.270000 0.007035
0.350000 0.280000 0.006652
0.350000 0.290000 0.006269
0.350000 0.300000 0.005888
0.350000 0.310000 0.005511
0.350000 0.320000 0.005139
0.350000 0.330000 0.004772
0.350000 0.340000 0.004407
0.350000 0.350000 0.004031
0.350000 0.360000 0.003618
0.350000 0.370000 0.003159
0.350000 0.380000 0.002583
0.350000 0.390000 0.002143
0.350000 0.400000 0.001617
0.350000 0.410000 0.000864
0.350000 0.420000 -0.000123
0.350000 0.430000 -0.000462
0.350000 0.440000 -0.000927
0.350000 0.450000 -0.001392
0.350000 0.460000 -0.002476
0.350000 0.470000 -0.002534
0.350000 0.480000 0.000000
0.350000 0.490000 0.000000
0.360000 0.000000 0.017425
0.360000 0.010000 0.016713
0.360000 0.020000 0.016353
0.360000 0.030000 0.015989
0.360000 0.040000 0.015623
0.360000 0.050000 0.015256
0.360000 0.060000 0.014888
0.360000 0.070000 0.014521
0.360000 0.080000 0.014152
0.360000 0.090000 0.013784
0.360000 0.100000 0.013415
0.360000 0.110000 0.013046
0.360000 0.120000 0.012677
0.360000 0.130000 0.012308
0.360000 0.140000 0.011938
0.360000 0.150000 0.011567
0.360000 0.160000 0.011197
0.360000 0.170000 0.010826
0.360000 0.180000 0.010454
0.360000 0.190000 0.010082
0.360000 0.200000 0.009709
0.360000 0.210000 0.009335
0.360000 0.220000 0.008961
0.360000 0.230000 0.008585
0.360000 0.240000 0.008210
0.360000 0.250000 0.007833
0.360000 0.260000 0.007456
0.360000 0.270000 0.007080
0.360000 0.280000 0.006703
0.360000 0.290000 0.006328
0.360000 0.300000 0.005956
0.360000 0.310000 0.005586
0.360000 0.320000 0.005221
0.360000 0.330000 0.004859
0.360000 0.340000 0.004498
0.360000 0.350000 0.004138
0.360000 0.360000 0.003784
0.360000 0.370000 0.003489
0.360000 0.380000 0.002988
0.360000 0.390000 0.002511
0.360000 0.400000 0.002137
0.360000 0.410000 0.001877
0.360000 0.420000 0.000514
0.360000 0.430000 -0.000283
0.360000 0.440000 -0.001735
0.360000 0.450000 -0.002043
0.360000 0.460000 -0.002570
0.360000 0.470000 -0.002513
0.360000 0.480000 0.000000
0.360000 0.490000 0.000000
0.370000 0.000000 0.017426
0.370000 0.010000 0.016709
0.370000 0.020000 0.016353
0.370000 0.030000 0.015990
0.370000 0.040000 0.015625
0.370000 0.050000 0.015258
0.370000 0.060000 0.014891
0.370000 0.070000 0.014523
0.370000 0.080000 0.014155
0.370000 0.090000 0.013787
0.370000 0.100000 0.013419
0.370000 0.110000 0.013050
0.370000 0.120000 0.012682
0.370000 0.130000 0.012313
0.370000 0.140000 0.011944
0.370000 0.150000 0.011574
0.370000 0.160000 0.011205
0.370000 0.170000 0.010835
0.370000 0.180000 0.010465
0.370000 0.190000 0.010094
0.370000 0.200000 0.009724
0.370000 0.210000 0.009352
0.370000 0.220000 0.008981
0.370000 0.230000 0.008609
0.370000 0.240000 0.008237
0.370000 0.250000 0.007866
0.370000 0.260000 0.007494
0.370000 0.270000 0.007123
0.370000 0.280000 0.006754
0.370000 0.290000 0.006386
0.370000 0.300000 0.006020
0.370000 0.310000 0.005658
0.370000 0.320000 0.005299
0.370000 0.330000 0.004943
0.370000 0.340000 0.004589
0.370000 0.350000 0.004237
0.370000 0.360000 0.003886
0.370000 0.370000 0.003535
0.370000 0.380000 0.003128
0.370000 0.390000 0.002733
0.370000 0.400000 0.002317
0.370000 0.410000 0.002155
0.370000 0.420000 0.001169
0.370000 0.430000 0.000290
0.370000 0.440000 -0.001462
0.370000 0.450000 -0.002078
0.370000 0.460000 -0.001682
0.370000 0.470000 -0.002303
0.370000 0.480000 0.000000
0.370000 0.490000 0.000000
0.380000 0.000000 0.017406
0.380000 0.010000 0.016716
0.380000 0.020000 0.016359
0.380000 0.030000 0.015994
0.380000 0.040000 0.015628
0.380000 0.050000 0.015261
0.380000 0.060000 0.014893
0.380000 0.070000 0.014526
0.380000 0.080000 0.014158
0.380000 0.090000 0.013790
0.380000 0.100000 0.013422
0.380000 0.110000 0.013054
0.380000 0.120000 0.012686
0.380000 0.130000 0.012318
0.380000 0.140000 0.011950
0.380000 0.150000 0.011582
0.380000 0.160000 0.011213
0.380000 0.170000 0.010845
0.380000 0.180000 0.010476
0.380000 0.190000 0.010108
0.380000 0.200000 0.009739
0.380000 0.210000 0.009370
0.380000 0.220000 0.009002
0.380000 0.230000 0.008633
0.380000 0.240000 0.008265
0.380000 0.250000 0.007898
0.380000 0.260000 0.007531
0.380000 0.270000 0.007166
0.380000 0.280000 0.006802
0.380000 0.290000 0.006441
0.380000 0.300000 0.006082
0.380000 0.310000 0.005726
0.380000 0.320000 0.005373
0.380000 0.330000 0.005024
0.380000 0.340000 0.004678
0.380000 0.350000 0.004333
0.380000 0.360000 0.003989
0.380000 0.370000 0.003639
0.380000 0.380000 0.003266
0.380000 0.390000 0.002865
0.380000 0.400000 0.002444
0.380000 0.410000 0.002006
0.380000 0.420000 0.001623
0.380000 0.430000 0.001314
0.380000 0.440000 0.001839
0.380000 0.450000 0.000205
0.380000 0.460000 -0.001375
0.380000 0.470000 -0.000981
0.380000 0.480000 0.000000
0.380000 0.490000 0.000000
0.390000 0.000000 0.017341
0.390000 0.010000 0.016760
0.390000 0.020000 0.016373
0.390000 0.030000 0.016001
0.390000 0.040000 0.015632
0.390000 0.050000 0.015264
0.390000 0.060000 0.014896
0.390000 0.070000 0.014529
0.390000 0.080000 0.014161
0.390000 0.090000 0.013794
0.390000 0.100000 0.013426
0.390000 0.110000 0.013059
0.390000 0.120000 0.012691
0.390000 0.130000 0.012324
0.390000 0.140000 0.011957
0.390000 0.150000 0.011589
0.390000 0.160000 0.011222
0.390000 0.170000 0.010855
0.390000 0.180000 0.010488
0.390000 0.190000 0.010121
0.390000 0.200000 0.009754
0.390000 0.210000 0.009388
0.390000 0.220000 0.009022
0.390000 0.230000 0.008657
0.390000 0.240000 0.008292
0.390000 0.250000 0.007929
0.390000 0.260000 0.007567
0.390000 0.270000 0.007206
0.390000 0.280000 0.006848
0.390000 0.290000 0.006492
0.390000 0.300000 0.006140
0.390000 0.310000 0.005790
0.390000 0.320000 0.005445
0.390000 0.330000 0.005103
0.390000 0.340000 0.004764
0.390000 0.350000 0.004429
0.390000 0.360000 0.004097
0.390000 0.370000 0.003765
0.390000 0.380000 0.003435
0.390000 0.390000 0.003122
0.390000 0.400000 0.002881
0.390000 0.410000 0.002470
0.390000 0.420000 0.002002
0.390000 0.430000 0.001246
0.390000 0.440000 0.000731
0.390000 0.450000 -0.000082
0.390000 0.460000 -0.000190
0.390000 0.470000 -0.000882
0.390000 0.480000 0.000000
0.390000 0.490000 0.000000
0.400000 0.000000 0.017354
0.400000 0.010000 0.016745
0.400000 0.020000 0.016373
0.400000 0.030000 0.016003
0.400000 0.040000 0.015635
0.400000 0.050000 0.015267
0.400000 0.060000 0.014899
0.400000 0.070000 0.014531
0.400000 0.080000 0.014164
0.400000 0.090000 0.013797
0.400000 0.100000 0.013430
0.400000 0.110000 0.013063
0.400000 0.120000 0.012696
0.400000 0.130000 0.012330
0.400000 0.140000 0.011963
0.400000 0.150000 0.011597
0.400000 0.160000 0.011230
0.400000 0.170000 0.010865
0.400000 0.180000 0.010499
0.400000 0.190000 0.010134
0.400000 0.200000 0.009769
0.400000 0.210000 0.009405
0.400000 0.220000 0.009042
0.400000 0.230000 0.008680
0.400000 0.240000 0.008318
0.400000 0.250000 0.007959
0.400000 0.260000 0.007601
0.400000 0.270000 0.007245
0.400000 0.280000 0.006892
0.400000 0.290000 0.006541
0.400000 0.300000 0.006194
0.400000 0.310000 0.005851
0.400000 0.320000 0.005512
0.400000 0.330000 0.005177
0.400000 0.340000 0.004847
0.400000 0.350000 0.004522
0.400000 0.360000 0.004203
0.400000 0.370000 0.003890
0.400000 0.380000 0.003587
0.400000 0.390000 0.003302
0.400000 0.400000 0.003046
0.400000 0.410000 0.002788
0.400000 0.420000 0.002639
0.400000 0.430000 0.002837
0.400000 0.440000 0.002595
0.400000 0.450000 0.001821
0.400000 0.460000 0.001399
0.400000 0.470000 0.000966
0.400000 0.480000 0.000000
0.400000 0.490000 0.000000
0.410000 0.000000 0.017370
0.410000 0.010000 0.016736
0.410000 0.020000 0.016372
0.410000 0.030000 0.016005
0.410000 0.040000 0.015637
0.410000 0.050000 0.015269
0.410000 0.060000 0.014901
0.410000 0.070000 0.014534
0.410000 0.080000 0.014167
0.410000 0.090000 0.013800
0.410000 0.100000 0.013434
0.410000 0.110000 0.013067
0.410000 0.120000 0.012701
0.410000 0.130000 0.012335
0.410000 0.140000 0.011969
0.410000 0.150000 0.011604
0.410000 0.160000 0.011239
0.410000 0.170000 0.010874
0.410000 0.180000 0.010510
0.410000 0.190000 0.010146
0.410000 0.200000 0.009784
0.410000 0.210000 0.009422
0.410000 0.220000 0.009061
0.410000 0.230000 0.008701
0.410000 0.240000 0.008343
0.410000 0.250000 0.007987
0.410000 0.260000 0.007632
0.410000 0.270000 0.007281
0.410000 0.280000 0.006932
0.410000 0.290000 0.006586
0.410000 0.300000 0.006244
0.410000 0.310000 0.005907
0.410000 0.320000 0.005574
0.410000 0.330000 0.005246
0.410000 0.340000 0.004925
0.410000 0.350000 0.004610
0.410000 0.360000 0.004302
0.410000 0.370000 0.004005
0.410000 0.380000 0.003721
0.410000 0.390000 0.003455
0.410000 0.400000 0.003214
0.410000 0.410000 0.003004
0.410000 0.420000 0.002869
0.410000 0.430000 0.002767
0.410000 0.440000 0.002256
0.410000 0.450000 0.001300
0.410000 0.460000 0.000888
0.410000 0.470000 0.000432
0.410000 0.480000 0.000000
0.410000 0.490000 0.000000
0.420000 0.000000 0.017368
0.420000 0.010000 0.016744
0.420000 0.020000 0.016375
0.420000 0.030000 0.016007
0.420000 0.040000 0.015638
0.420000 0.050000 0.015271
0.420000 0.060000 0.014903
0.420000 0.070000 0.014537
0.420000 0.080000 0.014170
0.420000 0.090000 0.013803
0.420000 0.100000 0.013437
0.420000 0.110000 0.013071
0.420000 0.120000 0.012705
0.420000 0.130000 0.012340
0.420000 0.140000 0.011975
0.420000 0.150000 0.011610
0.420000 0.160000 0.011246
0.420000 0.170000 0.010883
0.420000 0.180000 0.010520
0.420000 0.190000 0.010158
0.420000 0.200000 0.009797
0.420000 0.210000 0.009437
0.420000 0.220000 0.009078
0.420000 0.230000 0.008721
0.420000 0.240000 0.008366
0.420000 0.250000 0.008012
0.420000 0.260000 0.007661
0.420000 0.270000 0.007313
0.420000 0.280000 0.006969
0.420000 0.290000 0.006627
0.420000 0.300000 0.006290
0.420000 0.310000 0.005958
0.420000 0.320000 0.005631
0.420000 0.330000 0.005310
0.420000 0.340000 0.004995
0.420000 0.350000 0.004689
0.420000 0.360000 0.004392
0.420000 0.370000 0.004106
0.420000 0.380000 0.003835
0.420000 0.390000 0.003583
0.420000 0.400000 0.003354
0.420000 0.410000 0.003148
0.420000 0.420000 0.002955
0.420000 0.430000 0.002777
0.420000 0.440000 0.002606
0.420000 0.450000 0.003067
0.420000 0.460000 0.002939
0.420000 0.470000 0.002224
0.420000 0.480000 0.000000
0.420000 0.490000 0.000000
0.430000 0.000000 0.017348
0.430000 0.010000 0.016765
0.430000 0.020000 0.016379
0.430000 0.030000 0.016008
0.430000 0.040000 0.015639
0.430000 0.050000 0.015272
0.430000 0.060000 0.014905
0.430000 0.070000 0.014539
0.430000 0.080000 0.014172
0.430000 0.090000 0.013806
0.430000 0.100000 0.013440
0.430000 0.110000 0.013075
0.430000 0.120000 0.012710
0.430000 0.130000 0.012345
0.430000 0.140000 0.011980
0.430000 0.150000 0.011617
0.430000 0.160000 0.011253
0.430000 0.170000 0.010891
0.430000 0.180000 0.010529
0.430000 0.190000 0.010169
0.430000 0.200000 0.009809
0.430000 0.210000 0.009451
0.430000 0.220000 0.009094
0.430000 0.230000 0.008739
0.430000 0.240000 0.008386
0.430000 0.250000 0.008036
0.430000 0.260000 0.007688
0.430000 0.270000 0.007343
0.430000 0.280000 0.007001
0.430000 0.290000 0.006664
0.430000 0.300000 0.006331
0.430000 0.310000 0.006004
0.430000 0.320000 0.005682
0.430000 0.330000 0.005366
0.430000 0.340000 0.005058
0.430000 0.350000 0.004759
0.430000 0.360000 0.004469
0.430000 0.370000 0.004192
0.430000 0.380000 0.003931
0.430000 0.390000 0.003688
0.430000 0.400000 0.003469
0.430000 0.410000 0.003281
0.430000 0.420000 0.003140
0.430000 0.430000 0.003100
0.430000 0.440000 0.002877
0.430000 0.450000 0.002818
0.430000 0.460000 0.003057
0.430000 0.470000 0.003459
0.430000 0.480000 0.000000
0.430000 0.490000 0.000000
0.440000 0.000000 0.017406
0.440000 0.010000 0.016726
0.440000 0.020000 0.016369
0.440000 0.030000 0.016005
0.440000 0.040000 0.015640
0.440000 0.050000 0.015273
0.440000 0.060000 0.014907
0.440000 0.070000 0.014541
0.440000 0.080000 0.014175
0.440000 0.090000 0.013809
0.440000 0.100000 0.013443
0.440000 0.110000 0.013078
0.440000 0.120000 0.012713
0.440000 0.130000 0.012349
0.440000 0.140000 0.011985
0.440000 0.150000 0.011622
0.440000 0.160000 0.011260
0.440000 0.170000 0.010898
0.440000 0.180000 0.010538
0.440000 0.190000 0.010178
0.440000 0.200000 0.009820
0.440000 0.210000 0.009463
0.440000 0.220000 0.009108
0.440000 0.230000 0.008755
0.440000 0.240000 0.008404
0.440000 0.250000 0.008056
0.440000 0.260000 0.007711
0.440000 0.270000 0.007369
0.440000 0.280000 0.007030
0.440000 0.290000 0.006696
0.440000 0.300000 0.006367
0.440000 0.310000 0.006043
0.440000 0.320000 0.005726
0.440000 0.330000 0.005415
0.440000 0.340000 0.005112
0.440000 0.350000 0.004818
0.440000 0.360000 0.004534
0.440000 0.370000 0.004263
0.440000 0.380000 0.004007
0.440000 0.390000 0.003769
0.440000 0.400000 0.003553
0.440000 0.410000 0.003366
0.440000 0.420000 0.003222
0.440000 0.430000 0.003149
0.440000 0.440000 0.002948
0.440000 0.450000 0.002671
0.440000 0.460000 0.002834
0.440000 0.470000 0.002856
0.440000 0.480000 0.000000
0.440000 0.490000 0.000000
0.450000 0.000000 0.017429
0.450000 0.010000 0.016712
0.450000 0.020000 0.016366
0.450000 0.030000 0.016005
0.450000 0.040000 0.015641
0.450000 0.050000 0.015275
0.450000 0.060000 0.014909
0.450000 0.070000 0.014542
0.450000 0.080000 0.014177
0.450000 0.090000 0.013811
0.450000 0.100000 0.013446
0.450000 0.110000 0.013081
0.450000 0.120000 0.012717
0.450000 0.130000 0.012353
0.450000 0.140000 0.011989
0.450000 0.150000 0.011627
0.450000 0.160000 0.011265
0.450000 0.170000 0.010904
0.450000 0.180000 0.010545
0.450000 0.190000 0.010186
0.450000 0.200000 0.009829
0.450000 0.210000 0.009474
0.450000 0.220000 0.009120
0.450000 0.230000 0.008769
0.450000 0.240000 0.008420
0.450000 0.250000 0.008073
0.450000 0.260000 0.007730
0.450000 0.270000 0.007390
0.450000 0.280000 0.007055
0.450000 0.290000 0.006723
0.450000 0.300000 0.006397
0.450000 0.310000 0.006077
0.450000 0.320000 0.005763
0.450000 0.330000 0.005456
0.450000 0.340000 0.005156
0.450000 0.350000 0.004867
0.450000 0.360000 0.004587
0.450000 0.370000 0.004319
0.450000 0.380000 0.004065
0.450000 0.390000 0.003827
0.450000 0.400000 0.003607
0.450000 0.410000 0.003408
0.450000 0.420000 0.003232
0.450000 0.430000 0.003074
0.450000 0.440000 0.002889
0.450000 0.450000 0.002551
0.450000 0.460000 0.002624
0.450000 0.470000 0.002516
0.450000 0.480000 0.000000
0.450000 0.490000 0.000000
0.460000 0.000000 0.017378
0.460000 0.010000 0.016751
0.460000 0.020000 0.016377
0.460000 0.030000 0.016009
0.460000 0.040000 0.015643
0.460000 0.050000 0.015276
0.460000 0.060000 0.014910
0.460000 0.070000 0.014544
0.460000 0.080000 0.014178
0.460000 0.090000 0.013813
0.460000 0.100000 0.013448
0.460000 0.110000 0.013083
0.460000 0.120000 0.012719
0.460000 0.130000 0.012356
0.460000 0.140000 0.011993
0.460000 0.150000 0.011631
0.460000 0.160000 0.011270
0.460000 0.170000 0.010910
0.460000 0.180000 0.010551
0.460000 0.190000 0.010193
0.460000 0.200000 0.009837
0.460000 0.210000 0.009482
0.460000 0.220000 0.009130
0.460000 0.230000 0.008780
0.460000 0.240000 0.008432
0.460000 0.250000 0.008087
0.460000 0.260000 0.007746
0.460000 0.270000 0.007408
0.460000 0.280000 0.007074
0.460000 0.290000 0.006745
0.460000 0.300000 0.006422
0.460000 0.310000 0.006104
0.460000 0.320000 0.005792
0.460000 0.330000 0.005488
0.460000 0.340000 0.005192
0.460000 0.350000 0.004905
0.460000 0.360000 0.004627
0.460000 0.370000 0.004361
0.460000 0.380000 0.004107
0.460000 0.390000 0.003867
0.460000 0.400000 0.003640
0.460000 0.410000 0.003427
0.460000 0.420000 0.003226
0.460000 0.430000 0.003030
0.460000 0.440000 0.002823
0.460000 0.450000 0.002443
0.460000 0.460000 0.002465
0.460000 0.470000 0.002305
0.460000 0.480000 0.000000
0.460000 0.490000 0.000000
0.470000 0.000000 0.017371
0.470000 0.010000 0.016754
0.470000 0.020000 0.016381
0.470000 0.030000 0.016012
0.470000 0.040000 0.015644
0.470000 0.050000 0.015278
0.470000 0.060000 0.014911
0.470000 0.070000 0.014545
0.470000 0.080000 0.014180
0.470000 0.090000 0.013814
0.470000 0.100000 0.013449
0.470000 0.110000 0.013085
0.470000 0.120000 0.012721
0.470000 0.130000 0.012358
0.470000 0.140000 0.011996
0.470000 0.150000 0.011634
0.470000 0.160000 0.011273
0.470000 0.170000 0.010914
0.470000 0.180000 0.010555
0.470000 0.190000 0.010198
0.470000 0.200000 0.009843
0.470000 0.210000 0.009489
0.470000 0.220000 0.009137
0.470000 0.230000 0.008788
0.470000 0.240000 0.008442
0.470000 0.250000 0.008098
0.470000 0.260000 0.007758
0.470000 0.270000 0.007421
0.470000 0.280000 0.007089
0.470000 0.290000 0.006762
0.470000 0.300000 0.006440
0.470000 0.310000 0.006124
0.470000 0.320000 0.005814
0.470000 0.330000 0.005512
0.470000 0.340000 0.005218
0.470000 0.350000 0.004933
0.470000 0.360000 0.004657
0.470000 0.370000 0.004391
0.470000 0.380000 0.004136
0.470000 0.390000 0.003893
0.470000 0.400000 0.003659
0.470000 0.410000 0.003435
0.470000 0.420000 0.003216
0.470000 0.430000 0.002997
0.470000 0.440000 0.002768
0.470000 0.450000 0.002361
0.470000 0.460000 0.002353
0.470000 0.470000 0.002170
0.470000 0.480000 0.000000
0.470000 0.490000 0.000000
0.480000 0.000000 0.017376
0.480000 0.010000 0.016757
0.480000 0.020000 0.016383
0.480000 0.030000 0.016013
0.480000 0.040000 0.015645
0.480000 0.050000 0.015278
0.480000 0.060000 0.014912
0.480000 0.070000 0.014546
0.480000 0.080000 0.014180
0.480000 0.090000 0.013815
0.480000 0.100000 0.013450
0.480000 0.110000 0.013086
0.480000 0.120000 0.012723
0.480000 0.130000 0.012360
0.480000 0.140000 0.011997
0.480000 0.150000 0.011636
0.480000 0.160000 0.011276
0.480000 0.170000 0.010916
0.480000 0.180000 0.010558
0.480000 0.190000 0.010202
0.480000 0.200000 0.009847
0.480000 0.210000 0.009493
0.480000 0.220000 0.009142
0.480000 0.230000 0.008794
0.480000 0.240000 0.008448
0.480000 0.250000 0.008105
0.480000 0.260000 0.007766
0.480000 0.270000 0.007430
0.480000 0.280000 0.007099
0.480000 0.290000 0.006773
0.480000 0.300000 0.006452
0.480000 0.310000 0.006137
0.480000 0.320000 0.005829
0.480000 0.330000 0.005528
0.480000 0.340000 0.005235
0.480000 0.350000 0.004951
0.480000 0.360000 0.004676
0.480000 0.370000 0.004410
0.480000 0.380000 0.004154
0.480000 0.390000 0.003908
0.480000 0.400000 0.003670
0.480000 0.410000 0.003438
0.480000 0.420000 0.003208
0.480000 0.430000 0.002974
0.480000 0.440000 0.002731
0.480000 0.450000 0.002307
0.480000 0.460000 0.002283
0.480000 0.470000 0.002090
0.480000 0.480000 0.000000
0.480000 0.490000 0.000000
0.490000 0.000000 0.017409
0.490000 0.010000 0.016741
0.490000 0.020000 0.016379
0.490000 0.030000 0.016012
0.490000 0.040000 0.015646
0.490000 0.050000 0.015279
0.490000 0.060000 0.014912
0.490000 0.070000 0.014546
0.490000 0.080000 0.014181
0.490000 0.090000 0.013816
0.490000 0.100000 0.013451
0.490000 0.110000 0.013087
0.490000 0.120000 0.012723
0.490000 0.130000 0.012360
0.490000 0.140000 0.011998
0.490000 0.150000 0.011637
0.490000 0.160000 0.011277
0.490000 0.170000 0.010918
0.490000 0.180000 0.010560
0.490000 0.190000 0.010203
0.490000 0.200000 0.009849
0.490000 0.210000 0.009496
0.490000 0.220000 0.009145
0.490000 0.230000 0.008797
0.490000 0.240000 0.008451
0.490000 0.250000 0.008109
0.490000 0.260000 0.007770
0.490000 0.270000 0.007435
0.490000 0.280000 0.007104
0.490000 0.290000 0.006779
0.490000 0.300000 0.006458
0.490000 0.310000 0.006144
0.490000 0.320000 0.005837
0.490000 0.330000 0.005536
0.490000 0.340000 0.005244
0.490000 0.350000 0.004960
0.490000 0.360000 0.004685
0.490000 0.370000 0.004419
0.490000 0.380000 0.004163
0.490000 0.390000 0.003915
0.490000 0.400000 0.003674
0.490000 0.410000 0.003438
0.490000 0.420000 0.003203
0.490000 0.430000 0.002963
0.490000 0.440000 0.002712
0.490000 0.450000 0.002280
0.490000 0.460000 0.002250
0.490000 0.470000 0.002051
0.490000 0.480000 0.000000
0.490000 0.490000 0.000000
