0.000000 0.000000 0.025955
0.000000 0.010000 0.025660
0.000000 0.020000 0.025386
0.000000 0.030000 0.000000
0.000000 0.040000 0.000000
0.000000 0.050000 0.000000
0.000000 0.060000 0.000000
0.000000 0.070000 0.000000
0.000000 0.080000 0.000000
0.000000 0.090000 0.000000
0.000000 0.100000 0.000000
0.000000 0.110000 0.017045
0.000000 0.120000 0.016774
0.000000 0.130000 0.016517
0.000000 0.140000 0.016226
0.000000 0.150000 0.015951
0.000000 0.160000 0.000000
0.000000 0.170000 0.000000
0.000000 0.180000 0.000000
0.000000 0.190000 0.000000
0.000000 0.200000 0.000000
0.000000 0.210000 0.000000
0.000000 0.220000 0.000000
0.000000 0.230000 0.000000
0.000000 0.240000 0.000000
0.000000 0.250000 0.000000
0.000000 0.260000 0.000000
0.000000 0.270000 0.000000
0.000000 0.280000 0.000000
0.000000 0.290000 0.000000
0.000000 0.300000 0.000000
0.000000 0.310000 0.000000
0.000000 0.320000 0.000000
0.000000 0.330000 0.000000
0.000000 0.340000 0.000000
0.000000 0.350000 0.000000
0.000000 0.360000 0.000000
0.000000 0.370000 0.000000
0.000000 0.380000 0.000000
0.000000 0.390000 0.000000
0.000000 0.400000 0.000000
0.000000 0.410000 0.000000
0.000000 0.420000 0.000000
0.000000 0.430000 0.000000
0.000000 0.440000 0.000000
0.000000 0.450000 0.000000
0.000000 0.460000 0.000000
0.000000 0.470000 0.000000
0.000000 0.480000 0.000000
0.000000 0.490000 0.000000
0.010000 0.000000 0.025955
0.010000 0.010000 0.000000
0.010000 0.020000 0.000000
0.010000 0.030000 0.000000
0.010000 0.040000 0.000000
0.010000 0.050000 0.000000
0.010000 0.060000 0.000000
0.010000 0.070000 0.000000
0.010000 0.080000 0.000000
0.010000 0.090000 0.000000
0.010000 0.100000 0.000000
0.010000 0.110000 0.000000
0.010000 0.120000 0.000000
0.010000 0.130000 0.000000
0.010000 0.140000 0.000000
0.010000 0.150000 0.000000
0.010000 0.160000 0.000000
0.010000 0.170000 0.000000
0.010000 0.180000 0.000000
0.010000 0.190000 0.000000
0.010000 0.200000 0.000000
0.010000 0.210000 0.000000
0.010000 0.220000 0.000000
0.010000 0.230000 0.000000
0.010000 0.240000 0.000000
0.010000 0.250000 0.000000
0.010000 0.260000 0.000000
0.010000 0.270000 0.000000
0.010000 0.280000 0.000000
0.010000 0.290000 0.000000
0.010000 0.300000 0.000000
0.010000 0.310000 0.000000
0.010000 0.320000 0.000000
0.010000 0.330000 0.000000
0.010000 0.340000 0.000000
0.010000 0.350000 0.000000
0.010000 0.360000 0.000000
0.010000 0.370000 0.000000
0.010000 0.380000 0.000000
0.010000 0.390000 0.000000
0.010000 0.400000 0.000000
0.010000 0.410000 0.000000
0.010000 0.420000 0.000000
0.010000 0.430000 0.000000
0.010000 0.440000 0.000000
0.010000 0.450000 0.000000
0.010000 0.460000 0.000000
0.010000 0.470000 0.000000
0.010000 0.480000 0.000000
0.010000 0.490000 0.000000
0.020000 0.000000 0.025956
0.020000 0.010000 0.000000
0.020000 0.020000 0.000000
0.020000 0.030000 0.000000
0.020000 0.040000 0.000000
0.020000 0.050000 0.000000
0.020000 0.060000 0.000000
0.020000 0.070000 0.000000
0.020000 0.080000 0.000000
0.020000 0.090000 0.000000
0.020000 0.100000 0.000000
0.020000 0.110000 0.000000
0.020000 0.120000 0.000000
0.020000 0.130000 0.000000
0.020000 0.140000 0.000000
0.020000 0.150000 0.000000
0.020000 0.160000 0.000000
0.020000 0.170000 0.000000
0.020000 0.180000 0.000000
0.020000 0.190000 0.000000
0.020000 0.200000 0.000000
0.020000 0.210000 0.000000
0.020000 0.220000 0.000000
0.020000 0.230000 0.000000
0.020000 0.240000 0.000000
0.020000 0.250000 0.000000
0.020000 0.260000 0.000000
0.020000 0.270000 0.000000
0.020000 0.280000 0.000000
0.020000 0.290000 0.000000
0.020000 0.300000 0.000000
0.020000 0.310000 0.000000
0.020000 0.320000 0.000000
0.020000 0.330000 0.000000
0.020000 0.340000 0.000000
0.020000 0.350000 0.000000
0.020000 0.360000 0.000000
0.020000 0.370000 0.000000
0.020000 0.380000 0.000000
0.020000 0.390000 0.000000
0.020000 0.400000 0.000000
0.020000 0.410000 0.000000
0.020000 0.420000 0.000000
0.020000 0.430000 0.000000
0.020000 0.440000 0.000000
0.020000 0.450000 0.000000
0.020000 0.460000 0.000000
0.020000 0.470000 0.000000
0.020000 0.480000 0.000000
0.020000 0.490000 0.000000
0.030000 0.000000 0.025956
0.030000 0.010000 0.000000
0.030000 0.020000 0.000000
0.030000 0.030000 0.000000
0.030000 0.040000 0.000000
0.030000 0.050000 0.000000
0.030000 0.060000 0.000000
0.030000 0.070000 0.000000
0.030000 0.080000 0.000000
0.030000 0.090000 0.000000
0.030000 0.100000 0.000000
0.030000 0.110000 0.000000
0.030000 0.120000 0.000000
0.030000 0.130000 0.000000
0.030000 0.140000 0.000000
0.030000 0.150000 0.000000
0.030000 0.160000 0.000000
0.030000 0.170000 0.000000
0.030000 0.180000 0.000000
0.030000 0.190000 0.000000
0.030000 0.200000 0.000000
0.030000 0.210000 0.000000
0.030000 0.220000 0.000000
0.030000 0.230000 0.000000
0.030000 0.240000 0.000000
0.030000 0.250000 0.000000
0.030000 0.260000 0.000000
0.030000 0.270000 0.000000
0.030000 0.280000 0.000000
0.030000 0.290000 0.000000
0.030000 0.300000 0.000000
0.030000 0.310000 0.000000
0.030000 0.320000 0.000000
0.030000 0.330000 0.000000
0.030000 0.340000 0.000000
0.030000 0.350000 0.000000
0.030000 0.360000 0.000000
0.030000 0.370000 0.000000
0.030000 0.380000 0.000000
0.030000 0.390000 0.000000
0.030000 0.400000 0.000000
0.030000 0.410000 0.000000
0.030000 0.420000 0.000000
0.030000 0.430000 0.000000
0.030000 0.440000 0.000000
0.030000 0.450000 0.000000
0.030000 0.460000 0.000000
0.030000 0.470000 0.000000
0.030000 0.480000 0.000000
0.030000 0.490000 0.000000
0.040000 0.000000 0.025956
0.040000 0.010000 0.000000
0.040000 0.020000 0.000000
0.040000 0.030000 0.000000
0.040000 0.040000 0.000000
0.040000 0.050000 0.000000
0.040000 0.060000 0.000000
0.040000 0.070000 0.000000
0.040000 0.080000 0.000000
0.040000 0.090000 0.000000
0.040000 0.100000 0.000000
0.040000 0.110000 0.000000
0.040000 0.120000 0.000000
0.040000 0.130000 0.000000
0.040000 0.140000 0.000000
0.040000 0.150000 0.000000
0.040000 0.160000 0.000000
0.040000 0.170000 0.000000
0.040000 0.180000 0.000000
0.040000 0.190000 0.000000
0.040000 0.200000 0.000000
0.040000 0.210000 0.000000
0.040000 0.220000 0.000000
0.040000 0.230000 0.000000
0.040000 0.240000 0.000000
0.040000 0.250000 0.000000
0.040000 0.260000 0.000000
0.040000 0.270000 0.000000
0.040000 0.280000 0.000000
0.040000 0.290000 0.000000
0.040000 0.300000 0.000000
0.040000 0.310000 0.000000
0.040000 0.320000 0.000000
0.040000 0.330000 0.000000
0.040000 0.340000 0.000000
0.040000 0.350000 0.000000
0.040000 0.360000 0.000000
0.040000 0.370000 0.000000
0.040000 0.380000 0.000000
0.040000 0.390000 0.000000
0.040000 0.400000 0.000000
0.040000 0.410000 0.000000
0.040000 0.420000 0.000000
0.040000 0.430000 0.000000
0.040000 0.440000 0.000000
0.040000 0.450000 0.000000
0.040000 0.460000 0.000000
0.040000 0.470000 0.000000
0.040000 0.480000 0.000000
0.040000 0.490000 0.000000
0.050000 0.000000 0.025956
0.050000 0.010000 0.000000
0.050000 0.020000 0.000000
0.050000 0.030000 0.000000
0.050000 0.040000 0.000000
0.050000 0.050000 0.000000
0.050000 0.060000 0.000000
0.050000 0.070000 0.000000
0.050000 0.080000 0.000000
0.050000 0.090000 0.000000
0.050000 0.100000 0.000000
0.050000 0.110000 0.000000
0.050000 0.120000 0.000000
0.050000 0.130000 0.000000
0.050000 0.140000 0.000000
0.050000 0.150000 0.000000
0.050000 0.160000 0.000000
0.050000 0.170000 0.000000
0.050000 0.180000 0.000000
0.050000 0.190000 0.000000
0.050000 0.200000 0.000000
0.050000 0.210000 0.000000
0.050000 0.220000 0.000000
0.050000 0.230000 0.000000
0.050000 0.240000 0.000000
0.050000 0.250000 0.000000
0.050000 0.260000 0.000000
0.050000 0.270000 0.000000
0.050000 0.280000 0.000000
0.050000 0.290000 0.000000
0.050000 0.300000 0.000000
0.050000 0.310000 0.000000
0.050000 0.320000 0.000000
0.050000 0.330000 0.000000
0.050000 0.340000 0.000000
0.050000 0.350000 0.000000
0.050000 0.360000 0.000000
0.050000 0.370000 0.000000
0.050000 0.380000 0.000000
0.050000 0.390000 0.000000
0.050000 0.400000 0.000000
0.050000 0.410000 0.000000
0.050000 0.420000 0.000000
0.050000 0.430000 0.000000
0.050000 0.440000 0.000000
0.050000 0.450000 0.000000
0.050000 0.460000 0.000000
0.050000 0.470000 0.000000
0.050000 0.480000 0.000000
0.050000 0.490000 0.000000
0.060000 0.000000 0.025957
0.060000 0.010000 0.000000
0.060000 0.020000 0.000000
0.060000 0.030000 0.000000
0.060000 0.040000 0.000000
0.060000 0.050000 0.000000
0.060000 0.060000 0.000000
0.060000 0.070000 0.000000
0.060000 0.080000 0.000000
0.060000 0.090000 0.000000
0.060000 0.100000 0.000000
0.060000 0.110000 0.000000
0.060000 0.120000 0.000000
0.060000 0.130000 0.000000
0.060000 0.140000 0.000000
0.060000 0.150000 0.000000
0.060000 0.160000 0.000000
0.060000 0.170000 0.000000
0.060000 0.180000 0.000000
0.060000 0.190000 0.000000
0.060000 0.200000 0.000000
0.060000 0.210000 0.000000
0.060000 0.220000 0.000000
0.060000 0.230000 0.000000
0.060000 0.240000 0.000000
0.060000 0.250000 0.000000
0.060000 0.260000 0.000000
0.060000 0.270000 0.000000
0.060000 0.280000 0.000000
0.060000 0.290000 0.000000
0.060000 0.300000 0.000000
0.060000 0.310000 0.000000
0.060000 0.320000 0.000000
0.060000 0.330000 0.000000
0.060000 0.340000 0.000000
0.060000 0.350000 0.000000
0.060000 0.360000 0.000000
0.060000 0.370000 0.000000
0.060000 0.380000 0.000000
0.060000 0.390000 0.000000
0.060000 0.400000 0.000000
0.060000 0.410000 0.000000
0.060000 0.420000 0.000000
0.060000 0.430000 0.000000
0.060000 0.440000 0.000000
0.060000 0.450000 0.000000
0.060000 0.460000 0.000000
0.060000 0.470000 0.000000
0.060000 0.480000 0.000000
0.060000 0.490000 0.000000
0.070000 0.000000 0.025957
0.070000 0.010000 0.000000
0.070000 0.020000 0.000000
0.070000 0.030000 0.000000
0.070000 0.040000 0.000000
0.070000 0.050000 0.000000
0.070000 0.060000 0.000000
0.070000 0.070000 0.000000
0.070000 0.080000 0.000000
0.070000 0.090000 0.000000
0.070000 0.100000 0.000000
0.070000 0.110000 0.000000
0.070000 0.120000 0.000000
0.070000 0.130000 0.000000
0.070000 0.140000 0.000000
0.070000 0.150000 0.000000
0.070000 0.160000 0.000000
0.070000 0.170000 0.000000
0.070000 0.180000 0.000000
0.070000 0.190000 0.000000
0.070000 0.200000 0.000000
0.070000 0.210000 0.000000
0.070000 0.220000 0.000000
0.070000 0.230000 0.000000
0.070000 0.240000 0.000000
0.070000 0.250000 0.000000
0.070000 0.260000 0.000000
0.070000 0.270000 0.000000
0.070000 0.280000 0.000000
0.070000 0.290000 0.000000
0.070000 0.300000 0.000000
0.070000 0.310000 0.000000
0.070000 0.320000 0.000000
0.070000 0.330000 0.000000
0.070000 0.340000 0.000000
0.070000 0.350000 0.000000
0.070000 0.360000 0.000000
0.070000 0.370000 0.000000
0.070000 0.380000 0.000000
0.070000 0.390000 0.000000
0.070000 0.400000 0.000000
0.070000 0.410000 0.000000
0.070000 0.420000 0.000000
0.070000 0.430000 0.000000
0.070000 0.440000 0.000000
0.070000 0.450000 0.000000
0.070000 0.460000 0.000000
0.070000 0.470000 0.000000
0.070000 0.480000 0.000000
0.070000 0.490000 0.000000
0.080000 0.000000 0.025957
0.080000 0.010000 0.000000
0.080000 0.020000 0.000000
0.080000 0.030000 0.000000
0.080000 0.040000 0.000000
0.080000 0.050000 0.000000
0.080000 0.060000 0.000000
0.080000 0.070000 0.000000
0.080000 0.080000 0.000000
0.080000 0.090000 0.000000
0.080000 0.100000 0.000000
0.080000 0.110000 0.000000
0.080000 0.120000 0.000000
0.080000 0.130000 0.000000
0.080000 0.140000 0.000000
0.080000 0.150000 0.000000
0.080000 0.160000 0.000000
0.080000 0.170000 0.000000
0.080000 0.180000 0.000000
0.080000 0.190000 0.000000
0.080000 0.200000 0.000000
0.080000 0.210000 0.000000
0.080000 0.220000 0.000000
0.080000 0.230000 0.000000
0.080000 0.240000 0.000000
0.080000 0.250000 0.000000
0.080000 0.260000 0.000000
0.080000 0.270000 0.000000
0.080000 0.280000 0.000000
0.080000 0.290000 0.000000
0.080000 0.300000 0.000000
0.080000 0.310000 0.000000
0.080000 0.320000 0.000000
0.080000 0.330000 0.000000
0.080000 0.340000 0.000000
0.080000 0.350000 0.000000
0.080000 0.360000 0.000000
0.080000 0.370000 0.000000
0.080000 0.380000 0.000000
0.080000 0.390000 0.000000
0.080000 0.400000 0.000000
0.080000 0.410000 0.000000
0.080000 0.420000 0.000000
0.080000 0.430000 0.000000
0.080000 0.440000 0.000000
0.080000 0.450000 0.000000
0.080000 0.460000 0.000000
0.080000 0.470000 0.000000
0.080000 0.480000 0.000000
0.080000 0.490000 0.000000
0.090000 0.000000 0.025957
0.090000 0.010000 0.000000
0.090000 0.020000 0.000000
0.090000 0.030000 0.000000
0.090000 0.040000 0.000000
0.090000 0.050000 0.000000
0.090000 0.060000 0.000000
0.090000 0.070000 0.000000
0.090000 0.080000 0.000000
0.090000 0.090000 0.000000
0.090000 0.100000 0.000000
0.090000 0.110000 0.000000
0.090000 0.120000 0.000000
0.090000 0.130000 0.000000
0.090000 0.140000 0.000000
0.090000 0.150000 0.000000
0.090000 0.160000 0.000000
0.090000 0.170000 0.000000
0.090000 0.180000 0.000000
0.090000 0.190000 0.000000
0.090000 0.200000 0.000000
0.090000 0.210000 0.000000
0.090000 0.220000 0.000000
0.090000 0.230000 0.000000
0.090000 0.240000 0.000000
0.090000 0.250000 0.000000
0.090000 0.260000 0.000000
0.090000 0.270000 0.000000
0.090000 0.280000 0.000000
0.090000 0.290000 0.000000
0.090000 0.300000 0.000000
0.090000 0.310000 0.000000
0.090000 0.320000 0.000000
0.090000 0.330000 0.000000
0.090000 0.340000 0.000000
0.090000 0.350000 0.000000
0.090000 0.360000 0.000000
0.090000 0.370000 0.000000
0.090000 0.380000 0.000000
0.090000 0.390000 0.000000
0.090000 0.400000 0.000000
0.090000 0.410000 0.000000
0.090000 0.420000 0.000000
0.090000 0.430000 0.000000
0.090000 0.440000 0.000000
0.090000 0.450000 0.000000
0.090000 0.460000 0.000000
0.090000 0.470000 0.000000
0.090000 0.480000 0.000000
0.090000 0.490000 0.000000
0.100000 0.000000 0.025957
0.100000 0.010000 0.000000
0.100000 0.020000 0.000000
0.100000 0.030000 0.000000
0.100000 0.040000 0.000000
0.100000 0.050000 0.000000
0.100000 0.060000 0.000000
0.100000 0.070000 0.000000
0.100000 0.080000 0.000000
0.100000 0.090000 0.000000
0.100000 0.100000 0.000000
0.100000 0.110000 0.000000
0.100000 0.120000 0.000000
0.100000 0.130000 0.000000
0.100000 0.140000 0.000000
0.100000 0.150000 0.000000
0.100000 0.160000 0.000000
0.100000 0.170000 0.000000
0.100000 0.180000 0.000000
0.100000 0.190000 0.000000
0.100000 0.200000 0.000000
0.100000 0.210000 0.000000
0.100000 0.220000 0.000000
0.100000 0.230000 0.000000
0.100000 0.240000 0.000000
0.100000 0.250000 0.000000
0.100000 0.260000 0.000000
0.100000 0.270000 0.000000
0.100000 0.280000 0.000000
0.100000 0.290000 0.000000
0.100000 0.300000 0.000000
0.100000 0.310000 0.000000
0.100000 0.320000 0.000000
0.100000 0.330000 0.000000
0.100000 0.340000 0.000000
0.100000 0.350000 0.000000
0.100000 0.360000 0.000000
0.100000 0.370000 0.000000
0.100000 0.380000 0.000000
0.100000 0.390000 0.000000
0.100000 0.400000 0.000000
0.100000 0.410000 0.000000
0.100000 0.420000 0.000000
0.100000 0.430000 0.000000
0.100000 0.440000 0.000000
0.100000 0.450000 0.000000
0.100000 0.460000 0.000000
0.100000 0.470000 0.000000
0.100000 0.480000 0.000000
0.100000 0.490000 0.000000
0.110000 0.000000 0.025958
0.110000 0.010000 0.000000
0.110000 0.020000 0.000000
0.110000 0.030000 0.000000
0.110000 0.040000 0.000000
0.110000 0.050000 0.000000
0.110000 0.060000 0.000000
0.110000 0.070000 0.000000
0.110000 0.080000 0.000000
0.110000 0.090000 0.000000
0.110000 0.100000 0.000000
0.110000 0.110000 0.000000
0.110000 0.120000 0.000000
0.110000 0.130000 0.000000
0.110000 0.140000 0.000000
0.110000 0.150000 0.000000
0.110000 0.160000 0.000000
0.110000 0.170000 0.000000
0.110000 0.180000 0.000000
0.110000 0.190000 0.000000
0.110000 0.200000 0.000000
0.110000 0.210000 0.000000
0.110000 0.220000 0.000000
0.110000 0.230000 0.000000
0.110000 0.240000 0.000000
0.110000 0.250000 0.000000
0.110000 0.260000 0.000000
0.110000 0.270000 0.000000
0.110000 0.280000 0.000000
0.110000 0.290000 0.000000
0.110000 0.300000 0.000000
0.110000 0.310000 0.000000
0.110000 0.320000 0.000000
0.110000 0.330000 0.000000
0.110000 0.340000 0.000000
0.110000 0.350000 0.000000
0.110000 0.360000 0.000000
0.110000 0.370000 0.000000
0.110000 0.380000 0.000000
0.110000 0.390000 0.000000
0.110000 0.400000 0.000000
0.110000 0.410000 0.000000
0.110000 0.420000 0.000000
0.110000 0.430000 0.000000
0.110000 0.440000 0.000000
0.110000 0.450000 0.000000
0.110000 0.460000 0.000000
0.110000 0.470000 0.000000
0.110000 0.480000 0.000000
0.110000 0.490000 0.000000
0.120000 0.000000 0.025958
0.120000 0.010000 0.000000
0.120000 0.020000 0.000000
0.120000 0.030000 0.000000
0.120000 0.040000 0.000000
0.120000 0.050000 0.000000
0.120000 0.060000 0.000000
0.120000 0.070000 0.000000
0.120000 0.080000 0.000000
0.120000 0.090000 0.000000
0.120000 0.100000 0.000000
0.120000 0.110000 0.000000
0.120000 0.120000 0.000000
0.120000 0.130000 0.000000
0.120000 0.140000 0.000000
0.120000 0.150000 0.000000
0.120000 0.160000 0.000000
0.120000 0.170000 0.000000
0.120000 0.180000 0.000000
0.120000 0.190000 0.000000
0.120000 0.200000 0.000000
0.120000 0.210000 0.000000
0.120000 0.220000 0.000000
0.120000 0.230000 0.000000
0.120000 0.240000 0.000000
0.120000 0.250000 0.000000
0.120000 0.260000 0.000000
0.120000 0.270000 0.000000
0.120000 0.280000 0.000000
0.120000 0.290000 0.000000
0.120000 0.300000 0.000000
0.120000 0.310000 0.000000
0.120000 0.320000 0.000000
0.120000 0.330000 0.000000
0.120000 0.340000 0.000000
0.120000 0.350000 0.000000
0.120000 0.360000 0.000000
0.120000 0.370000 0.000000
0.120000 0.380000 0.000000
0.120000 0.390000 0.000000
0.120000 0.400000 0.000000
0.120000 0.410000 0.000000
0.120000 0.420000 0.000000
0.120000 0.430000 0.000000
0.120000 0.440000 0.000000
0.120000 0.450000 0.000000
0.120000 0.460000 0.000000
0.120000 0.470000 0.000000
0.120000 0.480000 0.000000
0.120000 0.490000 0.000000
0.130000 0.000000 0.025958
0.130000 0.010000 0.000000
0.130000 0.020000 0.000000
0.130000 0.030000 0.000000
0.130000 0.040000 0.000000
0.130000 0.050000 0.000000
0.130000 0.060000 0.000000
0.130000 0.070000 0.000000
0.130000 0.080000 0.000000
0.130000 0.090000 0.000000
0.130000 0.100000 0.000000
0.130000 0.110000 0.000000
0.130000 0.120000 0.000000
0.130000 0.130000 0.000000
0.130000 0.140000 0.000000
0.130000 0.150000 0.000000
0.130000 0.160000 0.000000
0.130000 0.170000 0.000000
0.130000 0.180000 0.000000
0.130000 0.190000 0.000000
0.130000 0.200000 0.000000
0.130000 0.210000 0.000000
0.130000 0.220000 0.000000
0.130000 0.230000 0.000000
0.130000 0.240000 0.000000
0.130000 0.250000 0.000000
0.130000 0.260000 0.000000
0.130000 0.270000 0.000000
0.130000 0.280000 0.000000
0.130000 0.290000 0.000000
0.130000 0.300000 0.000000
0.130000 0.310000 0.000000
0.130000 0.320000 0.000000
0.130000 0.330000 0.000000
0.130000 0.340000 0.000000
0.130000 0.350000 0.000000
0.130000 0.360000 0.000000
0.130000 0.370000 0.000000
0.130000 0.380000 0.000000
0.130000 0.390000 0.000000
0.130000 0.400000 0.000000
0.130000 0.410000 0.000000
0.130000 0.420000 0.000000
0.130000 0.430000 0.000000
0.130000 0.440000 0.000000
0.130000 0.450000 0.000000
0.130000 0.460000 0.000000
0.130000 0.470000 0.000000
0.130000 0.480000 0.000000
0.130000 0.490000 0.000000
0.140000 0.000000 0.025958
0.140000 0.010000 0.000000
0.140000 0.020000 0.000000
0.140000 0.030000 0.000000
0.140000 0.040000 0.000000
0.140000 0.050000 0.000000
0.140000 0.060000 0.000000
0.140000 0.070000 0.000000
0.140000 0.080000 0.000000
0.140000 0.090000 0.000000
0.140000 0.100000 0.000000
0.140000 0.110000 0.000000
0.140000 0.120000 0.000000
0.140000 0.130000 0.000000
0.140000 0.140000 0.000000
0.140000 0.150000 0.000000
0.140000 0.160000 0.000000
0.140000 0.170000 0.000000
0.140000 0.180000 0.000000
0.140000 0.190000 0.000000
0.140000 0.200000 0.000000
0.140000 0.210000 0.000000
0.140000 0.220000 0.000000
0.140000 0.230000 0.000000
0.140000 0.240000 0.000000
0.140000 0.250000 0.000000
0.140000 0.260000 0.000000
0.140000 0.270000 0.000000
0.140000 0.280000 0.000000
0.140000 0.290000 0.000000
0.140000 0.300000 0.000000
0.140000 0.310000 0.000000
0.140000 0.320000 0.000000
0.140000 0.330000 0.000000
0.140000 0.340000 0.000000
0.140000 0.350000 0.000000
0.140000 0.360000 0.000000
0.140000 0.370000 0.000000
0.140000 0.380000 0.000000
0.140000 0.390000 0.000000
0.140000 0.400000 0.000000
0.140000 0.410000 0.000000
0.140000 0.420000 0.000000
0.140000 0.430000 0.000000
0.140000 0.440000 0.000000
0.140000 0.450000 0.000000
0.140000 0.460000 0.000000
0.140000 0.470000 0.000000
0.140000 0.480000 0.000000
0.140000 0.490000 0.000000
0.150000 0.000000 0.025959
0.150000 0.010000 0.000000
0.150000 0.020000 0.000000
0.150000 0.030000 0.000000
0.150000 0.040000 0.000000
0.150000 0.050000 0.000000
0.150000 0.060000 0.000000
0.150000 0.070000 0.000000
0.150000 0.080000 0.000000
0.150000 0.090000 0.000000
0.150000 0.100000 0.000000
0.150000 0.110000 0.000000
0.150000 0.120000 0.000000
0.150000 0.130000 0.000000
0.150000 0.140000 0.000000
0.150000 0.150000 0.000000
0.150000 0.160000 0.000000
0.150000 0.170000 0.000000
0.150000 0.180000 0.000000
0.150000 0.190000 0.000000
0.150000 0.200000 0.000000
0.150000 0.210000 0.000000
0.150000 0.220000 0.000000
0.150000 0.230000 0.000000
0.150000 0.240000 0.000000
0.150000 0.250000 0.000000
0.150000 0.260000 0.000000
0.150000 0.270000 0.000000
0.150000 0.280000 0.000000
0.150000 0.290000 0.000000
0.150000 0.300000 0.000000
0.150000 0.310000 0.000000
0.150000 0.320000 0.000000
0.150000 0.330000 0.000000
0.150000 0.340000 0.000000
0.150000 0.350000 0.000000
0.150000 0.360000 0.000000
0.150000 0.370000 0.000000
0.150000 0.380000 0.000000
0.150000 0.390000 0.000000
0.150000 0.400000 0.000000
0.150000 0.410000 0.000000
0.150000 0.420000 0.000000
0.150000 0.430000 0.000000
0.150000 0.440000 0.000000
0.150000 0.450000 0.000000
0.150000 0.460000 0.000000
0.150000 0.470000 0.000000
0.150000 0.480000 0.000000
0.150000 0.490000 0.000000
0.160000 0.000000 0.025959
0.160000 0.010000 0.000000
0.160000 0.020000 0.000000
0.160000 0.030000 0.000000
0.160000 0.040000 0.000000
0.160000 0.050000 0.000000
0.160000 0.060000 0.000000
0.160000 0.070000 0.000000
0.160000 0.080000 0.000000
0.160000 0.090000 0.000000
0.160000 0.100000 0.000000
0.160000 0.110000 0.000000
0.160000 0.120000 0.000000
0.160000 0.130000 0.000000
0.160000 0.140000 0.000000
0.160000 0.150000 0.000000
0.160000 0.160000 0.000000
0.160000 0.170000 0.000000
0.160000 0.180000 0.000000
0.160000 0.190000 0.000000
0.160000 0.200000 0.000000
0.160000 0.210000 0.000000
0.160000 0.220000 0.000000
0.160000 0.230000 0.000000
0.160000 0.240000 0.000000
0.160000 0.250000 0.000000
0.160000 0.260000 0.000000
0.160000 0.270000 0.000000
0.160000 0.280000 0.000000
0.160000 0.290000 0.000000
0.160000 0.300000 0.000000
0.160000 0.310000 0.000000
0.160000 0.320000 0.000000
0.160000 0.330000 0.000000
0.160000 0.340000 0.000000
0.160000 0.350000 0.000000
0.160000 0.360000 0.000000
0.160000 0.370000 0.000000
0.160000 0.380000 0.000000
0.160000 0.390000 0.000000
0.160000 0.400000 0.000000
0.160000 0.410000 0.000000
0.160000 0.420000 0.000000
0.160000 0.430000 0.000000
0.160000 0.440000 0.000000
0.160000 0.450000 0.000000
0.160000 0.460000 0.000000
0.160000 0.470000 0.000000
0.160000 0.480000 0.000000
0.160000 0.490000 0.000000
0.170000 0.000000 0.025959
0.170000 0.010000 0.000000
0.170000 0.020000 0.000000
0.170000 0.030000 0.000000
0.170000 0.040000 0.000000
0.170000 0.050000 0.000000
0.170000 0.060000 0.000000
0.170000 0.070000 0.000000
0.170000 0.080000 0.000000
0.170000 0.090000 0.000000
0.170000 0.100000 0.000000
0.170000 0.110000 0.000000
0.170000 0.120000 0.000000
0.170000 0.130000 0.000000
0.170000 0.140000 0.000000
0.170000 0.150000 0.000000
0.170000 0.160000 0.000000
0.170000 0.170000 0.000000
0.170000 0.180000 0.000000
0.170000 0.190000 0.000000
0.170000 0.200000 0.000000
0.170000 0.210000 0.000000
0.170000 0.220000 0.000000
0.170000 0.230000 0.000000
0.170000 0.240000 0.000000
0.170000 0.250000 0.000000
0.170000 0.260000 0.000000
0.170000 0.270000 0.000000
0.170000 0.280000 0.000000
0.170000 0.290000 0.000000
0.170000 0.300000 0.000000
0.170000 0.310000 0.000000
0.170000 0.320000 0.000000
0.170000 0.330000 0.000000
0.170000 0.340000 0.000000
0.170000 0.350000 0.000000
0.170000 0.360000 0.000000
0.170000 0.370000 0.000000
0.170000 0.380000 0.000000
0.170000 0.390000 0.000000
0.170000 0.400000 0.000000
0.170000 0.410000 0.000000
0.170000 0.420000 0.000000
0.170000 0.430000 0.000000
0.170000 0.440000 0.000000
0.170000 0.450000 0.000000
0.170000 0.460000 0.000000
0.170000 0.470000 0.000000
0.170000 0.480000 0.000000
0.170000 0.490000 0.000000
0.180000 0.000000 0.025959
0.180000 0.010000 0.000000
0.180000 0.020000 0.000000
0.180000 0.030000 0.000000
0.180000 0.040000 0.000000
0.180000 0.050000 0.000000
0.180000 0.060000 0.000000
0.180000 0.070000 0.000000
0.180000 0.080000 0.000000
0.180000 0.090000 0.000000
0.180000 0.100000 0.000000
0.180000 0.110000 0.000000
0.180000 0.120000 0.000000
0.180000 0.130000 0.000000
0.180000 0.140000 0.000000
0.180000 0.150000 0.000000
0.180000 0.160000 0.000000
0.180000 0.170000 0.000000
0.180000 0.180000 0.000000
0.180000 0.190000 0.000000
0.180000 0.200000 0.000000
0.180000 0.210000 0.000000
0.180000 0.220000 0.000000
0.180000 0.230000 0.000000
0.180000 0.240000 0.000000
0.180000 0.250000 0.000000
0.180000 0.260000 0.000000
0.180000 0.270000 0.000000
0.180000 0.280000 0.000000
0.180000 0.290000 0.000000
0.180000 0.300000 0.000000
0.180000 0.310000 0.000000
0.180000 0.320000 0.000000
0.180000 0.330000 0.000000
0.180000 0.340000 0.000000
0.180000 0.350000 0.000000
0.180000 0.360000 0.000000
0.180000 0.370000 0.000000
0.180000 0.380000 0.000000
0.180000 0.390000 0.000000
0.180000 0.400000 0.000000
0.180000 0.410000 0.000000
0.180000 0.420000 0.000000
0.180000 0.430000 0.000000
0.180000 0.440000 0.000000
0.180000 0.450000 0.000000
0.180000 0.460000 0.000000
0.180000 0.470000 0.000000
0.180000 0.480000 0.000000
0.180000 0.490000 0.000000
0.190000 0.000000 0.025959
0.190000 0.010000 0.000000
0.190000 0.020000 0.000000
0.190000 0.030000 0.000000
0.190000 0.040000 0.000000
0.190000 0.050000 0.000000
0.190000 0.060000 0.000000
0.190000 0.070000 0.000000
0.190000 0.080000 0.000000
0.190000 0.090000 0.000000
0.190000 0.100000 0.000000
0.190000 0.110000 0.000000
0.190000 0.120000 0.000000
0.190000 0.130000 0.000000
0.190000 0.140000 0.000000
0.190000 0.150000 0.000000
0.190000 0.160000 0.000000
0.190000 0.170000 0.000000
0.190000 0.180000 0.000000
0.190000 0.190000 0.000000
0.190000 0.200000 0.000000
0.190000 0.210000 0.000000
0.190000 0.220000 0.000000
0.190000 0.230000 0.000000
0.190000 0.240000 0.000000
0.190000 0.250000 0.000000
0.190000 0.260000 0.000000
0.190000 0.270000 0.000000
0.190000 0.280000 0.000000
0.190000 0.290000 0.000000
0.190000 0.300000 0.000000
0.190000 0.310000 0.000000
0.190000 0.320000 0.000000
0.190000 0.330000 0.000000
0.190000 0.340000 0.000000
0.190000 0.350000 0.000000
0.190000 0.360000 0.000000
0.190000 0.370000 0.000000
0.190000 0.380000 0.000000
0.190000 0.390000 0.000000
0.190000 0.400000 0.000000
0.190000 0.410000 0.000000
0.190000 0.420000 0.000000
0.190000 0.430000 0.000000
0.190000 0.440000 0.000000
0.190000 0.450000 0.000000
0.190000 0.460000 0.000000
0.190000 0.470000 0.000000
0.190000 0.480000 0.000000
0.190000 0.490000 0.000000
0.200000 0.000000 0.025960
0.200000 0.010000 0.000000
0.200000 0.020000 0.000000
0.200000 0.030000 0.000000
0.200000 0.040000 0.000000
0.200000 0.050000 0.000000
0.200000 0.060000 0.000000
0.200000 0.070000 0.000000
0.200000 0.080000 0.000000
0.200000 0.090000 0.000000
0.200000 0.100000 0.000000
0.200000 0.110000 0.000000
0.200000 0.120000 0.000000
0.200000 0.130000 0.000000
0.200000 0.140000 0.000000
0.200000 0.150000 0.000000
0.200000 0.160000 0.000000
0.200000 0.170000 0.000000
0.200000 0.180000 0.000000
0.200000 0.190000 0.000000
0.200000 0.200000 0.000000
0.200000 0.210000 0.000000
0.200000 0.220000 0.000000
0.200000 0.230000 0.000000
0.200000 0.240000 0.000000
0.200000 0.250000 0.000000
0.200000 0.260000 0.000000
0.200000 0.270000 0.000000
0.200000 0.280000 0.000000
0.200000 0.290000 0.000000
0.200000 0.300000 0.000000
0.200000 0.310000 0.000000
0.200000 0.320000 0.000000
0.200000 0.330000 0.000000
0.200000 0.340000 0.000000
0.200000 0.350000 0.000000
0.200000 0.360000 0.000000
0.200000 0.370000 0.000000
0.200000 0.380000 0.000000
0.200000 0.390000 0.000000
0.200000 0.400000 0.000000
0.200000 0.410000 0.000000
0.200000 0.420000 0.000000
0.200000 0.430000 0.000000
0.200000 0.440000 0.000000
0.200000 0.450000 0.000000
0.200000 0.460000 0.000000
0.200000 0.470000 0.000000
0.200000 0.480000 0.000000
0.200000 0.490000 0.000000
0.210000 0.000000 0.025960
0.210000 0.010000 0.000000
0.210000 0.020000 0.000000
0.210000 0.030000 0.000000
0.210000 0.040000 0.000000
0.210000 0.050000 0.000000
0.210000 0.060000 0.000000
0.210000 0.070000 0.000000
0.210000 0.080000 0.000000
0.210000 0.090000 0.000000
0.210000 0.100000 0.000000
0.210000 0.110000 0.000000
0.210000 0.120000 0.000000
0.210000 0.130000 0.000000
0.210000 0.140000 0.000000
0.210000 0.150000 0.000000
0.210000 0.160000 0.000000
0.210000 0.170000 0.000000
0.210000 0.180000 0.000000
0.210000 0.190000 0.000000
0.210000 0.200000 0.000000
0.210000 0.210000 0.000000
0.210000 0.220000 0.000000
0.210000 0.230000 0.000000
0.210000 0.240000 0.000000
0.210000 0.250000 0.000000
0.210000 0.260000 0.000000
0.210000 0.270000 0.000000
0.210000 0.280000 0.000000
0.210000 0.290000 0.000000
0.210000 0.300000 0.000000
0.210000 0.310000 0.000000
0.210000 0.320000 0.000000
0.210000 0.330000 0.000000
0.210000 0.340000 0.000000
0.210000 0.350000 0.000000
0.210000 0.360000 0.000000
0.210000 0.370000 0.000000
0.210000 0.380000 0.000000
0.210000 0.390000 0.000000
0.210000 0.400000 0.000000
0.210000 0.410000 0.000000
0.210000 0.420000 0.000000
0.210000 0.430000 0.000000
0.210000 0.440000 0.000000
0.210000 0.450000 0.000000
0.210000 0.460000 0.000000
0.210000 0.470000 0.000000
0.210000 0.480000 0.000000
0.210000 0.490000 0.000000
0.220000 0.000000 0.025960
0.220000 0.010000 0.000000
0.220000 0.020000 0.000000
0.220000 0.030000 0.000000
0.220000 0.040000 0.000000
0.220000 0.050000 0.000000
0.220000 0.060000 0.000000
0.220000 0.070000 0.000000
0.220000 0.080000 0.000000
0.220000 0.090000 0.000000
0.220000 0.100000 0.000000
0.220000 0.110000 0.000000
0.220000 0.120000 0.000000
0.220000 0.130000 0.000000
0.220000 0.140000 0.000000
0.220000 0.150000 0.000000
0.220000 0.160000 0.000000
0.220000 0.170000 0.000000
0.220000 0.180000 0.000000
0.220000 0.190000 0.000000
0.220000 0.200000 0.000000
0.220000 0.210000 0.000000
0.220000 0.220000 0.000000
0.220000 0.230000 0.000000
0.220000 0.240000 0.000000
0.220000 0.250000 0.000000
0.220000 0.260000 0.000000
0.220000 0.270000 0.000000
0.220000 0.280000 0.000000
0.220000 0.290000 0.000000
0.220000 0.300000 0.000000
0.220000 0.310000 0.000000
0.220000 0.320000 0.000000
0.220000 0.330000 0.000000
0.220000 0.340000 0.000000
0.220000 0.350000 0.000000
0.220000 0.360000 0.000000
0.220000 0.370000 0.000000
0.220000 0.380000 0.000000
0.220000 0.390000 0.000000
0.220000 0.400000 0.000000
0.220000 0.410000 0.000000
0.220000 0.420000 0.000000
0.220000 0.430000 0.000000
0.220000 0.440000 0.000000
0.220000 0.450000 0.000000
0.220000 0.460000 0.000000
0.220000 0.470000 0.000000
0.220000 0.480000 0.000000
0.220000 0.490000 0.000000
0.230000 0.000000 0.025960
0.230000 0.010000 0.000000
0.230000 0.020000 0.000000
0.230000 0.030000 0.000000
0.230000 0.040000 0.000000
0.230000 0.050000 0.000000
0.230000 0.060000 0.000000
0.230000 0.070000 0.000000
0.230000 0.080000 0.000000
0.230000 0.090000 0.000000
0.230000 0.100000 0.000000
0.230000 0.110000 0.000000
0.230000 0.120000 0.000000
0.230000 0.130000 0.000000
0.230000 0.140000 0.000000
0.230000 0.150000 0.000000
0.230000 0.160000 0.000000
0.230000 0.170000 0.000000
0.230000 0.180000 0.000000
0.230000 0.190000 0.000000
0.230000 0.200000 0.000000
0.230000 0.210000 0.000000
0.230000 0.220000 0.000000
0.230000 0.230000 0.000000
0.230000 0.240000 0.000000
0.230000 0.250000 0.000000
0.230000 0.260000 0.000000
0.230000 0.270000 0.000000
0.230000 0.280000 0.000000
0.230000 0.290000 0.000000
0.230000 0.300000 0.000000
0.230000 0.310000 0.000000
0.230000 0.320000 0.000000
0.230000 0.330000 0.000000
0.230000 0.340000 0.000000
0.230000 0.350000 0.000000
0.230000 0.360000 0.000000
0.230000 0.370000 0.000000
0.230000 0.380000 0.000000
0.230000 0.390000 0.000000
0.230000 0.400000 0.000000
0.230000 0.410000 0.000000
0.230000 0.420000 0.000000
0.230000 0.430000 0.000000
0.230000 0.440000 0.000000
0.230000 0.450000 0.000000
0.230000 0.460000 0.000000
0.230000 0.470000 0.000000
0.230000 0.480000 0.000000
0.230000 0.490000 0.000000
0.240000 0.000000 0.025961
0.240000 0.010000 0.000000
0.240000 0.020000 0.000000
0.240000 0.030000 0.000000
0.240000 0.040000 0.000000
0.240000 0.050000 0.000000
0.240000 0.060000 0.000000
0.240000 0.070000 0.000000
0.240000 0.080000 0.000000
0.240000 0.090000 0.000000
0.240000 0.100000 0.000000
0.240000 0.110000 0.000000
0.240000 0.120000 0.000000
0.240000 0.130000 0.000000
0.240000 0.140000 0.000000
0.240000 0.150000 0.000000
0.240000 0.160000 0.000000
0.240000 0.170000 0.000000
0.240000 0.180000 0.000000
0.240000 0.190000 0.000000
0.240000 0.200000 0.000000
0.240000 0.210000 0.000000
0.240000 0.220000 0.000000
0.240000 0.230000 0.000000
0.240000 0.240000 0.000000
0.240000 0.250000 0.000000
0.240000 0.260000 0.000000
0.240000 0.270000 0.000000
0.240000 0.280000 0.000000
0.240000 0.290000 0.000000
0.240000 0.300000 0.000000
0.240000 0.310000 0.000000
0.240000 0.320000 0.000000
0.240000 0.330000 0.000000
0.240000 0.340000 0.000000
0.240000 0.350000 0.000000
0.240000 0.360000 0.000000
0.240000 0.370000 0.000000
0.240000 0.380000 0.000000
0.240000 0.390000 0.000000
0.240000 0.400000 0.000000
0.240000 0.410000 0.000000
0.240000 0.420000 0.000000
0.240000 0.430000 0.000000
0.240000 0.440000 0.000000
0.240000 0.450000 0.000000
0.240000 0.460000 0.000000
0.240000 0.470000 0.000000
0.240000 0.480000 0.000000
0.240000 0.490000 0.000000
0.250000 0.000000 0.025961
0.250000 0.010000 0.000000
0.250000 0.020000 0.000000
0.250000 0.030000 0.000000
0.250000 0.040000 0.000000
0.250000 0.050000 0.000000
0.250000 0.060000 0.000000
0.250000 0.070000 0.000000
0.250000 0.080000 0.000000
0.250000 0.090000 0.000000
0.250000 0.100000 0.000000
0.250000 0.110000 0.000000
0.250000 0.120000 0.000000
0.250000 0.130000 0.000000
0.250000 0.140000 0.000000
0.250000 0.150000 0.000000
0.250000 0.160000 0.000000
0.250000 0.170000 0.000000
0.250000 0.180000 0.000000
0.250000 0.190000 0.000000
0.250000 0.200000 0.000000
0.250000 0.210000 0.000000
0.250000 0.220000 0.000000
0.250000 0.230000 0.000000
0.250000 0.240000 0.000000
0.250000 0.250000 0.000000
0.250000 0.260000 0.000000
0.250000 0.270000 0.000000
0.250000 0.280000 0.000000
0.250000 0.290000 0.000000
0.250000 0.300000 0.000000
0.250000 0.310000 0.000000
0.250000 0.320000 0.000000
0.250000 0.330000 0.000000
0.250000 0.340000 0.000000
0.250000 0.350000 0.000000
0.250000 0.360000 0.000000
0.250000 0.370000 0.000000
0.250000 0.380000 0.000000
0.250000 0.390000 0.000000
0.250000 0.400000 0.000000
0.250000 0.410000 0.000000
0.250000 0.420000 0.000000
0.250000 0.430000 0.000000
0.250000 0.440000 0.000000
0.250000 0.450000 0.000000
0.250000 0.460000 0.000000
0.250000 0.470000 0.000000
0.250000 0.480000 0.000000
0.250000 0.490000 0.000000
0.260000 0.000000 0.025961
0.260000 0.010000 0.000000
0.260000 0.020000 0.000000
0.260000 0.030000 0.000000
0.260000 0.040000 0.000000
0.260000 0.050000 0.000000
0.260000 0.060000 0.000000
0.260000 0.070000 0.000000
0.260000 0.080000 0.000000
0.260000 0.090000 0.000000
0.260000 0.100000 0.000000
0.260000 0.110000 0.000000
0.260000 0.120000 0.000000
0.260000 0.130000 0.000000
0.260000 0.140000 0.000000
0.260000 0.150000 0.000000
0.260000 0.160000 0.000000
0.260000 0.170000 0.000000
0.260000 0.180000 0.000000
0.260000 0.190000 0.000000
0.260000 0.200000 0.000000
0.260000 0.210000 0.000000
0.260000 0.220000 0.000000
0.260000 0.230000 0.000000
0.260000 0.240000 0.000000
0.260000 0.250000 0.000000
0.260000 0.260000 0.000000
0.260000 0.270000 0.000000
0.260000 0.280000 0.000000
0.260000 0.290000 0.000000
0.260000 0.300000 0.000000
0.260000 0.310000 0.000000
0.260000 0.320000 0.000000
0.260000 0.330000 0.000000
0.260000 0.340000 0.000000
0.260000 0.350000 0.000000
0.260000 0.360000 0.000000
0.260000 0.370000 0.000000
0.260000 0.380000 0.000000
0.260000 0.390000 0.000000
0.260000 0.400000 0.000000
0.260000 0.410000 0.000000
0.260000 0.420000 0.000000
0.260000 0.430000 0.000000
0.260000 0.440000 0.000000
0.260000 0.450000 0.000000
0.260000 0.460000 0.000000
0.260000 0.470000 0.000000
0.260000 0.480000 0.000000
0.260000 0.490000 0.000000
0.270000 0.000000 0.025961
0.270000 0.010000 0.000000
0.270000 0.020000 0.000000
0.270000 0.030000 0.000000
0.270000 0.040000 0.000000
0.270000 0.050000 0.000000
0.270000 0.060000 0.000000
0.270000 0.070000 0.000000
0.270000 0.080000 0.000000
0.270000 0.090000 0.000000
0.270000 0.100000 0.000000
0.270000 0.110000 0.000000
0.270000 0.120000 0.000000
0.270000 0.130000 0.000000
0.270000 0.140000 0.000000
0.270000 0.150000 0.000000
0.270000 0.160000 0.000000
0.270000 0.170000 0.000000
0.270000 0.180000 0.000000
0.270000 0.190000 0.000000
0.270000 0.200000 0.000000
0.270000 0.210000 0.000000
0.270000 0.220000 0.000000
0.270000 0.230000 0.000000
0.270000 0.240000 0.000000
0.270000 0.250000 0.000000
0.270000 0.260000 0.000000
0.270000 0.270000 0.000000
0.270000 0.280000 0.000000
0.270000 0.290000 0.000000
0.270000 0.300000 0.000000
0.270000 0.310000 0.000000
0.270000 0.320000 0.000000
0.270000 0.330000 0.000000
0.270000 0.340000 0.000000
0.270000 0.350000 0.000000
0.270000 0.360000 0.000000
0.270000 0.370000 0.000000
0.270000 0.380000 0.000000
0.270000 0.390000 0.000000
0.270000 0.400000 0.000000
0.270000 0.410000 0.000000
0.270000 0.420000 0.000000
0.270000 0.430000 0.000000
0.270000 0.440000 0.000000
0.270000 0.450000 0.000000
0.270000 0.460000 0.000000
0.270000 0.470000 0.000000
0.270000 0.480000 0.000000
0.270000 0.490000 0.000000
0.280000 0.000000 0.025961
0.280000 0.010000 0.000000
0.280000 0.020000 0.000000
0.280000 0.030000 0.000000
0.280000 0.040000 0.000000
0.280000 0.050000 0.000000
0.280000 0.060000 0.000000
0.280000 0.070000 0.000000
0.280000 0.080000 0.000000
0.280000 0.090000 0.000000
0.280000 0.100000 0.000000
0.280000 0.110000 0.000000
0.280000 0.120000 0.000000
0.280000 0.130000 0.000000
0.280000 0.140000 0.000000
0.280000 0.150000 0.000000
0.280000 0.160000 0.000000
0.280000 0.170000 0.000000
0.280000 0.180000 0.000000
0.280000 0.190000 0.000000
0.280000 0.200000 0.000000
0.280000 0.210000 0.000000
0.280000 0.220000 0.000000
0.280000 0.230000 0.000000
0.280000 0.240000 0.000000
0.280000 0.250000 0.000000
0.280000 0.260000 0.000000
0.280000 0.270000 0.000000
0.280000 0.280000 0.000000
0.280000 0.290000 0.000000
0.280000 0.300000 0.000000
0.280000 0.310000 0.000000
0.280000 0.320000 0.000000
0.280000 0.330000 0.000000
0.280000 0.340000 0.000000
0.280000 0.350000 0.000000
0.280000 0.360000 0.000000
0.280000 0.370000 0.000000
0.280000 0.380000 0.000000
0.280000 0.390000 0.000000
0.280000 0.400000 0.000000
0.280000 0.410000 0.000000
0.280000 0.420000 0.000000
0.280000 0.430000 0.000000
0.280000 0.440000 0.000000
0.280000 0.450000 0.000000
0.280000 0.460000 0.000000
0.280000 0.470000 0.000000
0.280000 0.480000 0.000000
0.280000 0.490000 0.000000
0.290000 0.000000 0.025961
0.290000 0.010000 0.000000
0.290000 0.020000 0.000000
0.290000 0.030000 0.000000
0.290000 0.040000 0.000000
0.290000 0.050000 0.000000
0.290000 0.060000 0.000000
0.290000 0.070000 0.000000
0.290000 0.080000 0.000000
0.290000 0.090000 0.000000
0.290000 0.100000 0.000000
0.290000 0.110000 0.000000
0.290000 0.120000 0.000000
0.290000 0.130000 0.000000
0.290000 0.140000 0.000000
0.290000 0.150000 0.000000
0.290000 0.160000 0.000000
0.290000 0.170000 0.000000
0.290000 0.180000 0.000000
0.290000 0.190000 0.000000
0.290000 0.200000 0.000000
0.290000 0.210000 0.000000
0.290000 0.220000 0.000000
0.290000 0.230000 0.000000
0.290000 0.240000 0.000000
0.290000 0.250000 0.000000
0.290000 0.260000 0.000000
0.290000 0.270000 0.000000
0.290000 0.280000 0.000000
0.290000 0.290000 0.000000
0.290000 0.300000 0.000000
0.290000 0.310000 0.000000
0.290000 0.320000 0.000000
0.290000 0.330000 0.000000
0.290000 0.340000 0.000000
0.290000 0.350000 0.000000
0.290000 0.360000 0.000000
0.290000 0.370000 0.000000
0.290000 0.380000 0.000000
0.290000 0.390000 0.000000
0.290000 0.400000 0.000000
0.290000 0.410000 0.000000
0.290000 0.420000 0.000000
0.290000 0.430000 0.000000
0.290000 0.440000 0.000000
0.290000 0.450000 0.000000
0.290000 0.460000 0.000000
0.290000 0.470000 0.000000
0.290000 0.480000 0.000000
0.290000 0.490000 0.000000
0.300000 0.000000 0.025962
0.300000 0.010000 0.000000
0.300000 0.020000 0.000000
0.300000 0.030000 0.000000
0.300000 0.040000 0.000000
0.300000 0.050000 0.000000
0.300000 0.060000 0.000000
0.300000 0.070000 0.000000
0.300000 0.080000 0.000000
0.300000 0.090000 0.000000
0.300000 0.100000 0.000000
0.300000 0.110000 0.000000
0.300000 0.120000 0.000000
0.300000 0.130000 0.000000
0.300000 0.140000 0.000000
0.300000 0.150000 0.000000
0.300000 0.160000 0.000000
0.300000 0.170000 0.000000
0.300000 0.180000 0.000000
0.300000 0.190000 0.000000
0.300000 0.200000 0.000000
0.300000 0.210000 0.000000
0.300000 0.220000 0.000000
0.300000 0.230000 0.000000
0.300000 0.240000 0.000000
0.300000 0.250000 0.000000
0.300000 0.260000 0.000000
0.300000 0.270000 0.000000
0.300000 0.280000 0.000000
0.300000 0.290000 0.000000
0.300000 0.300000 0.000000
0.300000 0.310000 0.000000
0.300000 0.320000 0.000000
0.300000 0.330000 0.000000
0.300000 0.340000 0.000000
0.300000 0.350000 0.000000
0.300000 0.360000 0.000000
0.300000 0.370000 0.000000
0.300000 0.380000 0.000000
0.300000 0.390000 0.000000
0.300000 0.400000 0.000000
0.300000 0.410000 0.000000
0.300000 0.420000 0.000000
0.300000 0.430000 0.000000
0.300000 0.440000 0.000000
0.300000 0.450000 0.000000
0.300000 0.460000 0.000000
0.300000 0.470000 0.000000
0.300000 0.480000 0.000000
0.300000 0.490000 0.000000
0.310000 0.000000 0.025962
0.310000 0.010000 0.000000
0.310000 0.020000 0.000000
0.310000 0.030000 0.000000
0.310000 0.040000 0.000000
0.310000 0.050000 0.000000
0.310000 0.060000 0.000000
0.310000 0.070000 0.000000
0.310000 0.080000 0.000000
0.310000 0.090000 0.000000
0.310000 0.100000 0.000000
0.310000 0.110000 0.000000
0.310000 0.120000 0.000000
0.310000 0.130000 0.000000
0.310000 0.140000 0.000000
0.310000 0.150000 0.000000
0.310000 0.160000 0.000000
0.310000 0.170000 0.000000
0.310000 0.180000 0.000000
0.310000 0.190000 0.000000
0.310000 0.200000 0.000000
0.310000 0.210000 0.000000
0.310000 0.220000 0.000000
0.310000 0.230000 0.000000
0.310000 0.240000 0.000000
0.310000 0.250000 0.000000
0.310000 0.260000 0.000000
0.310000 0.270000 0.000000
0.310000 0.280000 0.000000
0.310000 0.290000 0.000000
0.310000 0.300000 0.000000
0.310000 0.310000 0.000000
0.310000 0.320000 0.000000
0.310000 0.330000 0.000000
0.310000 0.340000 0.000000
0.310000 0.350000 0.000000
0.310000 0.360000 0.000000
0.310000 0.370000 0.000000
0.310000 0.380000 0.000000
0.310000 0.390000 0.000000
0.310000 0.400000 0.000000
0.310000 0.410000 0.000000
0.310000 0.420000 0.000000
0.310000 0.430000 0.000000
0.310000 0.440000 0.000000
0.310000 0.450000 0.000000
0.310000 0.460000 0.000000
0.310000 0.470000 0.000000
0.310000 0.480000 0.000000
0.310000 0.490000 0.000000
0.320000 0.000000 0.025962
0.320000 0.010000 0.000000
0.320000 0.020000 0.000000
0.320000 0.030000 0.000000
0.320000 0.040000 0.000000
0.320000 0.050000 0.000000
0.320000 0.060000 0.000000
0.320000 0.070000 0.000000
0.320000 0.080000 0.000000
0.320000 0.090000 0.000000
0.320000 0.100000 0.000000
0.320000 0.110000 0.000000
0.320000 0.120000 0.000000
0.320000 0.130000 0.000000
0.320000 0.140000 0.000000
0.320000 0.150000 0.000000
0.320000 0.160000 0.000000
0.320000 0.170000 0.000000
0.320000 0.180000 0.000000
0.320000 0.190000 0.000000
0.320000 0.200000 0.000000
0.320000 0.210000 0.000000
0.320000 0.220000 0.000000
0.320000 0.230000 0.000000
0.320000 0.240000 0.000000
0.320000 0.250000 0.000000
0.320000 0.260000 0.000000
0.320000 0.270000 0.000000
0.320000 0.280000 0.000000
0.320000 0.290000 0.000000
0.320000 0.300000 0.000000
0.320000 0.310000 0.000000
0.320000 0.320000 0.000000
0.320000 0.330000 0.000000
0.320000 0.340000 0.000000
0.320000 0.350000 0.000000
0.320000 0.360000 0.000000
0.320000 0.370000 0.000000
0.320000 0.380000 0.000000
0.320000 0.390000 0.000000
0.320000 0.400000 0.000000
0.320000 0.410000 0.000000
0.320000 0.420000 0.000000
0.320000 0.430000 0.000000
0.320000 0.440000 0.000000
0.320000 0.450000 0.000000
0.320000 0.460000 0.000000
0.320000 0.470000 0.000000
0.320000 0.480000 0.000000
0.320000 0.490000 0.000000
0.330000 0.000000 0.025962
0.330000 0.010000 0.000000
0.330000 0.020000 0.000000
0.330000 0.030000 0.000000
0.330000 0.040000 0.000000
0.330000 0.050000 0.000000
0.330000 0.060000 0.000000
0.330000 0.070000 0.000000
0.330000 0.080000 0.000000
0.330000 0.090000 0.000000
0.330000 0.100000 0.000000
0.330000 0.110000 0.000000
0.330000 0.120000 0.000000
0.330000 0.130000 0.000000
0.330000 0.140000 0.000000
0.330000 0.150000 0.000000
0.330000 0.160000 0.000000
0.330000 0.170000 0.000000
0.330000 0.180000 0.000000
0.330000 0.190000 0.000000
0.330000 0.200000 0.000000
0.330000 0.210000 0.000000
0.330000 0.220000 0.000000
0.330000 0.230000 0.000000
0.330000 0.240000 0.000000
0.330000 0.250000 0.000000
0.330000 0.260000 0.000000
0.330000 0.270000 0.000000
0.330000 0.280000 0.000000
0.330000 0.290000 0.000000
0.330000 0.300000 0.000000
0.330000 0.310000 0.000000
0.330000 0.320000 0.000000
0.330000 0.330000 0.000000
0.330000 0.340000 0.000000
0.330000 0.350000 0.000000
0.330000 0.360000 0.000000
0.330000 0.370000 0.000000
0.330000 0.380000 0.000000
0.330000 0.390000 0.000000
0.330000 0.400000 0.000000
0.330000 0.410000 0.000000
0.330000 0.420000 0.000000
0.330000 0.430000 0.000000
0.330000 0.440000 0.000000
0.330000 0.450000 0.000000
0.330000 0.460000 0.000000
0.330000 0.470000 0.000000
0.330000 0.480000 0.000000
0.330000 0.490000 0.000000
0.340000 0.000000 0.025962
0.340000 0.010000 0.000000
0.340000 0.020000 0.000000
0.340000 0.030000 0.000000
0.340000 0.040000 0.000000
0.340000 0.050000 0.000000
0.340000 0.060000 0.000000
0.340000 0.070000 0.000000
0.340000 0.080000 0.000000
0.340000 0.090000 0.000000
0.340000 0.100000 0.000000
0.340000 0.110000 0.000000
0.340000 0.120000 0.000000
0.340000 0.130000 0.000000
0.340000 0.140000 0.000000
0.340000 0.150000 0.000000
0.340000 0.160000 0.000000
0.340000 0.170000 0.000000
0.340000 0.180000 0.000000
0.340000 0.190000 0.000000
0.340000 0.200000 0.000000
0.340000 0.210000 0.000000
0.340000 0.220000 0.000000
0.340000 0.230000 0.000000
0.340000 0.240000 0.000000
0.340000 0.250000 0.000000
0.340000 0.260000 0.000000
0.340000 0.270000 0.000000
0.340000 0.280000 0.000000
0.340000 0.290000 0.000000
0.340000 0.300000 0.000000
0.340000 0.310000 0.000000
0.340000 0.320000 0.000000
0.340000 0.330000 0.000000
0.340000 0.340000 0.000000
0.340000 0.350000 0.000000
0.340000 0.360000 0.000000
0.340000 0.370000 0.000000
0.340000 0.380000 0.000000
0.340000 0.390000 0.000000
0.340000 0.400000 0.000000
0.340000 0.410000 0.000000
0.340000 0.420000 0.000000
0.340000 0.430000 0.000000
0.340000 0.440000 0.000000
0.340000 0.450000 0.000000
0.340000 0.460000 0.000000
0.340000 0.470000 0.000000
0.340000 0.480000 0.000000
0.340000 0.490000 0.000000
0.350000 0.000000 0.025963
0.350000 0.010000 0.000000
0.350000 0.020000 0.000000
0.350000 0.030000 0.000000
0.350000 0.040000 0.000000
0.350000 0.050000 0.000000
0.350000 0.060000 0.000000
0.350000 0.070000 0.000000
0.350000 0.080000 0.000000
0.350000 0.090000 0.000000
0.350000 0.100000 0.000000
0.350000 0.110000 0.000000
0.350000 0.120000 0.000000
0.350000 0.130000 0.000000
0.350000 0.140000 0.000000
0.350000 0.150000 0.000000
0.350000 0.160000 0.000000
0.350000 0.170000 0.000000
0.350000 0.180000 0.000000
0.350000 0.190000 0.000000
0.350000 0.200000 0.000000
0.350000 0.210000 0.000000
0.350000 0.220000 0.000000
0.350000 0.230000 0.000000
0.350000 0.240000 0.000000
0.350000 0.250000 0.000000
0.350000 0.260000 0.000000
0.350000 0.270000 0.000000
0.350000 0.280000 0.000000
0.350000 0.290000 0.000000
0.350000 0.300000 0.000000
0.350000 0.310000 0.000000
0.350000 0.320000 0.000000
0.350000 0.330000 0.000000
0.350000 0.340000 0.000000
0.350000 0.350000 0.000000
0.350000 0.360000 0.000000
0.350000 0.370000 0.000000
0.350000 0.380000 0.000000
0.350000 0.390000 0.000000
0.350000 0.400000 0.000000
0.350000 0.410000 0.000000
0.350000 0.420000 0.000000
0.350000 0.430000 0.000000
0.350000 0.440000 0.000000
0.350000 0.450000 0.000000
0.350000 0.460000 0.000000
0.350000 0.470000 0.000000
0.350000 0.480000 0.000000
0.350000 0.490000 0.000000
0.360000 0.000000 0.025963
0.360000 0.010000 0.000000
0.360000 0.020000 0.000000
0.360000 0.030000 0.000000
0.360000 0.040000 0.000000
0.360000 0.050000 0.000000
0.360000 0.060000 0.000000
0.360000 0.070000 0.000000
0.360000 0.080000 0.000000
0.360000 0.090000 0.000000
0.360000 0.100000 0.000000
0.360000 0.110000 0.000000
0.360000 0.120000 0.000000
0.360000 0.130000 0.000000
0.360000 0.140000 0.000000
0.360000 0.150000 0.000000
0.360000 0.160000 0.000000
0.360000 0.170000 0.000000
0.360000 0.180000 0.000000
0.360000 0.190000 0.000000
0.360000 0.200000 0.000000
0.360000 0.210000 0.000000
0.360000 0.220000 0.000000
0.360000 0.230000 0.000000
0.360000 0.240000 0.000000
0.360000 0.250000 0.000000
0.360000 0.260000 0.000000
0.360000 0.270000 0.000000
0.360000 0.280000 0.000000
0.360000 0.290000 0.000000
0.360000 0.300000 0.000000
0.360000 0.310000 0.000000
0.360000 0.320000 0.000000
0.360000 0.330000 0.000000
0.360000 0.340000 0.000000
0.360000 0.350000 0.000000
0.360000 0.360000 0.000000
0.360000 0.370000 0.000000
0.360000 0.380000 0.000000
0.360000 0.390000 0.000000
0.360000 0.400000 0.000000
0.360000 0.410000 0.000000
0.360000 0.420000 0.000000
0.360000 0.430000 0.000000
0.360000 0.440000 0.000000
0.360000 0.450000 0.000000
0.360000 0.460000 0.000000
0.360000 0.470000 0.000000
0.360000 0.480000 0.000000
0.360000 0.490000 0.000000
0.370000 0.000000 0.025963
0.370000 0.010000 0.000000
0.370000 0.020000 0.000000
0.370000 0.030000 0.000000
0.370000 0.040000 0.000000
0.370000 0.050000 0.000000
0.370000 0.060000 0.000000
0.370000 0.070000 0.000000
0.370000 0.080000 0.000000
0.370000 0.090000 0.000000
0.370000 0.100000 0.000000
0.370000 0.110000 0.000000
0.370000 0.120000 0.000000
0.370000 0.130000 0.000000
0.370000 0.140000 0.000000
0.370000 0.150000 0.000000
0.370000 0.160000 0.000000
0.370000 0.170000 0.000000
0.370000 0.180000 0.000000
0.370000 0.190000 0.000000
0.370000 0.200000 0.000000
0.370000 0.210000 0.000000
0.370000 0.220000 0.000000
0.370000 0.230000 0.000000
0.370000 0.240000 0.000000
0.370000 0.250000 0.000000
0.370000 0.260000 0.000000
0.370000 0.270000 0.000000
0.370000 0.280000 0.000000
0.370000 0.290000 0.000000
0.370000 0.300000 0.000000
0.370000 0.310000 0.000000
0.370000 0.320000 0.000000
0.370000 0.330000 0.000000
0.370000 0.340000 0.000000
0.370000 0.350000 0.000000
0.370000 0.360000 0.000000
0.370000 0.370000 0.000000
0.370000 0.380000 0.000000
0.370000 0.390000 0.000000
0.370000 0.400000 0.000000
0.370000 0.410000 0.000000
0.370000 0.420000 0.000000
0.370000 0.430000 0.000000
0.370000 0.440000 0.000000
0.370000 0.450000 0.000000
0.370000 0.460000 0.000000
0.370000 0.470000 0.000000
0.370000 0.480000 0.000000
0.370000 0.490000 0.000000
0.380000 0.000000 0.025963
0.380000 0.010000 0.000000
0.380000 0.020000 0.000000
0.380000 0.030000 0.000000
0.380000 0.040000 0.000000
0.380000 0.050000 0.000000
0.380000 0.060000 0.000000
0.380000 0.070000 0.000000
0.380000 0.080000 0.000000
0.380000 0.090000 0.000000
0.380000 0.100000 0.000000
0.380000 0.110000 0.000000
0.380000 0.120000 0.000000
0.380000 0.130000 0.000000
0.380000 0.140000 0.000000
0.380000 0.150000 0.000000
0.380000 0.160000 0.000000
0.380000 0.170000 0.000000
0.380000 0.180000 0.000000
0.380000 0.190000 0.000000
0.380000 0.200000 0.000000
0.380000 0.210000 0.000000
0.380000 0.220000 0.000000
0.380000 0.230000 0.000000
0.380000 0.240000 0.000000
0.380000 0.250000 0.000000
0.380000 0.260000 0.000000
0.380000 0.270000 0.000000
0.380000 0.280000 0.000000
0.380000 0.290000 0.000000
0.380000 0.300000 0.000000
0.380000 0.310000 0.000000
0.380000 0.320000 0.000000
0.380000 0.330000 0.000000
0.380000 0.340000 0.000000
0.380000 0.350000 0.000000
0.380000 0.360000 0.000000
0.380000 0.370000 0.000000
0.380000 0.380000 0.000000
0.380000 0.390000 0.000000
0.380000 0.400000 0.000000
0.380000 0.410000 0.000000
0.380000 0.420000 0.000000
0.380000 0.430000 0.000000
0.380000 0.440000 0.000000
0.380000 0.450000 0.000000
0.380000 0.460000 0.000000
0.380000 0.470000 0.000000
0.380000 0.480000 0.000000
0.380000 0.490000 0.000000
0.390000 0.000000 0.025963
0.390000 0.010000 0.000000
0.390000 0.020000 0.000000
0.390000 0.030000 0.000000
0.390000 0.040000 0.000000
0.390000 0.050000 0.000000
0.390000 0.060000 0.000000
0.390000 0.070000 0.000000
0.390000 0.080000 0.000000
0.390000 0.090000 0.000000
0.390000 0.100000 0.000000
0.390000 0.110000 0.000000
0.390000 0.120000 0.000000
0.390000 0.130000 0.000000
0.390000 0.140000 0.000000
0.390000 0.150000 0.000000
0.390000 0.160000 0.000000
0.390000 0.170000 0.000000
0.390000 0.180000 0.000000
0.390000 0.190000 0.000000
0.390000 0.200000 0.000000
0.390000 0.210000 0.000000
0.390000 0.220000 0.000000
0.390000 0.230000 0.000000
0.390000 0.240000 0.000000
0.390000 0.250000 0.000000
0.390000 0.260000 0.000000
0.390000 0.270000 0.000000
0.390000 0.280000 0.000000
0.390000 0.290000 0.000000
0.390000 0.300000 0.000000
0.390000 0.310000 0.000000
0.390000 0.320000 0.000000
0.390000 0.330000 0.000000
0.390000 0.340000 0.000000
0.390000 0.350000 0.000000
0.390000 0.360000 0.000000
0.390000 0.370000 0.000000
0.390000 0.380000 0.000000
0.390000 0.390000 0.000000
0.390000 0.400000 0.000000
0.390000 0.410000 0.000000
0.390000 0.420000 0.000000
0.390000 0.430000 0.000000
0.390000 0.440000 0.000000
0.390000 0.450000 0.000000
0.390000 0.460000 0.000000
0.390000 0.470000 0.000000
0.390000 0.480000 0.000000
0.390000 0.490000 0.000000
0.400000 0.000000 0.025963
0.400000 0.010000 0.000000
0.400000 0.020000 0.000000
0.400000 0.030000 0.000000
0.400000 0.040000 0.000000
0.400000 0.050000 0.000000
0.400000 0.060000 0.000000
0.400000 0.070000 0.000000
0.400000 0.080000 0.000000
0.400000 0.090000 0.000000
0.400000 0.100000 0.000000
0.400000 0.110000 0.000000
0.400000 0.120000 0.000000
0.400000 0.130000 0.000000
0.400000 0.140000 0.000000
0.400000 0.150000 0.000000
0.400000 0.160000 0.000000
0.400000 0.170000 0.000000
0.400000 0.180000 0.000000
0.400000 0.190000 0.000000
0.400000 0.200000 0.000000
0.400000 0.210000 0.000000
0.400000 0.220000 0.000000
0.400000 0.230000 0.000000
0.400000 0.240000 0.000000
0.400000 0.250000 0.000000
0.400000 0.260000 0.000000
0.400000 0.270000 0.000000
0.400000 0.280000 0.000000
0.400000 0.290000 0.000000
0.400000 0.300000 0.000000
0.400000 0.310000 0.000000
0.400000 0.320000 0.000000
0.400000 0.330000 0.000000
0.400000 0.340000 0.000000
0.400000 0.350000 0.000000
0.400000 0.360000 0.000000
0.400000 0.370000 0.000000
0.400000 0.380000 0.000000
0.400000 0.390000 0.000000
0.400000 0.400000 0.000000
0.400000 0.410000 0.000000
0.400000 0.420000 0.000000
0.400000 0.430000 0.000000
0.400000 0.440000 0.000000
0.400000 0.450000 0.000000
0.400000 0.460000 0.000000
0.400000 0.470000 0.000000
0.400000 0.480000 0.000000
0.400000 0.490000 0.000000
0.410000 0.000000 0.025963
0.410000 0.010000 0.000000
0.410000 0.020000 0.000000
0.410000 0.030000 0.000000
0.410000 0.040000 0.000000
0.410000 0.050000 0.000000
0.410000 0.060000 0.000000
0.410000 0.070000 0.000000
0.410000 0.080000 0.000000
0.410000 0.090000 0.000000
0.410000 0.100000 0.000000
0.410000 0.110000 0.000000
0.410000 0.120000 0.000000
0.410000 0.130000 0.000000
0.410000 0.140000 0.000000
0.410000 0.150000 0.000000
0.410000 0.160000 0.000000
0.410000 0.170000 0.000000
0.410000 0.180000 0.000000
0.410000 0.190000 0.000000
0.410000 0.200000 0.000000
0.410000 0.210000 0.000000
0.410000 0.220000 0.000000
0.410000 0.230000 0.000000
0.410000 0.240000 0.000000
0.410000 0.250000 0.000000
0.410000 0.260000 0.000000
0.410000 0.270000 0.000000
0.410000 0.280000 0.000000
0.410000 0.290000 0.000000
0.410000 0.300000 0.000000
0.410000 0.310000 0.000000
0.410000 0.320000 0.000000
0.410000 0.330000 0.000000
0.410000 0.340000 0.000000
0.410000 0.350000 0.000000
0.410000 0.360000 0.000000
0.410000 0.370000 0.000000
0.410000 0.380000 0.000000
0.410000 0.390000 0.000000
0.410000 0.400000 0.000000
0.410000 0.410000 0.000000
0.410000 0.420000 0.000000
0.410000 0.430000 0.000000
0.410000 0.440000 0.000000
0.410000 0.450000 0.000000
0.410000 0.460000 0.000000
0.410000 0.470000 0.000000
0.410000 0.480000 0.000000
0.410000 0.490000 0.000000
0.420000 0.000000 0.025963
0.420000 0.010000 0.000000
0.420000 0.020000 0.000000
0.420000 0.030000 0.000000
0.420000 0.040000 0.000000
0.420000 0.050000 0.000000
0.420000 0.060000 0.000000
0.420000 0.070000 0.000000
0.420000 0.080000 0.000000
0.420000 0.090000 0.000000
0.420000 0.100000 0.000000
0.420000 0.110000 0.000000
0.420000 0.120000 0.000000
0.420000 0.130000 0.000000
0.420000 0.140000 0.000000
0.420000 0.150000 0.000000
0.420000 0.160000 0.000000
0.420000 0.170000 0.000000
0.420000 0.180000 0.000000
0.420000 0.190000 0.000000
0.420000 0.200000 0.000000
0.420000 0.210000 0.000000
0.420000 0.220000 0.000000
0.420000 0.230000 0.000000
0.420000 0.240000 0.000000
0.420000 0.250000 0.000000
0.420000 0.260000 0.000000
0.420000 0.270000 0.000000
0.420000 0.280000 0.000000
0.420000 0.290000 0.000000
0.420000 0.300000 0.000000
0.420000 0.310000 0.000000
0.420000 0.320000 0.000000
0.420000 0.330000 0.000000
0.420000 0.340000 0.000000
0.420000 0.350000 0.000000
0.420000 0.360000 0.000000
0.420000 0.370000 0.000000
0.420000 0.380000 0.000000
0.420000 0.390000 0.000000
0.420000 0.400000 0.000000
0.420000 0.410000 0.000000
0.420000 0.420000 0.000000
0.420000 0.430000 0.000000
0.420000 0.440000 0.000000
0.420000 0.450000 0.000000
0.420000 0.460000 0.000000
0.420000 0.470000 0.000000
0.420000 0.480000 0.000000
0.420000 0.490000 0.000000
0.430000 0.000000 0.025963
0.430000 0.010000 0.000000
0.430000 0.020000 0.000000
0.430000 0.030000 0.000000
0.430000 0.040000 0.000000
0.430000 0.050000 0.000000
0.430000 0.060000 0.000000
0.430000 0.070000 0.000000
0.430000 0.080000 0.000000
0.430000 0.090000 0.000000
0.430000 0.100000 0.000000
0.430000 0.110000 0.000000
0.430000 0.120000 0.000000
0.430000 0.130000 0.000000
0.430000 0.140000 0.000000
0.430000 0.150000 0.000000
0.430000 0.160000 0.000000
0.430000 0.170000 0.000000
0.430000 0.180000 0.000000
0.430000 0.190000 0.000000
0.430000 0.200000 0.000000
0.430000 0.210000 0.000000
0.430000 0.220000 0.000000
0.430000 0.230000 0.000000
0.430000 0.240000 0.000000
0.430000 0.250000 0.000000
0.430000 0.260000 0.000000
0.430000 0.270000 0.000000
0.430000 0.280000 0.000000
0.430000 0.290000 0.000000
0.430000 0.300000 0.000000
0.430000 0.310000 0.000000
0.430000 0.320000 0.000000
0.430000 0.330000 0.000000
0.430000 0.340000 0.000000
0.430000 0.350000 0.000000
0.430000 0.360000 0.000000
0.430000 0.370000 0.000000
0.430000 0.380000 0.000000
0.430000 0.390000 0.000000
0.430000 0.400000 0.000000
0.430000 0.410000 0.000000
0.430000 0.420000 0.000000
0.430000 0.430000 0.000000
0.430000 0.440000 0.000000
0.430000 0.450000 0.000000
0.430000 0.460000 0.000000
0.430000 0.470000 0.000000
0.430000 0.480000 0.000000
0.430000 0.490000 0.000000
0.440000 0.000000 0.025963
0.440000 0.010000 0.000000
0.440000 0.020000 0.000000
0.440000 0.030000 0.000000
0.440000 0.040000 0.000000
0.440000 0.050000 0.000000
0.440000 0.060000 0.000000
0.440000 0.070000 0.000000
0.440000 0.080000 0.000000
0.440000 0.090000 0.000000
0.440000 0.100000 0.000000
0.440000 0.110000 0.000000
0.440000 0.120000 0.000000
0.440000 0.130000 0.000000
0.440000 0.140000 0.000000
0.440000 0.150000 0.000000
0.440000 0.160000 0.000000
0.440000 0.170000 0.000000
0.440000 0.180000 0.000000
0.440000 0.190000 0.000000
0.440000 0.200000 0.000000
0.440000 0.210000 0.000000
0.440000 0.220000 0.000000
0.440000 0.230000 0.000000
0.440000 0.240000 0.000000
0.440000 0.250000 0.000000
0.440000 0.260000 0.000000
0.440000 0.270000 0.000000
0.440000 0.280000 0.000000
0.440000 0.290000 0.000000
0.440000 0.300000 0.000000
0.440000 0.310000 0.000000
0.440000 0.320000 0.000000
0.440000 0.330000 0.000000
0.440000 0.340000 0.000000
0.440000 0.350000 0.000000
0.440000 0.360000 0.000000
0.440000 0.370000 0.000000
0.440000 0.380000 0.000000
0.440000 0.390000 0.000000
0.440000 0.400000 0.000000
0.440000 0.410000 0.000000
0.440000 0.420000 0.000000
0.440000 0.430000 0.000000
0.440000 0.440000 0.000000
0.440000 0.450000 0.000000
0.440000 0.460000 0.000000
0.440000 0.470000 0.000000
0.440000 0.480000 0.000000
0.440000 0.490000 0.000000
0.450000 0.000000 0.025963
0.450000 0.010000 0.000000
0.450000 0.020000 0.000000
0.450000 0.030000 0.000000
0.450000 0.040000 0.000000
0.450000 0.050000 0.000000
0.450000 0.060000 0.000000
0.450000 0.070000 0.000000
0.450000 0.080000 0.000000
0.450000 0.090000 0.000000
0.450000 0.100000 0.000000
0.450000 0.110000 0.000000
0.450000 0.120000 0.000000
0.450000 0.130000 0.000000
0.450000 0.140000 0.000000
0.450000 0.150000 0.000000
0.450000 0.160000 0.000000
0.450000 0.170000 0.000000
0.450000 0.180000 0.000000
0.450000 0.190000 0.000000
0.450000 0.200000 0.000000
0.450000 0.210000 0.000000
0.450000 0.220000 0.000000
0.450000 0.230000 0.000000
0.450000 0.240000 0.000000
0.450000 0.250000 0.000000
0.450000 0.260000 0.000000
0.450000 0.270000 0.000000
0.450000 0.280000 0.000000
0.450000 0.290000 0.000000
0.450000 0.300000 0.000000
0.450000 0.310000 0.000000
0.450000 0.320000 0.000000
0.450000 0.330000 0.000000
0.450000 0.340000 0.000000
0.450000 0.350000 0.000000
0.450000 0.360000 0.000000
0.450000 0.370000 0.000000
0.450000 0.380000 0.000000
0.450000 0.390000 0.000000
0.450000 0.400000 0.000000
0.450000 0.410000 0.000000
0.450000 0.420000 0.000000
0.450000 0.430000 0.000000
0.450000 0.440000 0.000000
0.450000 0.450000 0.000000
0.450000 0.460000 0.000000
0.450000 0.470000 0.000000
0.450000 0.480000 0.000000
0.450000 0.490000 0.000000
0.460000 0.000000 0.025963
0.460000 0.010000 0.000000
0.460000 0.020000 0.000000
0.460000 0.030000 0.000000
0.460000 0.040000 0.000000
0.460000 0.050000 0.000000
0.460000 0.060000 0.000000
0.460000 0.070000 0.000000
0.460000 0.080000 0.000000
0.460000 0.090000 0.000000
0.460000 0.100000 0.000000
0.460000 0.110000 0.000000
0.460000 0.120000 0.000000
0.460000 0.130000 0.000000
0.460000 0.140000 0.000000
0.460000 0.150000 0.000000
0.460000 0.160000 0.000000
0.460000 0.170000 0.000000
0.460000 0.180000 0.000000
0.460000 0.190000 0.000000
0.460000 0.200000 0.000000
0.460000 0.210000 0.000000
0.460000 0.220000 0.000000
0.460000 0.230000 0.000000
0.460000 0.240000 0.000000
0.460000 0.250000 0.000000
0.460000 0.260000 0.000000
0.460000 0.270000 0.000000
0.460000 0.280000 0.000000
0.460000 0.290000 0.000000
0.460000 0.300000 0.000000
0.460000 0.310000 0.000000
0.460000 0.320000 0.000000
0.460000 0.330000 0.000000
0.460000 0.340000 0.000000
0.460000 0.350000 0.000000
0.460000 0.360000 0.000000
0.460000 0.370000 0.000000
0.460000 0.380000 0.000000
0.460000 0.390000 0.000000
0.460000 0.400000 0.000000
0.460000 0.410000 0.000000
0.460000 0.420000 0.000000
0.460000 0.430000 0.000000
0.460000 0.440000 0.000000
0.460000 0.450000 0.000000
0.460000 0.460000 0.000000
0.460000 0.470000 0.000000
0.460000 0.480000 0.000000
0.460000 0.490000 0.000000
0.470000 0.000000 0.025963
0.470000 0.010000 0.000000
0.470000 0.020000 0.000000
0.470000 0.030000 0.000000
0.470000 0.040000 0.000000
0.470000 0.050000 0.000000
0.470000 0.060000 0.000000
0.470000 0.070000 0.000000
0.470000 0.080000 0.000000
0.470000 0.090000 0.000000
0.470000 0.100000 0.000000
0.470000 0.110000 0.000000
0.470000 0.120000 0.000000
0.470000 0.130000 0.000000
0.470000 0.140000 0.000000
0.470000 0.150000 0.000000
0.470000 0.160000 0.000000
0.470000 0.170000 0.000000
0.470000 0.180000 0.000000
0.470000 0.190000 0.000000
0.470000 0.200000 0.000000
0.470000 0.210000 0.000000
0.470000 0.220000 0.000000
0.470000 0.230000 0.000000
0.470000 0.240000 0.000000
0.470000 0.250000 0.000000
0.470000 0.260000 0.000000
0.470000 0.270000 0.000000
0.470000 0.280000 0.000000
0.470000 0.290000 0.000000
0.470000 0.300000 0.000000
0.470000 0.310000 0.000000
0.470000 0.320000 0.000000
0.470000 0.330000 0.000000
0.470000 0.340000 0.000000
0.470000 0.350000 0.000000
0.470000 0.360000 0.000000
0.470000 0.370000 0.000000
0.470000 0.380000 0.000000
0.470000 0.390000 0.000000
0.470000 0.400000 0.000000
0.470000 0.410000 0.000000
0.470000 0.420000 0.000000
0.470000 0.430000 0.000000
0.470000 0.440000 0.000000
0.470000 0.450000 0.000000
0.470000 0.460000 0.000000
0.470000 0.470000 0.000000
0.470000 0.480000 0.000000
0.470000 0.490000 0.000000
0.480000 0.000000 0.025963
0.480000 0.010000 0.000000
0.480000 0.020000 0.000000
0.480000 0.030000 0.000000
0.480000 0.040000 0.000000
0.480000 0.050000 0.000000
0.480000 0.060000 0.000000
0.480000 0.070000 0.000000
0.480000 0.080000 0.000000
0.480000 0.090000 0.000000
0.480000 0.100000 0.000000
0.480000 0.110000 0.000000
0.480000 0.120000 0.000000
0.480000 0.130000 0.000000
0.480000 0.140000 0.000000
0.480000 0.150000 0.000000
0.480000 0.160000 0.000000
0.480000 0.170000 0.000000
0.480000 0.180000 0.000000
0.480000 0.190000 0.000000
0.480000 0.200000 0.000000
0.480000 0.210000 0.000000
0.480000 0.220000 0.000000
0.480000 0.230000 0.000000
0.480000 0.240000 0.000000
0.480000 0.250000 0.000000
0.480000 0.260000 0.000000
0.480000 0.270000 0.000000
0.480000 0.280000 0.000000
0.480000 0.290000 0.000000
0.480000 0.300000 0.000000
0.480000 0.310000 0.000000
0.480000 0.320000 0.000000
0.480000 0.330000 0.000000
0.480000 0.340000 0.000000
0.480000 0.350000 0.000000
0.480000 0.360000 0.000000
0.480000 0.370000 0.000000
0.480000 0.380000 0.000000
0.480000 0.390000 0.000000
0.480000 0.400000 0.000000
0.480000 0.410000 0.000000
0.480000 0.420000 0.000000
0.480000 0.430000 0.000000
0.480000 0.440000 0.000000
0.480000 0.450000 0.000000
0.480000 0.460000 0.000000
0.480000 0.470000 0.000000
0.480000 0.480000 0.000000
0.480000 0.490000 0.000000
0.490000 0.000000 0.025963
0.490000 0.010000 0.000000
0.490000 0.020000 0.000000
0.490000 0.030000 0.000000
0.490000 0.040000 0.000000
0.490000 0.050000 0.000000
0.490000 0.060000 0.000000
0.490000 0.070000 0.000000
0.490000 0.080000 0.000000
0.490000 0.090000 0.000000
0.490000 0.100000 0.000000
0.490000 0.110000 0.000000
0.490000 0.120000 0.000000
0.490000 0.130000 0.000000
0.490000 0.140000 0.000000
0.490000 0.150000 0.000000
0.490000 0.160000 0.000000
0.490000 0.170000 0.000000
0.490000 0.180000 0.000000
0.490000 0.190000 0.000000
0.490000 0.200000 0.000000
0.490000 0.210000 0.000000
0.490000 0.220000 0.000000
0.490000 0.230000 0.000000
0.490000 0.240000 0.000000
0.490000 0.250000 0.000000
0.490000 0.260000 0.000000
0.490000 0.270000 0.000000
0.490000 0.280000 0.000000
0.490000 0.290000 0.000000
0.490000 0.300000 0.000000
0.490000 0.310000 0.000000
0.490000 0.320000 0.000000
0.490000 0.330000 0.000000
0.490000 0.340000 0.000000
0.490000 0.350000 0.000000
0.490000 0.360000 0.000000
0.490000 0.370000 0.000000
0.490000 0.380000 0.000000
0.490000 0.390000 0.000000
0.490000 0.400000 0.000000
0.490000 0.410000 0.000000
0.490000 0.420000 0.000000
0.490000 0.430000 0.000000
0.490000 0.440000 0.000000
0.490000 0.450000 0.000000
0.490000 0.460000 0.000000
0.490000 0.470000 0.000000
0.490000 0.480000 0.000000
0.490000 0.490000 0.000000
