0.000000 0.000000 0.378411
0.000000 0.010000 0.203906
0.000000 0.020000 0.111037
0.000000 0.030000 0.084356
0.000000 0.040000 0.000000
0.000000 0.050000 0.054890
0.000000 0.060000 0.054036
0.000000 0.070000 0.000000
0.000000 0.080000 0.055900
0.000000 0.090000 0.055681
0.000000 0.100000 0.055609
0.000000 0.110000 0.056378
0.000000 0.120000 0.062436
0.000000 0.130000 0.070634
0.000000 0.140000 0.000000
0.000000 0.150000 0.032039
0.000000 0.160000 0.000000
0.000000 0.170000 0.087355
0.000000 0.180000 0.072253
0.000000 0.190000 0.071852
0.000000 0.200000 0.071636
0.000000 0.210000 0.071537
0.000000 0.220000 0.000000
0.000000 0.230000 0.000000
0.000000 0.240000 0.003637
0.000000 0.250000 0.000000
0.000000 0.260000 0.000000
0.000000 0.270000 0.000000
0.000000 0.280000 0.000000
0.000000 0.290000 0.000000
0.000000 0.300000 0.000000
0.000000 0.310000 0.000000
0.000000 0.320000 0.000000
0.000000 0.330000 0.000000
0.000000 0.340000 0.000000
0.000000 0.350000 0.000000
0.000000 0.360000 0.000000
0.000000 0.370000 0.000000
0.000000 0.380000 0.000000
0.000000 0.390000 0.000000
0.000000 0.400000 0.000000
0.000000 0.410000 0.000000
0.000000 0.420000 0.000000
0.000000 0.430000 0.000000
0.000000 0.440000 0.000000
0.000000 0.450000 0.000000
0.000000 0.460000 0.000000
0.000000 0.470000 0.000000
0.000000 0.480000 0.000000
0.000000 0.490000 0.000000
0.010000 0.000000 -0.006068
0.010000 0.010000 -0.018309
0.010000 0.020000 0.044033
0.010000 0.030000 0.056171
0.010000 0.040000 0.054508
0.010000 0.050000 0.053282
0.010000 0.060000 0.053103
0.010000 0.070000 0.053233
0.010000 0.080000 0.054048
0.010000 0.090000 0.054774
0.010000 0.100000 0.000000
0.010000 0.110000 0.049250
0.010000 0.120000 0.042277
0.010000 0.130000 0.033504
0.010000 0.140000 0.032612
0.010000 0.150000 0.032045
0.010000 0.160000 0.032213
0.010000 0.170000 0.034599
0.010000 0.180000 0.052599
0.010000 0.190000 0.000000
0.010000 0.200000 0.000000
0.010000 0.210000 0.000000
0.010000 0.220000 0.000000
0.010000 0.230000 -0.002529
0.010000 0.240000 0.000000
0.010000 0.250000 0.000000
0.010000 0.260000 0.000000
0.010000 0.270000 0.000000
0.010000 0.280000 0.000000
0.010000 0.290000 0.000000
0.010000 0.300000 0.000000
0.010000 0.310000 0.000000
0.010000 0.320000 0.000000
0.010000 0.330000 0.000000
0.010000 0.340000 0.000000
0.010000 0.350000 0.000000
0.010000 0.360000 0.000000
0.010000 0.370000 0.000000
0.010000 0.380000 0.000000
0.010000 0.390000 -0.004388
0.010000 0.400000 0.000000
0.010000 0.410000 0.000000
0.010000 0.420000 0.000000
0.010000 0.430000 0.000000
0.010000 0.440000 0.000000
0.010000 0.450000 0.000000
0.010000 0.460000 0.000000
0.010000 0.470000 0.000000
0.010000 0.480000 0.000000
0.010000 0.490000 0.000000
0.020000 0.000000 -0.000666
0.020000 0.010000 0.000427
0.020000 0.020000 0.028787
0.020000 0.030000 0.042373
0.020000 0.040000 0.000000
0.020000 0.050000 0.053386
0.020000 0.060000 0.053138
0.020000 0.070000 0.053049
0.020000 0.080000 0.000000
0.020000 0.090000 0.054896
0.020000 0.100000 0.000000
0.020000 0.110000 0.000000
0.020000 0.120000 0.000000
0.020000 0.130000 0.000000
0.020000 0.140000 0.032920
0.020000 0.150000 0.000000
0.020000 0.160000 0.000000
0.020000 0.170000 0.000000
0.020000 0.180000 0.052707
0.020000 0.190000 0.000000
0.020000 0.200000 0.000000
0.020000 0.210000 0.000000
0.020000 0.220000 0.000000
0.020000 0.230000 0.000000
0.020000 0.240000 0.000000
0.020000 0.250000 0.000000
0.020000 0.260000 0.000000
0.020000 0.270000 0.000000
0.020000 0.280000 0.000000
0.020000 0.290000 0.000000
0.020000 0.300000 0.000000
0.020000 0.310000 0.000000
0.020000 0.320000 0.000000
0.020000 0.330000 0.000000
0.020000 0.340000 0.000000
0.020000 0.350000 0.000000
0.020000 0.360000 0.000000
0.020000 0.370000 0.000000
0.020000 0.380000 0.000000
0.020000 0.390000 0.000000
0.020000 0.400000 0.000000
0.020000 0.410000 0.000000
0.020000 0.420000 0.000000
0.020000 0.430000 0.000000
0.020000 0.440000 0.000000
0.020000 0.450000 0.000000
0.020000 0.460000 0.000000
0.020000 0.470000 0.000000
0.020000 0.480000 0.000000
0.020000 0.490000 0.000000
0.030000 0.000000 0.005057
0.030000 0.010000 -0.006189
0.030000 0.020000 0.000000
0.030000 0.030000 0.000000
0.030000 0.040000 0.000000
0.030000 0.050000 0.000000
0.030000 0.060000 0.053096
0.030000 0.070000 0.051977
0.030000 0.080000 0.051528
0.030000 0.090000 0.000000
0.030000 0.100000 0.000000
0.030000 0.110000 0.000000
0.030000 0.120000 0.000000
0.030000 0.130000 0.115805
0.030000 0.140000 0.000000
0.030000 0.150000 0.000000
0.030000 0.160000 0.000000
0.030000 0.170000 0.000000
0.030000 0.180000 0.000000
0.030000 0.190000 0.000000
0.030000 0.200000 0.000000
0.030000 0.210000 0.000000
0.030000 0.220000 0.000000
0.030000 0.230000 0.000000
0.030000 0.240000 0.000000
0.030000 0.250000 0.000000
0.030000 0.260000 0.000000
0.030000 0.270000 0.000000
0.030000 0.280000 0.000000
0.030000 0.290000 0.000000
0.030000 0.300000 0.000000
0.030000 0.310000 0.000000
0.030000 0.320000 0.000000
0.030000 0.330000 0.000000
0.030000 0.340000 0.000000
0.030000 0.350000 0.000000
0.030000 0.360000 0.000000
0.030000 0.370000 0.000000
0.030000 0.380000 0.000000
0.030000 0.390000 0.000000
0.030000 0.400000 0.000000
0.030000 0.410000 0.000000
0.030000 0.420000 0.000000
0.030000 0.430000 0.000000
0.030000 0.440000 0.000000
0.030000 0.450000 0.000000
0.030000 0.460000 0.000000
0.030000 0.470000 0.000000
0.030000 0.480000 0.000000
0.030000 0.490000 0.000000
0.040000 0.000000 0.000000
0.040000 0.010000 -0.008340
0.040000 0.020000 0.000000
0.040000 0.030000 0.000000
0.040000 0.040000 0.000000
0.040000 0.050000 -0.001427
0.040000 0.060000 0.000000
0.040000 0.070000 0.051422
0.040000 0.080000 0.051251
0.040000 0.090000 0.000000
0.040000 0.100000 0.000000
0.040000 0.110000 0.000000
0.040000 0.120000 0.116444
0.040000 0.130000 0.115805
0.040000 0.140000 0.000000
0.040000 0.150000 0.000000
0.040000 0.160000 0.001078
0.040000 0.170000 0.000000
0.040000 0.180000 0.000000
0.040000 0.190000 0.000000
0.040000 0.200000 0.000000
0.040000 0.210000 0.000000
0.040000 0.220000 0.000000
0.040000 0.230000 0.000000
0.040000 0.240000 0.000000
0.040000 0.250000 0.000000
0.040000 0.260000 0.000000
0.040000 0.270000 0.000000
0.040000 0.280000 0.000000
0.040000 0.290000 0.000000
0.040000 0.300000 0.000000
0.040000 0.310000 0.000000
0.040000 0.320000 0.000000
0.040000 0.330000 0.000000
0.040000 0.340000 0.000000
0.040000 0.350000 0.000000
0.040000 0.360000 0.000000
0.040000 0.370000 0.000000
0.040000 0.380000 0.000000
0.040000 0.390000 0.000000
0.040000 0.400000 0.000000
0.040000 0.410000 0.000000
0.040000 0.420000 0.000000
0.040000 0.430000 0.000000
0.040000 0.440000 0.000000
0.040000 0.450000 0.000000
0.040000 0.460000 0.000000
0.040000 0.470000 0.000000
0.040000 0.480000 0.000000
0.040000 0.490000 0.000000
0.050000 0.000000 0.011124
0.050000 0.010000 -0.009100
0.050000 0.020000 0.000000
0.050000 0.030000 0.000000
0.050000 0.040000 0.000000
0.050000 0.050000 -0.001427
0.050000 0.060000 0.000000
0.050000 0.070000 0.000000
0.050000 0.080000 0.000000
0.050000 0.090000 0.000000
0.050000 0.100000 0.000000
0.050000 0.110000 0.000000
0.050000 0.120000 0.000000
0.050000 0.130000 0.000000
0.050000 0.140000 0.000000
0.050000 0.150000 0.000000
0.050000 0.160000 0.001078
0.050000 0.170000 0.000000
0.050000 0.180000 0.000000
0.050000 0.190000 0.000000
0.050000 0.200000 0.000000
0.050000 0.210000 0.000000
0.050000 0.220000 0.000000
0.050000 0.230000 0.000000
0.050000 0.240000 0.000000
0.050000 0.250000 0.000000
0.050000 0.260000 0.000000
0.050000 0.270000 0.000000
0.050000 0.280000 0.000000
0.050000 0.290000 0.000000
0.050000 0.300000 0.000000
0.050000 0.310000 0.000000
0.050000 0.320000 0.000000
0.050000 0.330000 0.000000
0.050000 0.340000 0.000000
0.050000 0.350000 0.000000
0.050000 0.360000 0.000000
0.050000 0.370000 0.000000
0.050000 0.380000 0.000000
0.050000 0.390000 0.000000
0.050000 0.400000 0.000000
0.050000 0.410000 0.000000
0.050000 0.420000 0.000000
0.050000 0.430000 0.000000
0.050000 0.440000 0.000000
0.050000 0.450000 0.000000
0.050000 0.460000 0.000000
0.050000 0.470000 0.000000
0.050000 0.480000 0.000000
0.050000 0.490000 0.000000
0.060000 0.000000 0.003082
0.060000 0.010000 -0.003319
0.060000 0.020000 -0.003703
0.060000 0.030000 -0.003956
0.060000 0.040000 -0.004018
0.060000 0.050000 -0.004282
0.060000 0.060000 0.000000
0.060000 0.070000 0.000000
0.060000 0.080000 -0.002007
0.060000 0.090000 -0.002147
0.060000 0.100000 0.000000
0.060000 0.110000 -0.002125
0.060000 0.120000 0.000000
0.060000 0.130000 0.000000
0.060000 0.140000 0.000000
0.060000 0.150000 0.000000
0.060000 0.160000 0.000000
0.060000 0.170000 0.000000
0.060000 0.180000 0.000000
0.060000 0.190000 0.000000
0.060000 0.200000 0.000000
0.060000 0.210000 -0.018283
0.060000 0.220000 0.000000
0.060000 0.230000 0.000000
0.060000 0.240000 -0.000050
0.060000 0.250000 0.000000
0.060000 0.260000 0.000000
0.060000 0.270000 0.000000
0.060000 0.280000 0.000000
0.060000 0.290000 0.000000
0.060000 0.300000 0.000000
0.060000 0.310000 0.000000
0.060000 0.320000 0.000000
0.060000 0.330000 0.000000
0.060000 0.340000 0.000000
0.060000 0.350000 0.000000
0.060000 0.360000 0.000000
0.060000 0.370000 0.000000
0.060000 0.380000 0.000000
0.060000 0.390000 0.000000
0.060000 0.400000 0.000000
0.060000 0.410000 0.000000
0.060000 0.420000 0.000000
0.060000 0.430000 0.000000
0.060000 0.440000 0.000000
0.060000 0.450000 0.000000
0.060000 0.460000 0.000000
0.060000 0.470000 0.000000
0.060000 0.480000 0.000000
0.060000 0.490000 0.000000
0.070000 0.000000 0.002098
0.070000 0.010000 -0.001434
0.070000 0.020000 0.000000
0.070000 0.030000 -0.003956
0.070000 0.040000 -0.004057
0.070000 0.050000 -0.004146
0.070000 0.060000 0.000000
0.070000 0.070000 0.000000
0.070000 0.080000 0.000000
0.070000 0.090000 -0.002147
0.070000 0.100000 -0.001810
0.070000 0.110000 -0.002125
0.070000 0.120000 -0.004015
0.070000 0.130000 -0.005769
0.070000 0.140000 0.000000
0.070000 0.150000 -0.017286
0.070000 0.160000 -0.018188
0.070000 0.170000 0.000000
0.070000 0.180000 0.000000
0.070000 0.190000 0.000000
0.070000 0.200000 0.000000
0.070000 0.210000 -0.018283
0.070000 0.220000 0.000000
0.070000 0.230000 0.000000
0.070000 0.240000 0.000000
0.070000 0.250000 0.000000
0.070000 0.260000 0.000000
0.070000 0.270000 0.000000
0.070000 0.280000 0.000000
0.070000 0.290000 0.000000
0.070000 0.300000 0.000000
0.070000 0.310000 0.000000
0.070000 0.320000 0.000000
0.070000 0.330000 0.000000
0.070000 0.340000 -0.001510
0.070000 0.350000 0.000000
0.070000 0.360000 0.000000
0.070000 0.370000 0.000000
0.070000 0.380000 0.000000
0.070000 0.390000 0.000000
0.070000 0.400000 0.000000
0.070000 0.410000 0.000000
0.070000 0.420000 0.000000
0.070000 0.430000 0.000000
0.070000 0.440000 0.000000
0.070000 0.450000 0.000000
0.070000 0.460000 0.000000
0.070000 0.470000 0.000000
0.070000 0.480000 0.000000
0.070000 0.490000 0.000000
0.080000 0.000000 0.004038
0.080000 0.010000 -0.002967
0.080000 0.020000 0.000000
0.080000 0.030000 -0.006451
0.080000 0.040000 0.000000
0.080000 0.050000 0.000000
0.080000 0.060000 0.000000
0.080000 0.070000 0.000000
0.080000 0.080000 0.000000
0.080000 0.090000 0.000000
0.080000 0.100000 0.000000
0.080000 0.110000 0.000000
0.080000 0.120000 0.000000
0.080000 0.130000 0.000000
0.080000 0.140000 0.000000
0.080000 0.150000 -0.017286
0.080000 0.160000 0.000000
0.080000 0.170000 0.000000
0.080000 0.180000 0.000000
0.080000 0.190000 -0.017474
0.080000 0.200000 0.000000
0.080000 0.210000 0.000000
0.080000 0.220000 0.000000
0.080000 0.230000 0.000000
0.080000 0.240000 0.000000
0.080000 0.250000 0.000000
0.080000 0.260000 0.000000
0.080000 0.270000 0.000000
0.080000 0.280000 0.000000
0.080000 0.290000 0.000000
0.080000 0.300000 0.000000
0.080000 0.310000 0.000000
0.080000 0.320000 0.000000
0.080000 0.330000 0.000000
0.080000 0.340000 0.000000
0.080000 0.350000 0.000000
0.080000 0.360000 0.000000
0.080000 0.370000 0.000000
0.080000 0.380000 0.000000
0.080000 0.390000 0.000000
0.080000 0.400000 0.000000
0.080000 0.410000 0.000000
0.080000 0.420000 0.000000
0.080000 0.430000 0.000000
0.080000 0.440000 0.000000
0.080000 0.450000 0.000000
0.080000 0.460000 0.000000
0.080000 0.470000 0.000000
0.080000 0.480000 0.000000
0.080000 0.490000 0.000000
0.090000 0.000000 0.004730
0.090000 0.010000 0.000099
0.090000 0.020000 0.000000
0.090000 0.030000 0.000000
0.090000 0.040000 0.000000
0.090000 0.050000 0.000000
0.090000 0.060000 0.000000
0.090000 0.070000 0.000000
0.090000 0.080000 0.000000
0.090000 0.090000 0.000000
0.090000 0.100000 0.000000
0.090000 0.110000 0.000000
0.090000 0.120000 0.000000
0.090000 0.130000 -0.020664
0.090000 0.140000 -0.019766
0.090000 0.150000 -0.017296
0.090000 0.160000 0.000000
0.090000 0.170000 0.000000
0.090000 0.180000 0.000000
0.090000 0.190000 -0.017474
0.090000 0.200000 0.000000
0.090000 0.210000 0.000000
0.090000 0.220000 0.001168
0.090000 0.230000 0.000000
0.090000 0.240000 0.000000
0.090000 0.250000 0.000000
0.090000 0.260000 0.000000
0.090000 0.270000 0.000000
0.090000 0.280000 0.000000
0.090000 0.290000 0.000000
0.090000 0.300000 0.000000
0.090000 0.310000 0.000000
0.090000 0.320000 0.000000
0.090000 0.330000 0.000000
0.090000 0.340000 0.000000
0.090000 0.350000 0.000000
0.090000 0.360000 -0.000765
0.090000 0.370000 0.001529
0.090000 0.380000 0.000000
0.090000 0.390000 0.000000
0.090000 0.400000 0.000000
0.090000 0.410000 0.000000
0.090000 0.420000 0.000000
0.090000 0.430000 0.000000
0.090000 0.440000 0.000000
0.090000 0.450000 0.000000
0.090000 0.460000 0.000000
0.090000 0.470000 0.000000
0.090000 0.480000 0.000000
0.090000 0.490000 0.000000
0.100000 0.000000 0.002788
0.100000 0.010000 0.001720
0.100000 0.020000 0.000000
0.100000 0.030000 0.002994
0.100000 0.040000 0.005090
0.100000 0.050000 0.004961
0.100000 0.060000 0.004576
0.100000 0.070000 0.000000
0.100000 0.080000 -0.013273
0.100000 0.090000 -0.013681
0.100000 0.100000 0.000000
0.100000 0.110000 0.000000
0.100000 0.120000 0.000000
0.100000 0.130000 0.000000
0.100000 0.140000 0.000000
0.100000 0.150000 -0.017836
0.100000 0.160000 -0.017911
0.100000 0.170000 -0.017010
0.100000 0.180000 0.000000
0.100000 0.190000 0.000000
0.100000 0.200000 0.000000
0.100000 0.210000 -0.000979
0.100000 0.220000 0.001209
0.100000 0.230000 0.000000
0.100000 0.240000 0.000000
0.100000 0.250000 0.000000
0.100000 0.260000 0.000000
0.100000 0.270000 0.000000
0.100000 0.280000 0.000000
0.100000 0.290000 0.000000
0.100000 0.300000 0.000000
0.100000 0.310000 0.000012
0.100000 0.320000 0.000000
0.100000 0.330000 0.000000
0.100000 0.340000 0.000000
0.100000 0.350000 -0.002698
0.100000 0.360000 -0.000765
0.100000 0.370000 0.000000
0.100000 0.380000 0.000000
0.100000 0.390000 0.000000
0.100000 0.400000 0.000000
0.100000 0.410000 0.000000
0.100000 0.420000 0.000000
0.100000 0.430000 0.000000
0.100000 0.440000 0.000000
0.100000 0.450000 0.000000
0.100000 0.460000 0.000000
0.100000 0.470000 0.000000
0.100000 0.480000 0.000000
0.100000 0.490000 0.000000
0.110000 0.000000 0.003122
0.110000 0.010000 0.002359
0.110000 0.020000 0.001499
0.110000 0.030000 0.001200
0.110000 0.040000 0.000000
0.110000 0.050000 0.000000
0.110000 0.060000 0.000000
0.110000 0.070000 0.000000
0.110000 0.080000 0.000000
0.110000 0.090000 0.000000
0.110000 0.100000 0.000000
0.110000 0.110000 -0.013532
0.110000 0.120000 -0.013569
0.110000 0.130000 -0.014100
0.110000 0.140000 -0.014759
0.110000 0.150000 0.000000
0.110000 0.160000 -0.017584
0.110000 0.170000 -0.017654
0.110000 0.180000 0.000000
0.110000 0.190000 0.000000
0.110000 0.200000 0.000000
0.110000 0.210000 -0.000256
0.110000 0.220000 0.000231
0.110000 0.230000 0.000970
0.110000 0.240000 0.000000
0.110000 0.250000 0.000000
0.110000 0.260000 0.000000
0.110000 0.270000 0.000000
0.110000 0.280000 0.000000
0.110000 0.290000 0.000000
0.110000 0.300000 -0.002501
0.110000 0.310000 0.000000
0.110000 0.320000 0.000000
0.110000 0.330000 0.000000
0.110000 0.340000 0.000000
0.110000 0.350000 0.000000
0.110000 0.360000 0.000000
0.110000 0.370000 0.000000
0.110000 0.380000 0.000000
0.110000 0.390000 0.000000
0.110000 0.400000 0.000000
0.110000 0.410000 0.000000
0.110000 0.420000 0.000000
0.110000 0.430000 0.000000
0.110000 0.440000 0.000000
0.110000 0.450000 0.000000
0.110000 0.460000 0.000000
0.110000 0.470000 0.000000
0.110000 0.480000 0.000000
0.110000 0.490000 0.000000
0.120000 0.000000 0.002587
0.120000 0.010000 0.001291
0.120000 0.020000 0.001465
0.120000 0.030000 0.000000
0.120000 0.040000 0.000000
0.120000 0.050000 0.001636
0.120000 0.060000 0.001143
0.120000 0.070000 0.000000
0.120000 0.080000 0.000000
0.120000 0.090000 0.000000
0.120000 0.100000 0.000000
0.120000 0.110000 0.000000
0.120000 0.120000 -0.014153
0.120000 0.130000 -0.014902
0.120000 0.140000 -0.016121
0.120000 0.150000 -0.017352
0.120000 0.160000 -0.017764
0.120000 0.170000 0.000000
0.120000 0.180000 0.000000
0.120000 0.190000 0.000000
0.120000 0.200000 0.000000
0.120000 0.210000 0.000000
0.120000 0.220000 0.000000
0.120000 0.230000 0.000996
0.120000 0.240000 0.000690
0.120000 0.250000 0.000000
0.120000 0.260000 0.000000
0.120000 0.270000 0.000000
0.120000 0.280000 0.000000
0.120000 0.290000 0.000000
0.120000 0.300000 0.000000
0.120000 0.310000 0.000000
0.120000 0.320000 0.000000
0.120000 0.330000 0.000000
0.120000 0.340000 0.000000
0.120000 0.350000 0.000000
0.120000 0.360000 0.000000
0.120000 0.370000 0.000000
0.120000 0.380000 0.000000
0.120000 0.390000 0.000000
0.120000 0.400000 0.000000
0.120000 0.410000 0.000000
0.120000 0.420000 0.000000
0.120000 0.430000 0.000000
0.120000 0.440000 0.000000
0.120000 0.450000 0.000000
0.120000 0.460000 0.000000
0.120000 0.470000 0.000000
0.120000 0.480000 0.000000
0.120000 0.490000 0.000000
0.130000 0.000000 0.002573
0.130000 0.010000 0.001159
0.130000 0.020000 0.000000
0.130000 0.030000 0.011587
0.130000 0.040000 0.000000
0.130000 0.050000 0.000776
0.130000 0.060000 0.000000
0.130000 0.070000 0.000000
0.130000 0.080000 0.000000
0.130000 0.090000 0.000000
0.130000 0.100000 0.000000
0.130000 0.110000 0.000000
0.130000 0.120000 0.000000
0.130000 0.130000 -0.014706
0.130000 0.140000 0.000000
0.130000 0.150000 -0.017454
0.130000 0.160000 -0.017667
0.130000 0.170000 -0.018121
0.130000 0.180000 -0.019548
0.130000 0.190000 0.000000
0.130000 0.200000 0.000000
0.130000 0.210000 0.000000
0.130000 0.220000 0.001677
0.130000 0.230000 -0.000793
0.130000 0.240000 0.000330
0.130000 0.250000 0.000002
0.130000 0.260000 0.001594
0.130000 0.270000 0.001496
0.130000 0.280000 0.000000
0.130000 0.290000 0.000000
0.130000 0.300000 0.000000
0.130000 0.310000 0.000000
0.130000 0.320000 0.000000
0.130000 0.330000 0.000000
0.130000 0.340000 0.000000
0.130000 0.350000 0.000000
0.130000 0.360000 0.000000
0.130000 0.370000 0.000000
0.130000 0.380000 0.000000
0.130000 0.390000 0.000000
0.130000 0.400000 0.000000
0.130000 0.410000 0.000000
0.130000 0.420000 0.000000
0.130000 0.430000 0.000000
0.130000 0.440000 0.000000
0.130000 0.450000 0.000000
0.130000 0.460000 0.000000
0.130000 0.470000 0.000000
0.130000 0.480000 0.000000
0.130000 0.490000 0.000000
0.140000 0.000000 0.003809
0.140000 0.010000 0.002519
0.140000 0.020000 0.003140
0.140000 0.030000 0.004743
0.140000 0.040000 0.003734
0.140000 0.050000 0.000000
0.140000 0.060000 0.001636
0.140000 0.070000 0.000000
0.140000 0.080000 0.000000
0.140000 0.090000 0.000000
0.140000 0.100000 0.000000
0.140000 0.110000 0.000000
0.140000 0.120000 0.000000
0.140000 0.130000 0.000000
0.140000 0.140000 0.000000
0.140000 0.150000 0.000000
0.140000 0.160000 0.000000
0.140000 0.170000 0.000000
0.140000 0.180000 -0.019548
0.140000 0.190000 0.000000
0.140000 0.200000 0.000000
0.140000 0.210000 0.000000
0.140000 0.220000 0.000000
0.140000 0.230000 0.000000
0.140000 0.240000 0.000000
0.140000 0.250000 -0.000072
0.140000 0.260000 0.000000
0.140000 0.270000 0.001700
0.140000 0.280000 0.001731
0.140000 0.290000 0.000000
0.140000 0.300000 0.000000
0.140000 0.310000 0.000000
0.140000 0.320000 0.000000
0.140000 0.330000 0.000000
0.140000 0.340000 0.000000
0.140000 0.350000 0.000000
0.140000 0.360000 0.000000
0.140000 0.370000 0.000000
0.140000 0.380000 0.000000
0.140000 0.390000 0.000000
0.140000 0.400000 0.000000
0.140000 0.410000 0.000000
0.140000 0.420000 0.000000
0.140000 0.430000 0.000000
0.140000 0.440000 0.000000
0.140000 0.450000 0.000000
0.140000 0.460000 0.000000
0.140000 0.470000 0.000000
0.140000 0.480000 0.000000
0.140000 0.490000 0.000000
0.150000 0.000000 0.004781
0.150000 0.010000 0.003108
0.150000 0.020000 0.002593
0.150000 0.030000 0.003432
0.150000 0.040000 0.002268
0.150000 0.050000 0.000000
0.150000 0.060000 -0.000255
0.150000 0.070000 0.000000
0.150000 0.080000 0.000000
0.150000 0.090000 0.000000
0.150000 0.100000 0.000000
0.150000 0.110000 0.000000
0.150000 0.120000 0.010953
0.150000 0.130000 0.010616
0.150000 0.140000 0.000000
0.150000 0.150000 0.000000
0.150000 0.160000 0.000000
0.150000 0.170000 0.000000
0.150000 0.180000 0.000000
0.150000 0.190000 0.000000
0.150000 0.200000 0.000000
0.150000 0.210000 0.000000
0.150000 0.220000 0.000000
0.150000 0.230000 0.000000
0.150000 0.240000 -0.002295
0.150000 0.250000 -0.000112
0.150000 0.260000 0.000000
0.150000 0.270000 0.000892
0.150000 0.280000 0.002109
0.150000 0.290000 0.000000
0.150000 0.300000 0.000000
0.150000 0.310000 0.000000
0.150000 0.320000 0.000000
0.150000 0.330000 0.000000
0.150000 0.340000 0.000000
0.150000 0.350000 0.000000
0.150000 0.360000 0.000000
0.150000 0.370000 0.000000
0.150000 0.380000 0.000000
0.150000 0.390000 0.000000
0.150000 0.400000 0.000000
0.150000 0.410000 0.000000
0.150000 0.420000 0.000000
0.150000 0.430000 0.000000
0.150000 0.440000 0.000000
0.150000 0.450000 0.000000
0.150000 0.460000 0.000000
0.150000 0.470000 0.000000
0.150000 0.480000 0.000000
0.150000 0.490000 0.000000
0.160000 0.000000 0.006393
0.160000 0.010000 0.002487
0.160000 0.020000 0.000000
0.160000 0.030000 0.001584
0.160000 0.040000 0.000882
0.160000 0.050000 0.000268
0.160000 0.060000 -0.000904
0.160000 0.070000 -0.002297
0.160000 0.080000 0.000000
0.160000 0.090000 0.014120
0.160000 0.100000 0.000000
0.160000 0.110000 0.011592
0.160000 0.120000 0.010987
0.160000 0.130000 0.000000
0.160000 0.140000 0.000000
0.160000 0.150000 0.000000
0.160000 0.160000 0.000000
0.160000 0.170000 0.000000
0.160000 0.180000 0.000000
0.160000 0.190000 0.000000
0.160000 0.200000 0.000000
0.160000 0.210000 0.000000
0.160000 0.220000 0.000000
0.160000 0.230000 0.000000
0.160000 0.240000 0.000000
0.160000 0.250000 0.000000
0.160000 0.260000 0.000000
0.160000 0.270000 0.000000
0.160000 0.280000 0.002066
0.160000 0.290000 0.000000
0.160000 0.300000 0.000000
0.160000 0.310000 0.000000
0.160000 0.320000 0.000000
0.160000 0.330000 0.000000
0.160000 0.340000 0.000000
0.160000 0.350000 0.000000
0.160000 0.360000 0.000000
0.160000 0.370000 0.000000
0.160000 0.380000 0.000000
0.160000 0.390000 0.000000
0.160000 0.400000 0.000000
0.160000 0.410000 0.000000
0.160000 0.420000 0.000000
0.160000 0.430000 0.000000
0.160000 0.440000 0.000000
0.160000 0.450000 0.000000
0.160000 0.460000 0.000000
0.160000 0.470000 0.000000
0.160000 0.480000 0.000000
0.160000 0.490000 0.000000
0.170000 0.000000 0.006227
0.170000 0.010000 0.000986
0.170000 0.020000 0.000496
0.170000 0.030000 0.000649
0.170000 0.040000 0.000581
0.170000 0.050000 0.000000
0.170000 0.060000 -0.000154
0.170000 0.070000 0.000000
0.170000 0.080000 0.011959
0.170000 0.090000 0.011350
0.170000 0.100000 0.000000
0.170000 0.110000 0.011062
0.170000 0.120000 0.010531
0.170000 0.130000 0.010093
0.170000 0.140000 0.009103
0.170000 0.150000 0.007828
0.170000 0.160000 0.007012
0.170000 0.170000 0.007669
0.170000 0.180000 0.000000
0.170000 0.190000 0.000000
0.170000 0.200000 0.000000
0.170000 0.210000 0.000000
0.170000 0.220000 0.000000
0.170000 0.230000 0.000000
0.170000 0.240000 0.000185
0.170000 0.250000 0.000000
0.170000 0.260000 0.000000
0.170000 0.270000 0.000000
0.170000 0.280000 0.000000
0.170000 0.290000 0.000000
0.170000 0.300000 0.000000
0.170000 0.310000 0.000000
0.170000 0.320000 0.000000
0.170000 0.330000 0.000000
0.170000 0.340000 0.000000
0.170000 0.350000 0.000000
0.170000 0.360000 0.000000
0.170000 0.370000 0.000000
0.170000 0.380000 0.000000
0.170000 0.390000 0.000000
0.170000 0.400000 0.000000
0.170000 0.410000 0.000000
0.170000 0.420000 0.000000
0.170000 0.430000 0.000000
0.170000 0.440000 0.000000
0.170000 0.450000 0.000000
0.170000 0.460000 0.000000
0.170000 0.470000 0.000000
0.170000 0.480000 0.000000
0.170000 0.490000 0.000000
0.180000 0.000000 0.004717
0.180000 0.010000 0.001354
0.180000 0.020000 0.000792
0.180000 0.030000 0.000000
0.180000 0.040000 0.000720
0.180000 0.050000 -0.000198
0.180000 0.060000 -0.001393
0.180000 0.070000 0.000000
0.180000 0.080000 0.010740
0.180000 0.090000 0.010714
0.180000 0.100000 0.010369
0.180000 0.110000 0.010295
0.180000 0.120000 0.009906
0.180000 0.130000 0.000000
0.180000 0.140000 0.007857
0.180000 0.150000 0.007355
0.180000 0.160000 0.006613
0.180000 0.170000 0.006624
0.180000 0.180000 0.007592
0.180000 0.190000 0.008628
0.180000 0.200000 0.000000
0.180000 0.210000 0.000000
0.180000 0.220000 0.000000
0.180000 0.230000 0.000000
0.180000 0.240000 -0.000000
0.180000 0.250000 0.000000
0.180000 0.260000 0.000000
0.180000 0.270000 0.001403
0.180000 0.280000 0.000000
0.180000 0.290000 0.000000
0.180000 0.300000 0.000000
0.180000 0.310000 0.000000
0.180000 0.320000 0.000000
0.180000 0.330000 0.000000
0.180000 0.340000 0.000000
0.180000 0.350000 0.000000
0.180000 0.360000 0.000000
0.180000 0.370000 0.000000
0.180000 0.380000 0.000000
0.180000 0.390000 0.000000
0.180000 0.400000 0.000000
0.180000 0.410000 0.000000
0.180000 0.420000 0.000000
0.180000 0.430000 0.000000
0.180000 0.440000 0.000000
0.180000 0.450000 0.000000
0.180000 0.460000 0.000000
0.180000 0.470000 0.000000
0.180000 0.480000 0.000000
0.180000 0.490000 0.000000
0.190000 0.000000 0.006012
0.190000 0.010000 0.001136
0.190000 0.020000 0.000000
0.190000 0.030000 0.000000
0.190000 0.040000 0.000000
0.190000 0.050000 0.000000
0.190000 0.060000 0.000000
0.190000 0.070000 0.000000
0.190000 0.080000 0.000000
0.190000 0.090000 0.007654
0.190000 0.100000 0.000000
0.190000 0.110000 0.008671
0.190000 0.120000 0.007874
0.190000 0.130000 0.000000
0.190000 0.140000 0.006948
0.190000 0.150000 0.000000
0.190000 0.160000 0.005993
0.190000 0.170000 0.000000
0.190000 0.180000 0.000000
0.190000 0.190000 0.009753
0.190000 0.200000 0.010798
0.190000 0.210000 0.000000
0.190000 0.220000 0.004266
0.190000 0.230000 0.003633
0.190000 0.240000 0.000000
0.190000 0.250000 0.000000
0.190000 0.260000 0.000000
0.190000 0.270000 0.000764
0.190000 0.280000 0.000000
0.190000 0.290000 0.000000
0.190000 0.300000 0.000000
0.190000 0.310000 0.000000
0.190000 0.320000 0.000000
0.190000 0.330000 0.000000
0.190000 0.340000 0.000000
0.190000 0.350000 0.000000
0.190000 0.360000 0.000000
0.190000 0.370000 0.000000
0.190000 0.380000 0.000000
0.190000 0.390000 0.000000
0.190000 0.400000 0.000000
0.190000 0.410000 0.000000
0.190000 0.420000 0.000000
0.190000 0.430000 0.000000
0.190000 0.440000 0.000000
0.190000 0.450000 0.000000
0.190000 0.460000 0.000000
0.190000 0.470000 0.000000
0.190000 0.480000 0.000000
0.190000 0.490000 0.000000
0.200000 0.000000 0.006081
0.200000 0.010000 0.003308
0.200000 0.020000 0.003407
0.200000 0.030000 0.000000
0.200000 0.040000 0.000000
0.200000 0.050000 0.000000
0.200000 0.060000 0.000000
0.200000 0.070000 0.000000
0.200000 0.080000 0.000000
0.200000 0.090000 0.000000
0.200000 0.100000 0.000000
0.200000 0.110000 0.007175
0.200000 0.120000 0.007012
0.200000 0.130000 0.006770
0.200000 0.140000 0.006573
0.200000 0.150000 0.000000
0.200000 0.160000 0.000000
0.200000 0.170000 0.000000
0.200000 0.180000 0.013333
0.200000 0.190000 0.011759
0.200000 0.200000 0.000000
0.200000 0.210000 0.000000
0.200000 0.220000 0.003499
0.200000 0.230000 0.001095
0.200000 0.240000 0.000566
0.200000 0.250000 -0.000031
0.200000 0.260000 -0.000487
0.200000 0.270000 0.000000
0.200000 0.280000 -0.000303
0.200000 0.290000 0.000000
0.200000 0.300000 0.000000
0.200000 0.310000 0.000000
0.200000 0.320000 0.000000
0.200000 0.330000 0.000000
0.200000 0.340000 0.000000
0.200000 0.350000 0.000000
0.200000 0.360000 0.000000
0.200000 0.370000 0.000000
0.200000 0.380000 0.000000
0.200000 0.390000 0.000000
0.200000 0.400000 0.000000
0.200000 0.410000 0.000000
0.200000 0.420000 0.000000
0.200000 0.430000 0.000000
0.200000 0.440000 0.000000
0.200000 0.450000 0.000000
0.200000 0.460000 0.000000
0.200000 0.470000 0.000000
0.200000 0.480000 0.000000
0.200000 0.490000 0.000000
0.210000 0.000000 0.000000
0.210000 0.010000 0.005349
0.210000 0.020000 0.000000
0.210000 0.030000 0.001877
0.210000 0.040000 0.000815
0.210000 0.050000 -0.000815
0.210000 0.060000 0.000000
0.210000 0.070000 0.000000
0.210000 0.080000 0.009535
0.210000 0.090000 0.000000
0.210000 0.100000 0.000000
0.210000 0.110000 0.006636
0.210000 0.120000 0.006438
0.210000 0.130000 0.000000
0.210000 0.140000 0.000000
0.210000 0.150000 0.015306
0.210000 0.160000 0.015230
0.210000 0.170000 0.014816
0.210000 0.180000 0.013083
0.210000 0.190000 0.015586
0.210000 0.200000 0.000000
0.210000 0.210000 0.000000
0.210000 0.220000 0.000000
0.210000 0.230000 0.000813
0.210000 0.240000 -0.000491
0.210000 0.250000 0.001562
0.210000 0.260000 0.000000
0.210000 0.270000 0.000000
0.210000 0.280000 -0.000254
0.210000 0.290000 -0.000526
0.210000 0.300000 -0.000912
0.210000 0.310000 0.000000
0.210000 0.320000 0.000000
0.210000 0.330000 0.000000
0.210000 0.340000 0.000000
0.210000 0.350000 0.000000
0.210000 0.360000 0.000000
0.210000 0.370000 0.000000
0.210000 0.380000 0.000000
0.210000 0.390000 0.000000
0.210000 0.400000 0.000000
0.210000 0.410000 0.000000
0.210000 0.420000 0.000000
0.210000 0.430000 0.000000
0.210000 0.440000 0.000000
0.210000 0.450000 0.000000
0.210000 0.460000 0.000000
0.210000 0.470000 0.000000
0.210000 0.480000 0.000000
0.210000 0.490000 0.000000
0.220000 0.000000 0.011626
0.220000 0.010000 0.006849
0.220000 0.020000 0.007204
0.220000 0.030000 0.000000
0.220000 0.040000 0.000000
0.220000 0.050000 0.000000
0.220000 0.060000 0.000000
0.220000 0.070000 0.009959
0.220000 0.080000 0.009533
0.220000 0.090000 0.000000
0.220000 0.100000 0.000000
0.220000 0.110000 0.004340
0.220000 0.120000 0.004112
0.220000 0.130000 0.002556
0.220000 0.140000 0.002449
0.220000 0.150000 0.000000
0.220000 0.160000 0.014002
0.220000 0.170000 0.014171
0.220000 0.180000 0.014040
0.220000 0.190000 0.014268
0.220000 0.200000 0.015984
0.220000 0.210000 0.000000
0.220000 0.220000 0.000000
0.220000 0.230000 0.000000
0.220000 0.240000 0.000000
0.220000 0.250000 0.003872
0.220000 0.260000 0.000000
0.220000 0.270000 -0.000005
0.220000 0.280000 -0.000254
0.220000 0.290000 0.000000
0.220000 0.300000 0.001268
0.220000 0.310000 0.002192
0.220000 0.320000 0.000000
0.220000 0.330000 0.000000
0.220000 0.340000 0.000000
0.220000 0.350000 0.000000
0.220000 0.360000 0.000000
0.220000 0.370000 0.000000
0.220000 0.380000 0.000000
0.220000 0.390000 0.000000
0.220000 0.400000 0.000000
0.220000 0.410000 0.000000
0.220000 0.420000 0.000000
0.220000 0.430000 0.000000
0.220000 0.440000 0.000000
0.220000 0.450000 0.000000
0.220000 0.460000 0.000000
0.220000 0.470000 0.000000
0.220000 0.480000 0.000000
0.220000 0.490000 0.000000
0.230000 0.000000 0.010637
0.230000 0.010000 0.006685
0.230000 0.020000 0.006820
0.230000 0.030000 0.000000
0.230000 0.040000 0.000000
0.230000 0.050000 0.000000
0.230000 0.060000 0.000000
0.230000 0.070000 0.000000
0.230000 0.080000 0.009533
0.230000 0.090000 0.009223
0.230000 0.100000 0.000000
0.230000 0.110000 0.003393
0.230000 0.120000 0.003299
0.230000 0.130000 0.000000
0.230000 0.140000 0.000000
0.230000 0.150000 0.000000
0.230000 0.160000 0.000000
0.230000 0.170000 0.013372
0.230000 0.180000 0.013414
0.230000 0.190000 0.000000
0.230000 0.200000 0.000000
0.230000 0.210000 0.000000
0.230000 0.220000 0.000000
0.230000 0.230000 0.000579
0.230000 0.240000 0.000393
0.230000 0.250000 0.000000
0.230000 0.260000 0.000000
0.230000 0.270000 0.000000
0.230000 0.280000 0.000000
0.230000 0.290000 0.000000
0.230000 0.300000 0.000000
0.230000 0.310000 0.000000
0.230000 0.320000 0.000000
0.230000 0.330000 0.000000
0.230000 0.340000 -0.001563
0.230000 0.350000 0.000000
0.230000 0.360000 0.000000
0.230000 0.370000 0.000000
0.230000 0.380000 0.000000
0.230000 0.390000 0.000000
0.230000 0.400000 0.000000
0.230000 0.410000 0.000000
0.230000 0.420000 0.000000
0.230000 0.430000 0.000000
0.230000 0.440000 0.000000
0.230000 0.450000 0.000000
0.230000 0.460000 0.000000
0.230000 0.470000 0.000000
0.230000 0.480000 0.000000
0.230000 0.490000 0.000000
0.240000 0.000000 0.012160
0.240000 0.010000 0.007759
0.240000 0.020000 0.000000
0.240000 0.030000 0.000000
0.240000 0.040000 0.000000
0.240000 0.050000 0.000000
0.240000 0.060000 0.000000
0.240000 0.070000 0.008947
0.240000 0.080000 0.000000
0.240000 0.090000 0.009223
0.240000 0.100000 0.000000
0.240000 0.110000 0.000000
0.240000 0.120000 0.002558
0.240000 0.130000 0.000000
0.240000 0.140000 0.004599
0.240000 0.150000 0.000000
0.240000 0.160000 0.013950
0.240000 0.170000 0.013032
0.240000 0.180000 0.013254
0.240000 0.190000 0.000000
0.240000 0.200000 0.000000
0.240000 0.210000 0.000000
0.240000 0.220000 0.000000
0.240000 0.230000 0.000157
0.240000 0.240000 -0.000004
0.240000 0.250000 -0.000217
0.240000 0.260000 0.000000
0.240000 0.270000 0.003186
0.240000 0.280000 0.002660
0.240000 0.290000 0.000000
0.240000 0.300000 0.000290
0.240000 0.310000 -0.000296
0.240000 0.320000 0.000000
0.240000 0.330000 0.000000
0.240000 0.340000 0.000224
0.240000 0.350000 -0.000065
0.240000 0.360000 0.000000
0.240000 0.370000 0.000000
0.240000 0.380000 0.000000
0.240000 0.390000 0.000000
0.240000 0.400000 0.000000
0.240000 0.410000 0.000000
0.240000 0.420000 0.000000
0.240000 0.430000 0.000000
0.240000 0.440000 0.000000
0.240000 0.450000 0.000000
0.240000 0.460000 0.000000
0.240000 0.470000 0.000000
0.240000 0.480000 0.000000
0.240000 0.490000 0.000000
0.250000 0.000000 0.013331
0.250000 0.010000 0.008846
0.250000 0.020000 0.000000
0.250000 0.030000 0.000000
0.250000 0.040000 0.000000
0.250000 0.050000 0.000000
0.250000 0.060000 0.000000
0.250000 0.070000 0.008947
0.250000 0.080000 0.007152
0.250000 0.090000 0.000000
0.250000 0.100000 0.000000
0.250000 0.110000 0.005001
0.250000 0.120000 0.004700
0.250000 0.130000 0.000000
0.250000 0.140000 0.003736
0.250000 0.150000 0.003167
0.250000 0.160000 0.000000
0.250000 0.170000 0.014713
0.250000 0.180000 0.013659
0.250000 0.190000 0.000000
0.250000 0.200000 0.000000
0.250000 0.210000 0.000000
0.250000 0.220000 0.000000
0.250000 0.230000 0.000000
0.250000 0.240000 -0.000110
0.250000 0.250000 0.000000
0.250000 0.260000 0.000000
0.250000 0.270000 0.000000
0.250000 0.280000 0.000000
0.250000 0.290000 0.000586
0.250000 0.300000 0.000255
0.250000 0.310000 0.000000
0.250000 0.320000 0.000000
0.250000 0.330000 0.001337
0.250000 0.340000 0.000349
0.250000 0.350000 -0.000126
0.250000 0.360000 0.000000
0.250000 0.370000 0.000000
0.250000 0.380000 0.000000
0.250000 0.390000 0.000000
0.250000 0.400000 0.000000
0.250000 0.410000 0.000000
0.250000 0.420000 0.000000
0.250000 0.430000 0.000000
0.250000 0.440000 0.000000
0.250000 0.450000 0.000000
0.250000 0.460000 0.000000
0.250000 0.470000 0.000000
0.250000 0.480000 0.000000
0.250000 0.490000 0.000000
0.260000 0.000000 0.017256
0.260000 0.010000 0.015087
0.260000 0.020000 0.015202
0.260000 0.030000 0.000000
0.260000 0.040000 0.000000
0.260000 0.050000 0.000000
0.260000 0.060000 0.000000
0.260000 0.070000 0.000000
0.260000 0.080000 0.000000
0.260000 0.090000 0.000000
0.260000 0.100000 0.005786
0.260000 0.110000 0.004950
0.260000 0.120000 0.004733
0.260000 0.130000 0.004248
0.260000 0.140000 0.003455
0.260000 0.150000 0.002377
0.260000 0.160000 0.003153
0.260000 0.170000 0.000000
0.260000 0.180000 0.000000
0.260000 0.190000 0.000000
0.260000 0.200000 0.000000
0.260000 0.210000 0.003142
0.260000 0.220000 0.002835
0.260000 0.230000 0.000000
0.260000 0.240000 -0.000136
0.260000 0.250000 0.000000
0.260000 0.260000 0.000000
0.260000 0.270000 0.000000
0.260000 0.280000 0.000000
0.260000 0.290000 0.000526
0.260000 0.300000 0.000257
0.260000 0.310000 0.000000
0.260000 0.320000 0.000094
0.260000 0.330000 0.000000
0.260000 0.340000 0.000000
0.260000 0.350000 0.000000
0.260000 0.360000 0.000000
0.260000 0.370000 0.000000
0.260000 0.380000 0.000000
0.260000 0.390000 0.000207
0.260000 0.400000 0.000000
0.260000 0.410000 0.000000
0.260000 0.420000 0.000000
0.260000 0.430000 0.000000
0.260000 0.440000 0.000000
0.260000 0.450000 0.000000
0.260000 0.460000 0.000000
0.260000 0.470000 0.000000
0.260000 0.480000 0.000000
0.260000 0.490000 0.000000
0.270000 0.000000 0.029322
0.270000 0.010000 0.016646
0.270000 0.020000 0.015763
0.270000 0.030000 0.015329
0.270000 0.040000 0.015198
0.270000 0.050000 0.013651
0.270000 0.060000 0.000000
0.270000 0.070000 0.009699
0.270000 0.080000 0.009631
0.270000 0.090000 0.000000
0.270000 0.100000 0.006473
0.270000 0.110000 0.006409
0.270000 0.120000 0.000000
0.270000 0.130000 0.004177
0.270000 0.140000 0.003948
0.270000 0.150000 0.004202
0.270000 0.160000 0.003014
0.270000 0.170000 0.002126
0.270000 0.180000 0.001116
0.270000 0.190000 0.000000
0.270000 0.200000 0.000000
0.270000 0.210000 0.000000
0.270000 0.220000 0.000000
0.270000 0.230000 -0.000233
0.270000 0.240000 -0.000204
0.270000 0.250000 0.000000
0.270000 0.260000 0.000000
0.270000 0.270000 0.000000
0.270000 0.280000 0.000000
0.270000 0.290000 0.000000
0.270000 0.300000 0.000275
0.270000 0.310000 0.000000
0.270000 0.320000 0.000094
0.270000 0.330000 -0.000146
0.270000 0.340000 0.000000
0.270000 0.350000 0.000000
0.270000 0.360000 0.000000
0.270000 0.370000 0.000000
0.270000 0.380000 0.000000
0.270000 0.390000 0.000000
0.270000 0.400000 0.000000
0.270000 0.410000 0.000000
0.270000 0.420000 0.000000
0.270000 0.430000 0.000000
0.270000 0.440000 0.000000
0.270000 0.450000 0.000000
0.270000 0.460000 0.000000
0.270000 0.470000 0.000000
0.270000 0.480000 0.000000
0.270000 0.490000 0.000000
0.280000 0.000000 0.034942
0.280000 0.010000 0.014584
0.280000 0.020000 0.000000
0.280000 0.030000 0.000000
0.280000 0.040000 0.000000
0.280000 0.050000 0.000000
0.280000 0.060000 0.000000
0.280000 0.070000 0.009655
0.280000 0.080000 0.000000
0.280000 0.090000 0.008033
0.280000 0.100000 0.006813
0.280000 0.110000 0.006001
0.280000 0.120000 0.000000
0.280000 0.130000 0.003986
0.280000 0.140000 0.000000
0.280000 0.150000 0.011968
0.280000 0.160000 0.000000
0.280000 0.170000 0.002330
0.280000 0.180000 0.003087
0.280000 0.190000 0.000000
0.280000 0.200000 0.000000
0.280000 0.210000 0.000000
0.280000 0.220000 0.000052
0.280000 0.230000 0.001328
0.280000 0.240000 0.000435
0.280000 0.250000 0.000000
0.280000 0.260000 0.000000
0.280000 0.270000 0.000000
0.280000 0.280000 0.000000
0.280000 0.290000 0.000000
0.280000 0.300000 0.000000
0.280000 0.310000 0.000000
0.280000 0.320000 0.000000
0.280000 0.330000 0.000000
0.280000 0.340000 0.000000
0.280000 0.350000 0.000000
0.280000 0.360000 0.000000
0.280000 0.370000 0.000000
0.280000 0.380000 0.000000
0.280000 0.390000 0.000000
0.280000 0.400000 0.000000
0.280000 0.410000 0.000000
0.280000 0.420000 0.000000
0.280000 0.430000 0.000000
0.280000 0.440000 0.000000
0.280000 0.450000 0.000000
0.280000 0.460000 0.000000
0.280000 0.470000 0.000000
0.280000 0.480000 0.000000
0.280000 0.490000 0.000000
0.290000 0.000000 0.054376
0.290000 0.010000 0.029681
0.290000 0.020000 0.000000
0.290000 0.030000 0.010302
0.290000 0.040000 0.009919
0.290000 0.050000 0.009569
0.290000 0.060000 0.009003
0.290000 0.070000 0.008834
0.290000 0.080000 0.008846
0.290000 0.090000 0.008111
0.290000 0.100000 0.000000
0.290000 0.110000 0.000000
0.290000 0.120000 0.003833
0.290000 0.130000 0.003754
0.290000 0.140000 0.002789
0.290000 0.150000 0.000000
0.290000 0.160000 0.000000
0.290000 0.170000 0.002922
0.290000 0.180000 0.002725
0.290000 0.190000 0.000000
0.290000 0.200000 0.001892
0.290000 0.210000 0.001106
0.290000 0.220000 0.000229
0.290000 0.230000 0.000000
0.290000 0.240000 0.000325
0.290000 0.250000 0.000000
0.290000 0.260000 -0.000588
0.290000 0.270000 0.000000
0.290000 0.280000 0.000000
0.290000 0.290000 0.000000
0.290000 0.300000 0.000000
0.290000 0.310000 0.000000
0.290000 0.320000 -0.000226
0.290000 0.330000 0.000000
0.290000 0.340000 0.000000
0.290000 0.350000 0.000000
0.290000 0.360000 0.000000
0.290000 0.370000 0.000000
0.290000 0.380000 0.000000
0.290000 0.390000 0.000000
0.290000 0.400000 0.000000
0.290000 0.410000 0.000000
0.290000 0.420000 0.000000
0.290000 0.430000 -0.000034
0.290000 0.440000 0.000000
0.290000 0.450000 0.000000
0.290000 0.460000 0.000000
0.290000 0.470000 0.000000
0.290000 0.480000 0.000000
0.290000 0.490000 0.000000
0.300000 0.000000 0.045745
0.300000 0.010000 0.037199
0.300000 0.020000 0.036943
0.300000 0.030000 0.000000
0.300000 0.040000 0.008613
0.300000 0.050000 0.008398
0.300000 0.060000 0.007339
0.300000 0.070000 0.007158
0.300000 0.080000 0.006956
0.300000 0.090000 0.006480
0.300000 0.100000 0.005727
0.300000 0.110000 0.005258
0.300000 0.120000 0.000000
0.300000 0.130000 0.004396
0.300000 0.140000 0.004579
0.300000 0.150000 0.000000
0.300000 0.160000 0.003235
0.300000 0.170000 0.002947
0.300000 0.180000 0.002809
0.300000 0.190000 0.002645
0.300000 0.200000 0.001318
0.300000 0.210000 0.000901
0.300000 0.220000 0.000000
0.300000 0.230000 0.000378
0.300000 0.240000 0.000140
0.300000 0.250000 0.000000
0.300000 0.260000 -0.000588
0.300000 0.270000 0.000000
0.300000 0.280000 0.000000
0.300000 0.290000 -0.004882
0.300000 0.300000 -0.005026
0.300000 0.310000 0.000000
0.300000 0.320000 0.000000
0.300000 0.330000 0.000000
0.300000 0.340000 0.000000
0.300000 0.350000 0.000000
0.300000 0.360000 -0.006950
0.300000 0.370000 0.000000
0.300000 0.380000 0.000000
0.300000 0.390000 0.000000
0.300000 0.400000 0.000000
0.300000 0.410000 0.000000
0.300000 0.420000 0.000000
0.300000 0.430000 0.000000
0.300000 0.440000 0.000000
0.300000 0.450000 0.000000
0.300000 0.460000 0.000000
0.300000 0.470000 0.000000
0.300000 0.480000 0.000000
0.300000 0.490000 0.000000
0.310000 0.000000 0.042054
0.310000 0.010000 0.039194
0.310000 0.020000 0.000000
0.310000 0.030000 0.000000
0.310000 0.040000 0.000000
0.310000 0.050000 0.000000
0.310000 0.060000 0.000000
0.310000 0.070000 0.006371
0.310000 0.080000 0.006125
0.310000 0.090000 0.005777
0.310000 0.100000 0.004801
0.310000 0.110000 0.004113
0.310000 0.120000 0.003933
0.310000 0.130000 0.003574
0.310000 0.140000 0.002721
0.310000 0.150000 0.003099
0.310000 0.160000 0.000000
0.310000 0.170000 0.003081
0.310000 0.180000 0.002782
0.310000 0.190000 0.002676
0.310000 0.200000 0.000000
0.310000 0.210000 0.000418
0.310000 0.220000 0.000353
0.310000 0.230000 0.000000
0.310000 0.240000 -0.000038
0.310000 0.250000 -0.000374
0.310000 0.260000 0.000000
0.310000 0.270000 0.000000
0.310000 0.280000 0.000000
0.310000 0.290000 0.000000
0.310000 0.300000 0.000000
0.310000 0.310000 0.000000
0.310000 0.320000 0.000000
0.310000 0.330000 -0.006489
0.310000 0.340000 -0.006715
0.310000 0.350000 -0.006870
0.310000 0.360000 -0.007021
0.310000 0.370000 0.000000
0.310000 0.380000 -0.008561
0.310000 0.390000 -0.008773
0.310000 0.400000 -0.008423
0.310000 0.410000 -0.008481
0.310000 0.420000 0.000000
0.310000 0.430000 0.000000
0.310000 0.440000 0.000000
0.310000 0.450000 0.000000
0.310000 0.460000 0.000000
0.310000 0.470000 0.000000
0.310000 0.480000 0.000000
0.310000 0.490000 0.000000
0.320000 0.000000 0.040112
0.320000 0.010000 0.035049
0.320000 0.020000 0.000000
0.320000 0.030000 0.000000
0.320000 0.040000 0.000000
0.320000 0.050000 0.000000
0.320000 0.060000 0.000000
0.320000 0.070000 0.000000
0.320000 0.080000 0.000000
0.320000 0.090000 0.000000
0.320000 0.100000 0.000000
0.320000 0.110000 0.000000
0.320000 0.120000 0.003631
0.320000 0.130000 0.003788
0.320000 0.140000 0.003885
0.320000 0.150000 0.002877
0.320000 0.160000 0.002603
0.320000 0.170000 0.002306
0.320000 0.180000 0.002273
0.320000 0.190000 0.000000
0.320000 0.200000 0.000000
0.320000 0.210000 0.000000
0.320000 0.220000 0.000421
0.320000 0.230000 0.000000
0.320000 0.240000 -0.000171
0.320000 0.250000 0.000000
0.320000 0.260000 0.000000
0.320000 0.270000 -0.005277
0.320000 0.280000 -0.005546
0.320000 0.290000 -0.006090
0.320000 0.300000 -0.006286
0.320000 0.310000 -0.006371
0.320000 0.320000 -0.006237
0.320000 0.330000 -0.006448
0.320000 0.340000 -0.006729
0.320000 0.350000 -0.006868
0.320000 0.360000 -0.007039
0.320000 0.370000 0.000000
0.320000 0.380000 -0.008567
0.320000 0.390000 -0.008732
0.320000 0.400000 0.000000
0.320000 0.410000 -0.008540
0.320000 0.420000 0.000000
0.320000 0.430000 0.000000
0.320000 0.440000 0.000000
0.320000 0.450000 0.000000
0.320000 0.460000 0.000000
0.320000 0.470000 0.000000
0.320000 0.480000 0.000000
0.320000 0.490000 0.000000
0.330000 0.000000 0.000000
0.330000 0.010000 0.040265
0.330000 0.020000 0.000000
0.330000 0.030000 0.000000
0.330000 0.040000 0.000000
0.330000 0.050000 0.000000
0.330000 0.060000 0.000000
0.330000 0.070000 0.000000
0.330000 0.080000 0.000000
0.330000 0.090000 0.000000
0.330000 0.100000 0.000000
0.330000 0.110000 0.000000
0.330000 0.120000 0.000000
0.330000 0.130000 0.000000
0.330000 0.140000 0.000000
0.330000 0.150000 0.002414
0.330000 0.160000 0.002224
0.330000 0.170000 0.002067
0.330000 0.180000 0.001404
0.330000 0.190000 0.001150
0.330000 0.200000 0.001040
0.330000 0.210000 0.000818
0.330000 0.220000 0.000582
0.330000 0.230000 0.000045
0.330000 0.240000 -0.000331
0.330000 0.250000 -0.000825
0.330000 0.260000 0.000000
0.330000 0.270000 0.000000
0.330000 0.280000 -0.002403
0.330000 0.290000 0.000000
0.330000 0.300000 -0.005949
0.330000 0.310000 -0.006189
0.330000 0.320000 -0.006218
0.330000 0.330000 -0.006586
0.330000 0.340000 -0.006761
0.330000 0.350000 0.000000
0.330000 0.360000 -0.007188
0.330000 0.370000 -0.007541
0.330000 0.380000 -0.008126
0.330000 0.390000 -0.008817
0.330000 0.400000 0.000000
0.330000 0.410000 -0.008530
0.330000 0.420000 0.000000
0.330000 0.430000 0.000000
0.330000 0.440000 0.000000
0.330000 0.450000 0.000000
0.330000 0.460000 0.000000
0.330000 0.470000 0.000000
0.330000 0.480000 0.000000
0.330000 0.490000 0.000264
0.340000 0.000000 0.000000
0.340000 0.010000 0.000000
0.340000 0.020000 0.005893
0.340000 0.030000 0.007375
0.340000 0.040000 0.000000
0.340000 0.050000 0.000000
0.340000 0.060000 0.000000
0.340000 0.070000 0.000000
0.340000 0.080000 0.000000
0.340000 0.090000 0.000000
0.340000 0.100000 0.000000
0.340000 0.110000 0.000000
0.340000 0.120000 0.000000
0.340000 0.130000 0.000000
0.340000 0.140000 0.000000
0.340000 0.150000 0.000000
0.340000 0.160000 0.000000
0.340000 0.170000 0.000000
0.340000 0.180000 0.000000
0.340000 0.190000 0.000912
0.340000 0.200000 0.000815
0.340000 0.210000 0.000514
0.340000 0.220000 0.000087
0.340000 0.230000 -0.000170
0.340000 0.240000 -0.000413
0.340000 0.250000 -0.000883
0.340000 0.260000 -0.001229
0.340000 0.270000 -0.001971
0.340000 0.280000 -0.002608
0.340000 0.290000 -0.003070
0.340000 0.300000 0.000000
0.340000 0.310000 0.000000
0.340000 0.320000 -0.005966
0.340000 0.330000 -0.006640
0.340000 0.340000 -0.006747
0.340000 0.350000 -0.006900
0.340000 0.360000 -0.007347
0.340000 0.370000 -0.007606
0.340000 0.380000 -0.008399
0.340000 0.390000 -0.008034
0.340000 0.400000 -0.008679
0.340000 0.410000 0.000000
0.340000 0.420000 0.000000
0.340000 0.430000 0.000000
0.340000 0.440000 0.000000
0.340000 0.450000 0.000000
0.340000 0.460000 0.000000
0.340000 0.470000 0.000000
0.340000 0.480000 0.000000
0.340000 0.490000 0.000264
0.350000 0.000000 0.004382
0.350000 0.010000 0.003213
0.350000 0.020000 0.004414
0.350000 0.030000 0.000000
0.350000 0.040000 0.000000
0.350000 0.050000 0.000000
0.350000 0.060000 0.000000
0.350000 0.070000 0.000000
0.350000 0.080000 0.000000
0.350000 0.090000 0.000000
0.350000 0.100000 0.000000
0.350000 0.110000 0.000000
0.350000 0.120000 0.003659
0.350000 0.130000 0.000000
0.350000 0.140000 0.000000
0.350000 0.150000 0.000000
0.350000 0.160000 0.000000
0.350000 0.170000 0.000000
0.350000 0.180000 0.000000
0.350000 0.190000 0.000000
0.350000 0.200000 0.000000
0.350000 0.210000 0.000000
0.350000 0.220000 0.000000
0.350000 0.230000 -0.000090
0.350000 0.240000 -0.000449
0.350000 0.250000 -0.000822
0.350000 0.260000 -0.001198
0.350000 0.270000 -0.001812
0.350000 0.280000 -0.002504
0.350000 0.290000 -0.003215
0.350000 0.300000 -0.003570
0.350000 0.310000 -0.004242
0.350000 0.320000 -0.005717
0.350000 0.330000 -0.006486
0.350000 0.340000 -0.006200
0.350000 0.350000 -0.006461
0.350000 0.360000 -0.007741
0.350000 0.370000 -0.007831
0.350000 0.380000 -0.008052
0.350000 0.390000 0.000000
0.350000 0.400000 -0.008402
0.350000 0.410000 0.000000
0.350000 0.420000 -0.009522
0.350000 0.430000 -0.009647
0.350000 0.440000 0.000000
0.350000 0.450000 -0.009032
0.350000 0.460000 -0.009391
0.350000 0.470000 0.000000
0.350000 0.480000 0.000000
0.350000 0.490000 0.000394
0.360000 0.000000 0.003897
0.360000 0.010000 0.002846
0.360000 0.020000 0.004152
0.360000 0.030000 0.004611
0.360000 0.040000 0.004890
0.360000 0.050000 0.004993
0.360000 0.060000 0.004993
0.360000 0.070000 0.004908
0.360000 0.080000 0.004757
0.360000 0.090000 0.004551
0.360000 0.100000 0.004297
0.360000 0.110000 0.003998
0.360000 0.120000 0.003653
0.360000 0.130000 0.003337
0.360000 0.140000 0.002947
0.360000 0.150000 0.002675
0.360000 0.160000 0.002419
0.360000 0.170000 0.002193
0.360000 0.180000 0.001848
0.360000 0.190000 0.001514
0.360000 0.200000 0.001209
0.360000 0.210000 0.000829
0.360000 0.220000 0.000447
0.360000 0.230000 -0.000036
0.360000 0.240000 -0.000374
0.360000 0.250000 -0.000786
0.360000 0.260000 -0.001196
0.360000 0.270000 -0.001562
0.360000 0.280000 -0.002036
0.360000 0.290000 -0.002764
0.360000 0.300000 -0.003441
0.360000 0.310000 -0.004010
0.360000 0.320000 -0.004801
0.360000 0.330000 -0.005281
0.360000 0.340000 -0.006208
0.360000 0.350000 -0.006174
0.360000 0.360000 -0.006119
0.360000 0.370000 -0.006548
0.360000 0.380000 0.000000
0.360000 0.390000 0.000000
0.360000 0.400000 -0.007986
0.360000 0.410000 -0.008773
0.360000 0.420000 -0.009700
0.360000 0.430000 -0.009500
0.360000 0.440000 -0.008718
0.360000 0.450000 -0.008840
0.360000 0.460000 0.000000
0.360000 0.470000 0.000000
0.360000 0.480000 -0.000591
0.360000 0.490000 0.000403
0.370000 0.000000 0.000000
0.370000 0.010000 0.000935
0.370000 0.020000 0.003472
0.370000 0.030000 0.004770
0.370000 0.040000 0.004929
0.370000 0.050000 0.005055
0.370000 0.060000 0.005050
0.370000 0.070000 0.004958
0.370000 0.080000 0.004801
0.370000 0.090000 0.004591
0.370000 0.100000 0.004337
0.370000 0.110000 0.004039
0.370000 0.120000 0.003696
0.370000 0.130000 0.003329
0.370000 0.140000 0.002822
0.370000 0.150000 0.002651
0.370000 0.160000 0.002440
0.370000 0.170000 0.002208
0.370000 0.180000 0.001890
0.370000 0.190000 0.001568
0.370000 0.200000 0.001181
0.370000 0.210000 0.000818
0.370000 0.220000 0.000488
0.370000 0.230000 -0.000044
0.370000 0.240000 -0.000245
0.370000 0.250000 -0.000778
0.370000 0.260000 -0.001133
0.370000 0.270000 -0.001449
0.370000 0.280000 -0.001866
0.370000 0.290000 -0.002309
0.370000 0.300000 -0.002948
0.370000 0.310000 -0.003510
0.370000 0.320000 -0.003890
0.370000 0.330000 -0.004364
0.370000 0.340000 -0.005375
0.370000 0.350000 -0.005899
0.370000 0.360000 -0.005608
0.370000 0.370000 -0.005730
0.370000 0.380000 0.000000
0.370000 0.390000 -0.012009
0.370000 0.400000 0.000000
0.370000 0.410000 0.000000
0.370000 0.420000 -0.009343
0.370000 0.430000 -0.009067
0.370000 0.440000 -0.008735
0.370000 0.450000 0.000000
0.370000 0.460000 0.000000
0.370000 0.470000 0.000000
0.370000 0.480000 0.000000
0.370000 0.490000 0.000000
0.380000 0.000000 0.004368
0.380000 0.010000 0.002094
0.380000 0.020000 0.004000
0.380000 0.030000 0.005099
0.380000 0.040000 0.005216
0.380000 0.050000 0.005249
0.380000 0.060000 0.005199
0.380000 0.070000 0.005078
0.380000 0.080000 0.004901
0.380000 0.090000 0.004680
0.380000 0.100000 0.004422
0.380000 0.110000 0.004127
0.380000 0.120000 0.003843
0.380000 0.130000 0.003378
0.380000 0.140000 0.002361
0.380000 0.150000 0.002667
0.380000 0.160000 0.002539
0.380000 0.170000 0.002268
0.380000 0.180000 0.001935
0.380000 0.190000 0.001602
0.380000 0.200000 0.001182
0.380000 0.210000 0.000884
0.380000 0.220000 0.000437
0.380000 0.230000 0.000111
0.380000 0.240000 -0.000272
0.380000 0.250000 -0.000656
0.380000 0.260000 -0.001044
0.380000 0.270000 -0.001420
0.380000 0.280000 -0.001852
0.380000 0.290000 -0.002182
0.380000 0.300000 -0.002664
0.380000 0.310000 -0.003005
0.380000 0.320000 -0.003475
0.380000 0.330000 -0.004384
0.380000 0.340000 -0.004662
0.380000 0.350000 -0.005327
0.380000 0.360000 -0.005469
0.380000 0.370000 -0.006273
0.380000 0.380000 0.000000
0.380000 0.390000 -0.008578
0.380000 0.400000 -0.009144
0.380000 0.410000 -0.009773
0.380000 0.420000 -0.009014
0.380000 0.430000 -0.008458
0.380000 0.440000 -0.008489
0.380000 0.450000 0.000000
0.380000 0.460000 0.000000
0.380000 0.470000 0.000000
0.380000 0.480000 0.000000
0.380000 0.490000 0.000000
0.390000 0.000000 0.007104
0.390000 0.010000 0.002642
0.390000 0.020000 0.004328
0.390000 0.030000 0.005339
0.390000 0.040000 0.005502
0.390000 0.050000 0.005526
0.390000 0.060000 0.005420
0.390000 0.070000 0.005255
0.390000 0.080000 0.005048
0.390000 0.090000 0.004809
0.390000 0.100000 0.004547
0.390000 0.110000 0.004282
0.390000 0.120000 0.004093
0.390000 0.130000 0.003978
0.390000 0.140000 0.004093
0.390000 0.150000 0.003176
0.390000 0.160000 0.002738
0.390000 0.170000 0.002362
0.390000 0.180000 0.001986
0.390000 0.190000 0.001632
0.390000 0.200000 0.001219
0.390000 0.210000 0.000900
0.390000 0.220000 0.000516
0.390000 0.230000 0.000146
0.390000 0.240000 -0.000226
0.390000 0.250000 -0.000603
0.390000 0.260000 -0.000987
0.390000 0.270000 -0.001328
0.390000 0.280000 -0.001741
0.390000 0.290000 -0.002106
0.390000 0.300000 -0.002563
0.390000 0.310000 -0.002876
0.390000 0.320000 -0.003144
0.390000 0.330000 -0.003988
0.390000 0.340000 -0.004616
0.390000 0.350000 -0.005145
0.390000 0.360000 -0.005562
0.390000 0.370000 -0.006051
0.390000 0.380000 -0.006682
0.390000 0.390000 -0.007007
0.390000 0.400000 -0.007669
0.390000 0.410000 -0.007944
0.390000 0.420000 -0.008037
0.390000 0.430000 -0.008279
0.390000 0.440000 -0.008095
0.390000 0.450000 -0.007087
0.390000 0.460000 0.000000
0.390000 0.470000 0.000000
0.390000 0.480000 0.000000
0.390000 0.490000 0.000000
0.400000 0.000000 0.006903
0.400000 0.010000 0.004129
0.400000 0.020000 0.005505
0.400000 0.030000 0.006002
0.400000 0.040000 0.006057
0.400000 0.050000 0.005889
0.400000 0.060000 0.005680
0.400000 0.070000 0.005474
0.400000 0.080000 0.005230
0.400000 0.090000 0.004962
0.400000 0.100000 0.004677
0.400000 0.110000 0.004442
0.400000 0.120000 0.004187
0.400000 0.130000 0.003962
0.400000 0.140000 0.003722
0.400000 0.150000 0.003264
0.400000 0.160000 0.002838
0.400000 0.170000 0.002433
0.400000 0.180000 0.002011
0.400000 0.190000 0.001661
0.400000 0.200000 0.001301
0.400000 0.210000 0.000945
0.400000 0.220000 0.000567
0.400000 0.230000 0.000192
0.400000 0.240000 -0.000176
0.400000 0.250000 -0.000541
0.400000 0.260000 -0.000917
0.400000 0.270000 -0.001207
0.400000 0.280000 -0.001630
0.400000 0.290000 -0.002144
0.400000 0.300000 -0.002485
0.400000 0.310000 -0.002833
0.400000 0.320000 -0.003279
0.400000 0.330000 -0.003790
0.400000 0.340000 -0.004206
0.400000 0.350000 -0.004897
0.400000 0.360000 -0.005716
0.400000 0.370000 -0.006406
0.400000 0.380000 0.000000
0.400000 0.390000 -0.006867
0.400000 0.400000 0.000000
0.400000 0.410000 -0.004785
0.400000 0.420000 -0.006753
0.400000 0.430000 -0.007702
0.400000 0.440000 -0.007735
0.400000 0.450000 -0.007538
0.400000 0.460000 -0.006926
0.400000 0.470000 -0.006344
0.400000 0.480000 0.000000
0.400000 0.490000 0.000000
0.410000 0.000000 0.013077
0.410000 0.010000 0.007982
0.410000 0.020000 0.007544
0.410000 0.030000 0.006997
0.410000 0.040000 0.006666
0.410000 0.050000 0.006303
0.410000 0.060000 0.006014
0.410000 0.070000 0.005727
0.410000 0.080000 0.005432
0.410000 0.090000 0.005131
0.410000 0.100000 0.004829
0.410000 0.110000 0.004540
0.410000 0.120000 0.004250
0.410000 0.130000 0.003957
0.410000 0.140000 0.003632
0.410000 0.150000 0.003275
0.410000 0.160000 0.002892
0.410000 0.170000 0.002445
0.410000 0.180000 0.002067
0.410000 0.190000 0.001719
0.410000 0.200000 0.001356
0.410000 0.210000 0.000983
0.410000 0.220000 0.000614
0.410000 0.230000 0.000242
0.410000 0.240000 -0.000128
0.410000 0.250000 -0.000472
0.410000 0.260000 -0.000893
0.410000 0.270000 -0.001194
0.410000 0.280000 -0.001513
0.410000 0.290000 -0.002003
0.410000 0.300000 -0.002368
0.410000 0.310000 -0.002720
0.410000 0.320000 -0.003368
0.410000 0.330000 -0.003921
0.410000 0.340000 -0.003794
0.410000 0.350000 -0.004339
0.410000 0.360000 -0.005255
0.410000 0.370000 -0.005791
0.410000 0.380000 -0.006774
0.410000 0.390000 -0.006807
0.410000 0.400000 0.000000
0.410000 0.410000 0.000000
0.410000 0.420000 -0.007355
0.410000 0.430000 -0.007958
0.410000 0.440000 0.000000
0.410000 0.450000 -0.007561
0.410000 0.460000 0.000000
0.410000 0.470000 0.000000
0.410000 0.480000 0.000000
0.410000 0.490000 0.000000
0.420000 0.000000 0.012242
0.420000 0.010000 0.009282
0.420000 0.020000 0.008519
0.420000 0.030000 0.007785
0.420000 0.040000 0.007235
0.420000 0.050000 0.006726
0.420000 0.060000 0.006345
0.420000 0.070000 0.005986
0.420000 0.080000 0.005639
0.420000 0.090000 0.005299
0.420000 0.100000 0.004965
0.420000 0.110000 0.004639
0.420000 0.120000 0.004313
0.420000 0.130000 0.003982
0.420000 0.140000 0.003634
0.420000 0.150000 0.003265
0.420000 0.160000 0.002920
0.420000 0.170000 0.002484
0.420000 0.180000 0.002108
0.420000 0.190000 0.001760
0.420000 0.200000 0.001397
0.420000 0.210000 0.001019
0.420000 0.220000 0.000657
0.420000 0.230000 0.000302
0.420000 0.240000 -0.000118
0.420000 0.250000 -0.000412
0.420000 0.260000 -0.000781
0.420000 0.270000 -0.001130
0.420000 0.280000 -0.001485
0.420000 0.290000 -0.001873
0.420000 0.300000 -0.002169
0.420000 0.310000 -0.002544
0.420000 0.320000 -0.003387
0.420000 0.330000 -0.001654
0.420000 0.340000 -0.002983
0.420000 0.350000 -0.003662
0.420000 0.360000 -0.004722
0.420000 0.370000 -0.005880
0.420000 0.380000 -0.006203
0.420000 0.390000 -0.006670
0.420000 0.400000 -0.007175
0.420000 0.410000 -0.007635
0.420000 0.420000 -0.007855
0.420000 0.430000 -0.008265
0.420000 0.440000 -0.008319
0.420000 0.450000 -0.007559
0.420000 0.460000 0.000000
0.420000 0.470000 0.000000
0.420000 0.480000 0.000000
0.420000 0.490000 0.000000
0.430000 0.000000 0.014941
0.430000 0.010000 0.011032
0.430000 0.020000 0.009413
0.430000 0.030000 0.008378
0.430000 0.040000 0.007695
0.430000 0.050000 0.007120
0.430000 0.060000 0.006651
0.430000 0.070000 0.006231
0.430000 0.080000 0.005838
0.430000 0.090000 0.005459
0.430000 0.100000 0.005093
0.430000 0.110000 0.004736
0.430000 0.120000 0.004381
0.430000 0.130000 0.004022
0.430000 0.140000 0.003656
0.430000 0.150000 0.003291
0.430000 0.160000 0.002914
0.430000 0.170000 0.002560
0.430000 0.180000 0.002143
0.430000 0.190000 0.001793
0.430000 0.200000 0.001428
0.430000 0.210000 0.001039
0.430000 0.220000 0.000690
0.430000 0.230000 0.000332
0.430000 0.240000 -0.000026
0.430000 0.250000 -0.000363
0.430000 0.260000 -0.000711
0.430000 0.270000 -0.001045
0.430000 0.280000 -0.001370
0.430000 0.290000 -0.001787
0.430000 0.300000 -0.001907
0.430000 0.310000 -0.002405
0.430000 0.320000 -0.002620
0.430000 0.330000 -0.002367
0.430000 0.340000 -0.002922
0.430000 0.350000 -0.003325
0.430000 0.360000 -0.003874
0.430000 0.370000 -0.004083
0.430000 0.380000 -0.005195
0.430000 0.390000 -0.006672
0.430000 0.400000 -0.007524
0.430000 0.410000 -0.007843
0.430000 0.420000 -0.008137
0.430000 0.430000 -0.007990
0.430000 0.440000 -0.007990
0.430000 0.450000 0.000000
0.430000 0.460000 0.000000
0.430000 0.470000 0.000000
0.430000 0.480000 0.000000
0.430000 0.490000 0.000000
0.440000 0.000000 0.014325
0.440000 0.010000 0.011723
0.440000 0.020000 0.009734
0.440000 0.030000 0.008688
0.440000 0.040000 0.007965
0.440000 0.050000 0.007421
0.440000 0.060000 0.006907
0.440000 0.070000 0.006447
0.440000 0.080000 0.006021
0.440000 0.090000 0.005606
0.440000 0.100000 0.005211
0.440000 0.110000 0.004828
0.440000 0.120000 0.004451
0.440000 0.130000 0.004070
0.440000 0.140000 0.003675
0.440000 0.150000 0.003377
0.440000 0.160000 0.002909
0.440000 0.170000 0.002556
0.440000 0.180000 0.002185
0.440000 0.190000 0.001813
0.440000 0.200000 0.001484
0.440000 0.210000 0.001003
0.440000 0.220000 0.000743
0.440000 0.230000 0.000385
0.440000 0.240000 0.000037
0.440000 0.250000 -0.000310
0.440000 0.260000 -0.000643
0.440000 0.270000 -0.000960
0.440000 0.280000 -0.001253
0.440000 0.290000 -0.001647
0.440000 0.300000 -0.001902
0.440000 0.310000 -0.002098
0.440000 0.320000 -0.002341
0.440000 0.330000 -0.002446
0.440000 0.340000 -0.002666
0.440000 0.350000 -0.002968
0.440000 0.360000 -0.003623
0.440000 0.370000 -0.004508
0.440000 0.380000 -0.004580
0.440000 0.390000 -0.005306
0.440000 0.400000 0.000000
0.440000 0.410000 -0.007091
0.440000 0.420000 -0.008208
0.440000 0.430000 0.000000
0.440000 0.440000 -0.007990
0.440000 0.450000 0.000000
0.440000 0.460000 0.000000
0.440000 0.470000 0.000000
0.440000 0.480000 0.000000
0.440000 0.490000 0.000000
0.450000 0.000000 0.012540
0.450000 0.010000 0.009199
0.450000 0.020000 0.009035
0.450000 0.030000 0.008693
0.450000 0.040000 0.008115
0.450000 0.050000 0.007627
0.450000 0.060000 0.007104
0.450000 0.070000 0.006626
0.450000 0.080000 0.006187
0.450000 0.090000 0.005721
0.450000 0.100000 0.005314
0.450000 0.110000 0.004915
0.450000 0.120000 0.004523
0.450000 0.130000 0.004129
0.450000 0.140000 0.003728
0.450000 0.150000 0.003373
0.450000 0.160000 0.002948
0.450000 0.170000 0.002590
0.450000 0.180000 0.002209
0.450000 0.190000 0.001763
0.450000 0.200000 0.001534
0.450000 0.210000 0.001044
0.450000 0.220000 0.000764
0.450000 0.230000 0.000419
0.450000 0.240000 0.000100
0.450000 0.250000 -0.000273
0.450000 0.260000 -0.000586
0.450000 0.270000 -0.000893
0.450000 0.280000 -0.001189
0.450000 0.290000 -0.001481
0.450000 0.300000 -0.001801
0.450000 0.310000 -0.002015
0.450000 0.320000 -0.002127
0.450000 0.330000 -0.002321
0.450000 0.340000 -0.002499
0.450000 0.350000 -0.002494
0.450000 0.360000 -0.002742
0.450000 0.370000 -0.003895
0.450000 0.380000 -0.003774
0.450000 0.390000 -0.004547
0.450000 0.400000 -0.005341
0.450000 0.410000 -0.006701
0.450000 0.420000 -0.008485
0.450000 0.430000 -0.010721
0.450000 0.440000 0.000000
0.450000 0.450000 0.000000
0.450000 0.460000 0.000000
0.450000 0.470000 -0.005208
0.450000 0.480000 0.000000
0.450000 0.490000 0.000000
0.460000 0.000000 0.010925
0.460000 0.010000 0.009053
0.460000 0.020000 0.009062
0.460000 0.030000 0.008664
0.460000 0.040000 0.008229
0.460000 0.050000 0.007755
0.460000 0.060000 0.007252
0.460000 0.070000 0.006764
0.460000 0.080000 0.006302
0.460000 0.090000 0.005861
0.460000 0.100000 0.005400
0.460000 0.110000 0.004993
0.460000 0.120000 0.004595
0.460000 0.130000 0.004196
0.460000 0.140000 0.003787
0.460000 0.150000 0.003362
0.460000 0.160000 0.002959
0.460000 0.170000 0.002634
0.460000 0.180000 0.002095
0.460000 0.190000 0.001885
0.460000 0.200000 0.001501
0.460000 0.210000 0.001089
0.460000 0.220000 0.000768
0.460000 0.230000 0.000431
0.460000 0.240000 0.000152
0.460000 0.250000 -0.000227
0.460000 0.260000 -0.000534
0.460000 0.270000 -0.000834
0.460000 0.280000 -0.001122
0.460000 0.290000 -0.001386
0.460000 0.300000 -0.001714
0.460000 0.310000 -0.001853
0.460000 0.320000 -0.001998
0.460000 0.330000 -0.002204
0.460000 0.340000 -0.002357
0.460000 0.350000 -0.002229
0.460000 0.360000 -0.002083
0.460000 0.370000 -0.002845
0.460000 0.380000 -0.003366
0.460000 0.390000 -0.004166
0.460000 0.400000 -0.004735
0.460000 0.410000 0.000000
0.460000 0.420000 0.000000
0.460000 0.430000 -0.009494
0.460000 0.440000 0.000000
0.460000 0.450000 0.000000
0.460000 0.460000 0.000000
0.460000 0.470000 -0.004475
0.460000 0.480000 0.000000
0.460000 0.490000 -0.002322
0.470000 0.000000 0.009549
0.470000 0.010000 0.007881
0.470000 0.020000 0.008559
0.470000 0.030000 0.008749
0.470000 0.040000 0.008401
0.470000 0.050000 0.007902
0.470000 0.060000 0.007382
0.470000 0.070000 0.006876
0.470000 0.080000 0.006397
0.470000 0.090000 0.005945
0.470000 0.100000 0.005515
0.470000 0.110000 0.005056
0.470000 0.120000 0.004666
0.470000 0.130000 0.004271
0.470000 0.140000 0.003856
0.470000 0.150000 0.003373
0.470000 0.160000 0.002948
0.470000 0.170000 0.002566
0.470000 0.180000 0.002078
0.470000 0.190000 0.001913
0.470000 0.200000 0.001470
0.470000 0.210000 0.001120
0.470000 0.220000 0.000787
0.470000 0.230000 0.000461
0.470000 0.240000 0.000150
0.470000 0.250000 -0.000180
0.470000 0.260000 -0.000488
0.470000 0.270000 -0.000784
0.470000 0.280000 -0.001076
0.470000 0.290000 -0.001322
0.470000 0.300000 -0.001599
0.470000 0.310000 -0.001756
0.470000 0.320000 -0.001966
0.470000 0.330000 -0.002087
0.470000 0.340000 -0.002306
0.470000 0.350000 -0.002229
0.470000 0.360000 -0.002478
0.470000 0.370000 -0.002753
0.470000 0.380000 -0.003175
0.470000 0.390000 -0.003764
0.470000 0.400000 -0.004163
0.470000 0.410000 0.000000
0.470000 0.420000 -0.004813
0.470000 0.430000 -0.004699
0.470000 0.440000 -0.004503
0.470000 0.450000 0.000000
0.470000 0.460000 0.000000
0.470000 0.470000 -0.003270
0.470000 0.480000 0.000000
0.470000 0.490000 0.000585
0.480000 0.000000 0.008804
0.480000 0.010000 0.005094
0.480000 0.020000 0.008417
0.480000 0.030000 0.009041
0.480000 0.040000 0.008639
0.480000 0.050000 0.008067
0.480000 0.060000 0.007497
0.480000 0.070000 0.006963
0.480000 0.080000 0.006467
0.480000 0.090000 0.006008
0.480000 0.100000 0.005583
0.480000 0.110000 0.005127
0.480000 0.120000 0.004742
0.480000 0.130000 0.004366
0.480000 0.140000 0.003979
0.480000 0.150000 0.003474
0.480000 0.160000 0.002761
0.480000 0.170000 0.002380
0.480000 0.180000 0.002174
0.480000 0.190000 0.001880
0.480000 0.200000 0.001474
0.480000 0.210000 0.001131
0.480000 0.220000 0.000798
0.480000 0.230000 0.000482
0.480000 0.240000 0.000165
0.480000 0.250000 -0.000161
0.480000 0.260000 -0.000457
0.480000 0.270000 -0.000738
0.480000 0.280000 -0.001024
0.480000 0.290000 -0.001310
0.480000 0.300000 -0.001526
0.480000 0.310000 -0.001715
0.480000 0.320000 -0.001900
0.480000 0.330000 -0.002037
0.480000 0.340000 -0.002258
0.480000 0.350000 -0.002271
0.480000 0.360000 -0.002558
0.480000 0.370000 -0.002618
0.480000 0.380000 -0.003118
0.480000 0.390000 -0.003305
0.480000 0.400000 -0.003577
0.480000 0.410000 -0.004948
0.480000 0.420000 -0.002746
0.480000 0.430000 -0.002331
0.480000 0.440000 -0.002609
0.480000 0.450000 0.000000
0.480000 0.460000 0.000000
0.480000 0.470000 -0.002217
0.480000 0.480000 0.000000
0.480000 0.490000 0.002340
0.490000 0.000000 0.019664
0.490000 0.010000 0.016649
0.490000 0.020000 0.012653
0.490000 0.030000 0.010250
0.490000 0.040000 0.009040
0.490000 0.050000 0.008228
0.490000 0.060000 0.007578
0.490000 0.070000 0.007014
0.490000 0.080000 0.006506
0.490000 0.090000 0.006039
0.490000 0.100000 0.005608
0.490000 0.110000 0.005205
0.490000 0.120000 0.004806
0.490000 0.130000 0.004470
0.490000 0.140000 0.004306
0.490000 0.150000 0.003729
0.490000 0.160000 0.002013
0.490000 0.170000 0.000000
0.490000 0.180000 0.000000
0.490000 0.190000 0.001917
0.490000 0.200000 0.001467
0.490000 0.210000 0.001131
0.490000 0.220000 0.000790
0.490000 0.230000 0.000500
0.490000 0.240000 0.000190
0.490000 0.250000 -0.000121
0.490000 0.260000 -0.000469
0.490000 0.270000 -0.000709
0.490000 0.280000 -0.001033
0.490000 0.290000 -0.001268
0.490000 0.300000 -0.001490
0.490000 0.310000 -0.001695
0.490000 0.320000 -0.001872
0.490000 0.330000 -0.002012
0.490000 0.340000 -0.002221
0.490000 0.350000 -0.002375
0.490000 0.360000 -0.002460
0.490000 0.370000 -0.002555
0.490000 0.380000 -0.002688
0.490000 0.390000 -0.002282
0.490000 0.400000 -0.001880
0.490000 0.410000 -0.001124
0.490000 0.420000 -0.001423
0.490000 0.430000 -0.000614
0.490000 0.440000 -0.001276
0.490000 0.450000 -0.001283
0.490000 0.460000 -0.001162
0.490000 0.470000 0.000316
0.490000 0.480000 0.002884
0.490000 0.490000 0.009525
