0.000000 0.000000 0.000000
0.000000 0.010000 0.000000
0.000000 0.020000 0.000000
0.000000 0.030000 0.000000
0.000000 0.040000 0.000000
0.000000 0.050000 0.003410
0.000000 0.060000 0.000000
0.000000 0.070000 0.000000
0.000000 0.080000 0.000000
0.000000 0.090000 0.000000
0.000000 0.100000 0.000000
0.000000 0.110000 0.000800
0.000000 0.120000 0.000217
0.000000 0.130000 0.000000
0.000000 0.140000 0.000000
0.000000 0.150000 0.000000
0.000000 0.160000 0.000000
0.000000 0.170000 0.000000
0.000000 0.180000 0.000000
0.000000 0.190000 0.000000
0.000000 0.200000 0.000000
0.000000 0.210000 0.000000
0.000000 0.220000 0.000000
0.000000 0.230000 0.000000
0.000000 0.240000 0.000000
0.000000 0.250000 0.000000
0.000000 0.260000 0.000000
0.000000 0.270000 0.000000
0.000000 0.280000 0.000000
0.000000 0.290000 0.000000
0.000000 0.300000 0.000000
0.000000 0.310000 0.000000
0.000000 0.320000 0.000000
0.000000 0.330000 0.000000
0.000000 0.340000 0.000000
0.000000 0.350000 0.000000
0.000000 0.360000 0.000000
0.000000 0.370000 0.000000
0.000000 0.380000 0.000000
0.000000 0.390000 0.000000
0.000000 0.400000 0.000000
0.000000 0.410000 0.000000
0.000000 0.420000 0.000000
0.000000 0.430000 0.000000
0.000000 0.440000 0.000000
0.000000 0.450000 0.000000
0.000000 0.460000 0.000000
0.000000 0.470000 0.000000
0.000000 0.480000 0.000000
0.000000 0.490000 0.000000
0.010000 0.000000 0.000000
0.010000 0.010000 0.000000
0.010000 0.020000 0.001224
0.010000 0.030000 0.000982
0.010000 0.040000 0.000394
0.010000 0.050000 0.000009
0.010000 0.060000 -0.000233
0.010000 0.070000 -0.000463
0.010000 0.080000 -0.000698
0.010000 0.090000 0.000000
0.010000 0.100000 0.000000
0.010000 0.110000 -0.000217
0.010000 0.120000 0.000000
0.010000 0.130000 0.000000
0.010000 0.140000 0.000000
0.010000 0.150000 0.000000
0.010000 0.160000 0.000000
0.010000 0.170000 0.000000
0.010000 0.180000 0.000000
0.010000 0.190000 0.000000
0.010000 0.200000 0.000000
0.010000 0.210000 0.000000
0.010000 0.220000 0.000000
0.010000 0.230000 0.000000
0.010000 0.240000 0.000000
0.010000 0.250000 0.000000
0.010000 0.260000 0.000000
0.010000 0.270000 0.000000
0.010000 0.280000 0.000000
0.010000 0.290000 0.000000
0.010000 0.300000 0.000000
0.010000 0.310000 0.000000
0.010000 0.320000 0.000000
0.010000 0.330000 0.000000
0.010000 0.340000 0.000000
0.010000 0.350000 0.000000
0.010000 0.360000 0.000000
0.010000 0.370000 0.000000
0.010000 0.380000 0.000000
0.010000 0.390000 0.000000
0.010000 0.400000 0.000000
0.010000 0.410000 0.000000
0.010000 0.420000 0.000000
0.010000 0.430000 0.000000
0.010000 0.440000 0.000000
0.010000 0.450000 0.000000
0.010000 0.460000 0.000000
0.010000 0.470000 0.000000
0.010000 0.480000 0.000000
0.010000 0.490000 0.000000
0.020000 0.000000 0.000000
0.020000 0.010000 0.000000
0.020000 0.020000 0.000000
0.020000 0.030000 0.000000
0.020000 0.040000 0.000000
0.020000 0.050000 0.000000
0.020000 0.060000 0.000000
0.020000 0.070000 0.000000
0.020000 0.080000 0.000000
0.020000 0.090000 0.000000
0.020000 0.100000 0.000000
0.020000 0.110000 0.000000
0.020000 0.120000 0.000000
0.020000 0.130000 0.000000
0.020000 0.140000 0.000000
0.020000 0.150000 0.000000
0.020000 0.160000 0.000000
0.020000 0.170000 0.000000
0.020000 0.180000 0.000000
0.020000 0.190000 0.000000
0.020000 0.200000 0.000000
0.020000 0.210000 0.000000
0.020000 0.220000 0.000000
0.020000 0.230000 0.000000
0.020000 0.240000 0.000000
0.020000 0.250000 0.000000
0.020000 0.260000 0.000000
0.020000 0.270000 0.000000
0.020000 0.280000 0.000000
0.020000 0.290000 0.000000
0.020000 0.300000 0.000000
0.020000 0.310000 0.000000
0.020000 0.320000 0.000000
0.020000 0.330000 0.000000
0.020000 0.340000 0.000000
0.020000 0.350000 0.000000
0.020000 0.360000 0.000000
0.020000 0.370000 0.000000
0.020000 0.380000 0.000000
0.020000 0.390000 0.000000
0.020000 0.400000 0.000000
0.020000 0.410000 0.000000
0.020000 0.420000 0.000000
0.020000 0.430000 0.000000
0.020000 0.440000 0.000000
0.020000 0.450000 0.000000
0.020000 0.460000 0.000000
0.020000 0.470000 0.000000
0.020000 0.480000 0.000000
0.020000 0.490000 0.000000
0.030000 0.000000 0.000000
0.030000 0.010000 0.000000
0.030000 0.020000 0.000000
0.030000 0.030000 0.000000
0.030000 0.040000 0.000000
0.030000 0.050000 0.000000
0.030000 0.060000 0.000000
0.030000 0.070000 0.000000
0.030000 0.080000 0.000000
0.030000 0.090000 0.000000
0.030000 0.100000 0.000000
0.030000 0.110000 0.000000
0.030000 0.120000 0.000000
0.030000 0.130000 0.000000
0.030000 0.140000 0.000000
0.030000 0.150000 0.000000
0.030000 0.160000 0.000000
0.030000 0.170000 0.000000
0.030000 0.180000 0.000000
0.030000 0.190000 0.000000
0.030000 0.200000 0.000000
0.030000 0.210000 0.000000
0.030000 0.220000 0.000000
0.030000 0.230000 0.000000
0.030000 0.240000 0.000000
0.030000 0.250000 0.000000
0.030000 0.260000 0.000000
0.030000 0.270000 0.000000
0.030000 0.280000 0.000000
0.030000 0.290000 0.000000
0.030000 0.300000 0.000000
0.030000 0.310000 0.000000
0.030000 0.320000 0.000000
0.030000 0.330000 0.000000
0.030000 0.340000 0.000000
0.030000 0.350000 0.000000
0.030000 0.360000 0.000000
0.030000 0.370000 0.000000
0.030000 0.380000 0.000000
0.030000 0.390000 0.000000
0.030000 0.400000 0.000000
0.030000 0.410000 0.000000
0.030000 0.420000 0.000000
0.030000 0.430000 0.000000
0.030000 0.440000 0.000000
0.030000 0.450000 0.000000
0.030000 0.460000 0.000000
0.030000 0.470000 0.000000
0.030000 0.480000 0.000000
0.030000 0.490000 0.000000
0.040000 0.000000 0.000000
0.040000 0.010000 0.000000
0.040000 0.020000 0.000000
0.040000 0.030000 0.000000
0.040000 0.040000 0.000000
0.040000 0.050000 0.000000
0.040000 0.060000 0.000000
0.040000 0.070000 0.000000
0.040000 0.080000 0.000685
0.040000 0.090000 0.000502
0.040000 0.100000 0.000000
0.040000 0.110000 0.000000
0.040000 0.120000 0.000000
0.040000 0.130000 0.000000
0.040000 0.140000 0.000000
0.040000 0.150000 0.000000
0.040000 0.160000 0.000000
0.040000 0.170000 0.000350
0.040000 0.180000 0.000000
0.040000 0.190000 0.000000
0.040000 0.200000 0.000000
0.040000 0.210000 0.000000
0.040000 0.220000 0.000000
0.040000 0.230000 0.000000
0.040000 0.240000 0.000000
0.040000 0.250000 0.000000
0.040000 0.260000 0.000000
0.040000 0.270000 0.000000
0.040000 0.280000 0.000000
0.040000 0.290000 0.000000
0.040000 0.300000 0.000000
0.040000 0.310000 0.000000
0.040000 0.320000 0.000000
0.040000 0.330000 0.000000
0.040000 0.340000 0.000000
0.040000 0.350000 0.000000
0.040000 0.360000 0.000000
0.040000 0.370000 0.000000
0.040000 0.380000 0.000000
0.040000 0.390000 0.000000
0.040000 0.400000 0.000000
0.040000 0.410000 0.000000
0.040000 0.420000 0.000000
0.040000 0.430000 0.000000
0.040000 0.440000 0.000000
0.040000 0.450000 0.000000
0.040000 0.460000 0.000000
0.040000 0.470000 0.000000
0.040000 0.480000 0.000000
0.040000 0.490000 0.000000
0.050000 0.000000 0.000000
0.050000 0.010000 0.000000
0.050000 0.020000 0.000000
0.050000 0.030000 0.000000
0.050000 0.040000 0.000000
0.050000 0.050000 0.000000
0.050000 0.060000 0.000000
0.050000 0.070000 0.000000
0.050000 0.080000 -0.000502
0.050000 0.090000 0.000000
0.050000 0.100000 0.000000
0.050000 0.110000 0.000697
0.050000 0.120000 0.000000
0.050000 0.130000 0.000000
0.050000 0.140000 0.000000
0.050000 0.150000 0.000000
0.050000 0.160000 0.000000
0.050000 0.170000 0.000000
0.050000 0.180000 0.000000
0.050000 0.190000 0.000000
0.050000 0.200000 0.000000
0.050000 0.210000 0.000000
0.050000 0.220000 0.000000
0.050000 0.230000 0.000000
0.050000 0.240000 0.000000
0.050000 0.250000 0.000000
0.050000 0.260000 0.000000
0.050000 0.270000 0.000000
0.050000 0.280000 0.000000
0.050000 0.290000 0.000000
0.050000 0.300000 0.000000
0.050000 0.310000 0.000000
0.050000 0.320000 0.000000
0.050000 0.330000 0.000000
0.050000 0.340000 0.000000
0.050000 0.350000 0.000000
0.050000 0.360000 0.000000
0.050000 0.370000 0.000000
0.050000 0.380000 0.000000
0.050000 0.390000 0.000000
0.050000 0.400000 0.000000
0.050000 0.410000 0.000000
0.050000 0.420000 0.000000
0.050000 0.430000 0.000000
0.050000 0.440000 0.000000
0.050000 0.450000 0.000000
0.050000 0.460000 0.000000
0.050000 0.470000 0.000000
0.050000 0.480000 0.000000
0.050000 0.490000 0.000000
0.060000 0.000000 0.000000
0.060000 0.010000 0.000000
0.060000 0.020000 0.000000
0.060000 0.030000 0.000000
0.060000 0.040000 0.000000
0.060000 0.050000 0.000000
0.060000 0.060000 0.000000
0.060000 0.070000 0.000000
0.060000 0.080000 0.000000
0.060000 0.090000 0.000000
0.060000 0.100000 0.000000
0.060000 0.110000 0.000000
0.060000 0.120000 0.000000
0.060000 0.130000 0.000000
0.060000 0.140000 0.000000
0.060000 0.150000 0.000000
0.060000 0.160000 0.000000
0.060000 0.170000 0.000000
0.060000 0.180000 0.000000
0.060000 0.190000 0.000000
0.060000 0.200000 0.000000
0.060000 0.210000 0.000000
0.060000 0.220000 0.000000
0.060000 0.230000 0.000000
0.060000 0.240000 0.000000
0.060000 0.250000 0.000000
0.060000 0.260000 0.000000
0.060000 0.270000 0.000000
0.060000 0.280000 0.000000
0.060000 0.290000 0.000000
0.060000 0.300000 0.000000
0.060000 0.310000 0.000000
0.060000 0.320000 0.000000
0.060000 0.330000 0.000000
0.060000 0.340000 0.000000
0.060000 0.350000 0.000000
0.060000 0.360000 0.000000
0.060000 0.370000 0.000000
0.060000 0.380000 0.000000
0.060000 0.390000 0.000000
0.060000 0.400000 0.000000
0.060000 0.410000 0.000000
0.060000 0.420000 0.000000
0.060000 0.430000 0.000000
0.060000 0.440000 0.000000
0.060000 0.450000 0.000000
0.060000 0.460000 0.000000
0.060000 0.470000 0.000000
0.060000 0.480000 0.000000
0.060000 0.490000 0.000000
0.070000 0.000000 0.034240
0.070000 0.010000 0.000000
0.070000 0.020000 0.000000
0.070000 0.030000 0.000000
0.070000 0.040000 0.000000
0.070000 0.050000 0.000000
0.070000 0.060000 0.000000
0.070000 0.070000 0.000000
0.070000 0.080000 0.000000
0.070000 0.090000 0.000000
0.070000 0.100000 0.000000
0.070000 0.110000 0.000000
0.070000 0.120000 0.000000
0.070000 0.130000 0.000000
0.070000 0.140000 0.000000
0.070000 0.150000 0.000000
0.070000 0.160000 0.000000
0.070000 0.170000 0.000000
0.070000 0.180000 0.000000
0.070000 0.190000 0.000000
0.070000 0.200000 0.000000
0.070000 0.210000 0.000000
0.070000 0.220000 0.000000
0.070000 0.230000 0.000000
0.070000 0.240000 0.000000
0.070000 0.250000 0.000000
0.070000 0.260000 0.000000
0.070000 0.270000 0.000000
0.070000 0.280000 0.000000
0.070000 0.290000 0.000000
0.070000 0.300000 0.000000
0.070000 0.310000 0.000000
0.070000 0.320000 0.000000
0.070000 0.330000 0.000000
0.070000 0.340000 0.000000
0.070000 0.350000 0.000000
0.070000 0.360000 0.000000
0.070000 0.370000 0.000000
0.070000 0.380000 0.000000
0.070000 0.390000 0.000000
0.070000 0.400000 0.000000
0.070000 0.410000 0.000000
0.070000 0.420000 0.000000
0.070000 0.430000 0.000000
0.070000 0.440000 0.000000
0.070000 0.450000 0.000000
0.070000 0.460000 0.000000
0.070000 0.470000 0.000000
0.070000 0.480000 0.000000
0.070000 0.490000 0.000000
0.080000 0.000000 0.022678
0.080000 0.010000 0.021568
0.080000 0.020000 0.020586
0.080000 0.030000 0.000000
0.080000 0.040000 0.017229
0.080000 0.050000 0.000000
0.080000 0.060000 0.000000
0.080000 0.070000 0.000000
0.080000 0.080000 0.000000
0.080000 0.090000 0.000000
0.080000 0.100000 0.000159
0.080000 0.110000 0.000000
0.080000 0.120000 0.000000
0.080000 0.130000 0.000000
0.080000 0.140000 0.000000
0.080000 0.150000 0.000000
0.080000 0.160000 0.000000
0.080000 0.170000 0.000000
0.080000 0.180000 0.000000
0.080000 0.190000 0.000000
0.080000 0.200000 0.000000
0.080000 0.210000 0.000000
0.080000 0.220000 0.000000
0.080000 0.230000 0.000000
0.080000 0.240000 0.000292
0.080000 0.250000 0.000114
0.080000 0.260000 0.000000
0.080000 0.270000 0.000000
0.080000 0.280000 0.000000
0.080000 0.290000 0.000000
0.080000 0.300000 0.000000
0.080000 0.310000 0.000000
0.080000 0.320000 0.000000
0.080000 0.330000 0.000000
0.080000 0.340000 0.000000
0.080000 0.350000 0.000000
0.080000 0.360000 0.000000
0.080000 0.370000 0.000000
0.080000 0.380000 0.000000
0.080000 0.390000 0.000000
0.080000 0.400000 0.000000
0.080000 0.410000 0.000000
0.080000 0.420000 0.000000
0.080000 0.430000 0.000000
0.080000 0.440000 0.000000
0.080000 0.450000 0.000000
0.080000 0.460000 0.000000
0.080000 0.470000 0.000000
0.080000 0.480000 0.000000
0.080000 0.490000 0.000000
0.090000 0.000000 0.017216
0.090000 0.010000 0.016533
0.090000 0.020000 0.017086
0.090000 0.030000 0.016874
0.090000 0.040000 0.017184
0.090000 0.050000 0.000000
0.090000 0.060000 0.013923
0.090000 0.070000 0.013342
0.090000 0.080000 0.000000
0.090000 0.090000 0.000000
0.090000 0.100000 0.000000
0.090000 0.110000 0.000000
0.090000 0.120000 0.000000
0.090000 0.130000 0.000000
0.090000 0.140000 0.000000
0.090000 0.150000 0.000000
0.090000 0.160000 0.000000
0.090000 0.170000 0.000000
0.090000 0.180000 0.000000
0.090000 0.190000 0.000000
0.090000 0.200000 0.000000
0.090000 0.210000 0.000000
0.090000 0.220000 0.000000
0.090000 0.230000 0.000000
0.090000 0.240000 -0.000114
0.090000 0.250000 0.000000
0.090000 0.260000 0.000799
0.090000 0.270000 0.000000
0.090000 0.280000 0.000000
0.090000 0.290000 0.000000
0.090000 0.300000 0.000000
0.090000 0.310000 0.000000
0.090000 0.320000 0.000000
0.090000 0.330000 0.000000
0.090000 0.340000 0.000000
0.090000 0.350000 0.000000
0.090000 0.360000 0.000000
0.090000 0.370000 0.000000
0.090000 0.380000 0.000000
0.090000 0.390000 0.000000
0.090000 0.400000 0.000000
0.090000 0.410000 0.000000
0.090000 0.420000 0.000000
0.090000 0.430000 0.000000
0.090000 0.440000 0.000000
0.090000 0.450000 0.000000
0.090000 0.460000 0.000000
0.090000 0.470000 0.000000
0.090000 0.480000 0.000000
0.090000 0.490000 0.000000
0.100000 0.000000 0.016500
0.100000 0.010000 0.015473
0.100000 0.020000 0.014862
0.100000 0.030000 0.013836
0.100000 0.040000 0.013167
0.100000 0.050000 0.012541
0.100000 0.060000 0.012540
0.100000 0.070000 0.012749
0.100000 0.080000 0.012057
0.100000 0.090000 0.011614
0.100000 0.100000 0.000000
0.100000 0.110000 0.000000
0.100000 0.120000 0.000000
0.100000 0.130000 0.000000
0.100000 0.140000 0.000000
0.100000 0.150000 0.000000
0.100000 0.160000 0.000000
0.100000 0.170000 0.007532
0.100000 0.180000 0.000000
0.100000 0.190000 0.000000
0.100000 0.200000 0.000000
0.100000 0.210000 0.000000
0.100000 0.220000 0.000000
0.100000 0.230000 0.000000
0.100000 0.240000 0.000000
0.100000 0.250000 0.000638
0.100000 0.260000 0.000000
0.100000 0.270000 0.000000
0.100000 0.280000 0.000000
0.100000 0.290000 0.000000
0.100000 0.300000 0.000000
0.100000 0.310000 0.000000
0.100000 0.320000 0.000000
0.100000 0.330000 0.000000
0.100000 0.340000 0.000000
0.100000 0.350000 0.000000
0.100000 0.360000 0.000000
0.100000 0.370000 0.000000
0.100000 0.380000 0.000000
0.100000 0.390000 0.000000
0.100000 0.400000 0.000000
0.100000 0.410000 0.000000
0.100000 0.420000 0.000000
0.100000 0.430000 0.000000
0.100000 0.440000 0.000000
0.100000 0.450000 0.000000
0.100000 0.460000 0.000000
0.100000 0.470000 0.000000
0.100000 0.480000 0.000000
0.100000 0.490000 0.000000
0.110000 0.000000 0.015355
0.110000 0.010000 0.014466
0.110000 0.020000 0.000000
0.110000 0.030000 0.013056
0.110000 0.040000 0.000000
0.110000 0.050000 0.010337
0.110000 0.060000 0.009962
0.110000 0.070000 0.009363
0.110000 0.080000 0.009654
0.110000 0.090000 0.009542
0.110000 0.100000 0.000000
0.110000 0.110000 0.008611
0.110000 0.120000 0.007814
0.110000 0.130000 0.007415
0.110000 0.140000 0.007023
0.110000 0.150000 0.000000
0.110000 0.160000 0.000000
0.110000 0.170000 0.007082
0.110000 0.180000 0.000000
0.110000 0.190000 0.000000
0.110000 0.200000 0.000000
0.110000 0.210000 0.000000
0.110000 0.220000 0.000000
0.110000 0.230000 0.000000
0.110000 0.240000 0.000000
0.110000 0.250000 0.000000
0.110000 0.260000 0.000000
0.110000 0.270000 0.000000
0.110000 0.280000 0.000000
0.110000 0.290000 0.000000
0.110000 0.300000 0.000000
0.110000 0.310000 0.000000
0.110000 0.320000 0.000000
0.110000 0.330000 0.000000
0.110000 0.340000 0.000000
0.110000 0.350000 0.000000
0.110000 0.360000 0.000000
0.110000 0.370000 0.000000
0.110000 0.380000 0.000000
0.110000 0.390000 0.000000
0.110000 0.400000 0.000000
0.110000 0.410000 0.000000
0.110000 0.420000 0.000000
0.110000 0.430000 0.000000
0.110000 0.440000 0.000000
0.110000 0.450000 0.000000
0.110000 0.460000 0.000000
0.110000 0.470000 0.000000
0.110000 0.480000 0.000000
0.110000 0.490000 0.000000
0.120000 0.000000 0.013384
0.120000 0.010000 0.012796
0.120000 0.020000 0.012268
0.120000 0.030000 0.011707
0.120000 0.040000 0.011282
0.120000 0.050000 0.010395
0.120000 0.060000 0.009907
0.120000 0.070000 0.000000
0.120000 0.080000 0.007823
0.120000 0.090000 0.007304
0.120000 0.100000 0.007086
0.120000 0.110000 0.006957
0.120000 0.120000 0.007324
0.120000 0.130000 0.000000
0.120000 0.140000 0.000000
0.120000 0.150000 0.000000
0.120000 0.160000 0.000000
0.120000 0.170000 0.000000
0.120000 0.180000 0.000000
0.120000 0.190000 0.002099
0.120000 0.200000 0.001703
0.120000 0.210000 0.001305
0.120000 0.220000 0.000000
0.120000 0.230000 0.000000
0.120000 0.240000 0.000000
0.120000 0.250000 0.000000
0.120000 0.260000 0.000000
0.120000 0.270000 0.000000
0.120000 0.280000 0.000000
0.120000 0.290000 0.000831
0.120000 0.300000 0.000691
0.120000 0.310000 0.000514
0.120000 0.320000 0.000000
0.120000 0.330000 0.000000
0.120000 0.340000 0.000000
0.120000 0.350000 0.000000
0.120000 0.360000 0.000000
0.120000 0.370000 0.000000
0.120000 0.380000 0.000000
0.120000 0.390000 0.000000
0.120000 0.400000 0.000000
0.120000 0.410000 0.000000
0.120000 0.420000 0.000000
0.120000 0.430000 0.000000
0.120000 0.440000 0.000000
0.120000 0.450000 0.000000
0.120000 0.460000 0.000000
0.120000 0.470000 0.000000
0.120000 0.480000 0.000000
0.120000 0.490000 0.000000
0.130000 0.000000 0.009542
0.130000 0.010000 0.009279
0.130000 0.020000 0.010016
0.130000 0.030000 0.010811
0.130000 0.040000 0.010678
0.130000 0.050000 0.009785
0.130000 0.060000 0.009014
0.130000 0.070000 0.008439
0.130000 0.080000 0.008015
0.130000 0.090000 0.007241
0.130000 0.100000 0.000000
0.130000 0.110000 0.004747
0.130000 0.120000 0.003984
0.130000 0.130000 0.003876
0.130000 0.140000 0.003859
0.130000 0.150000 0.000000
0.130000 0.160000 0.000000
0.130000 0.170000 0.000000
0.130000 0.180000 0.000000
0.130000 0.190000 0.000000
0.130000 0.200000 0.001226
0.130000 0.210000 0.000000
0.130000 0.220000 0.000000
0.130000 0.230000 0.000000
0.130000 0.240000 0.000000
0.130000 0.250000 0.000000
0.130000 0.260000 0.000392
0.130000 0.270000 0.000000
0.130000 0.280000 0.000000
0.130000 0.290000 0.000000
0.130000 0.300000 0.000000
0.130000 0.310000 0.000457
0.130000 0.320000 0.000164
0.130000 0.330000 0.000000
0.130000 0.340000 0.000000
0.130000 0.350000 0.000000
0.130000 0.360000 0.000000
0.130000 0.370000 0.000000
0.130000 0.380000 0.000000
0.130000 0.390000 0.000000
0.130000 0.400000 0.000000
0.130000 0.410000 0.000000
0.130000 0.420000 0.000000
0.130000 0.430000 0.000000
0.130000 0.440000 0.000000
0.130000 0.450000 0.000000
0.130000 0.460000 0.000000
0.130000 0.470000 0.000000
0.130000 0.480000 0.000000
0.130000 0.490000 0.000000
0.140000 0.000000 0.000000
0.140000 0.010000 0.007419
0.140000 0.020000 0.007400
0.140000 0.030000 0.006985
0.140000 0.040000 0.006928
0.140000 0.050000 0.007341
0.140000 0.060000 0.007234
0.140000 0.070000 0.007835
0.140000 0.080000 0.007511
0.140000 0.090000 0.006821
0.140000 0.100000 0.000000
0.140000 0.110000 0.004635
0.140000 0.120000 0.000000
0.140000 0.130000 0.000000
0.140000 0.140000 0.002133
0.140000 0.150000 0.001501
0.140000 0.160000 0.001429
0.140000 0.170000 0.001694
0.140000 0.180000 0.000000
0.140000 0.190000 0.000000
0.140000 0.200000 0.001077
0.140000 0.210000 0.000000
0.140000 0.220000 0.000000
0.140000 0.230000 0.000000
0.140000 0.240000 0.000000
0.140000 0.250000 0.000000
0.140000 0.260000 0.000000
0.140000 0.270000 0.000000
0.140000 0.280000 0.000000
0.140000 0.290000 0.000000
0.140000 0.300000 0.000000
0.140000 0.310000 0.000000
0.140000 0.320000 0.000000
0.140000 0.330000 -0.000160
0.140000 0.340000 0.000000
0.140000 0.350000 0.000000
0.140000 0.360000 0.000000
0.140000 0.370000 0.000000
0.140000 0.380000 0.000000
0.140000 0.390000 0.000000
0.140000 0.400000 0.000000
0.140000 0.410000 0.000000
0.140000 0.420000 0.000000
0.140000 0.430000 0.000000
0.140000 0.440000 0.000000
0.140000 0.450000 0.000000
0.140000 0.460000 0.000000
0.140000 0.470000 0.000000
0.140000 0.480000 0.000000
0.140000 0.490000 0.000000
0.150000 0.000000 0.000000
0.150000 0.010000 0.000000
0.150000 0.020000 0.000000
0.150000 0.030000 0.000000
0.150000 0.040000 0.000000
0.150000 0.050000 0.005255
0.150000 0.060000 0.004919
0.150000 0.070000 0.004338
0.150000 0.080000 0.004148
0.150000 0.090000 0.004456
0.150000 0.100000 0.004415
0.150000 0.110000 0.004263
0.150000 0.120000 0.003795
0.150000 0.130000 0.002916
0.150000 0.140000 0.002144
0.150000 0.150000 0.001389
0.150000 0.160000 0.001158
0.150000 0.170000 0.000339
0.150000 0.180000 -0.000363
0.150000 0.190000 -0.000638
0.150000 0.200000 -0.000427
0.150000 0.210000 0.000000
0.150000 0.220000 0.000096
0.150000 0.230000 -0.000395
0.150000 0.240000 0.000000
0.150000 0.250000 0.000000
0.150000 0.260000 0.000000
0.150000 0.270000 0.000000
0.150000 0.280000 0.000000
0.150000 0.290000 0.000000
0.150000 0.300000 0.000000
0.150000 0.310000 0.000000
0.150000 0.320000 0.000000
0.150000 0.330000 0.000000
0.150000 0.340000 0.000000
0.150000 0.350000 0.000170
0.150000 0.360000 0.000000
0.150000 0.370000 0.000000
0.150000 0.380000 0.000000
0.150000 0.390000 0.000000
0.150000 0.400000 0.000000
0.150000 0.410000 0.000000
0.150000 0.420000 0.000000
0.150000 0.430000 0.000000
0.150000 0.440000 -0.006402
0.150000 0.450000 0.000000
0.150000 0.460000 0.000000
0.150000 0.470000 0.000000
0.150000 0.480000 0.000000
0.150000 0.490000 0.000000
0.160000 0.000000 0.000000
0.160000 0.010000 0.000000
0.160000 0.020000 0.000000
0.160000 0.030000 0.000000
0.160000 0.040000 0.000000
0.160000 0.050000 0.000000
0.160000 0.060000 0.000000
0.160000 0.070000 0.000000
0.160000 0.080000 0.000000
0.160000 0.090000 0.002439
0.160000 0.100000 0.002071
0.160000 0.110000 0.001268
0.160000 0.120000 0.000864
0.160000 0.130000 0.000867
0.160000 0.140000 0.000801
0.160000 0.150000 0.001214
0.160000 0.160000 0.001074
0.160000 0.170000 0.000336
0.160000 0.180000 -0.000330
0.160000 0.190000 -0.000907
0.160000 0.200000 -0.001691
0.160000 0.210000 -0.002235
0.160000 0.220000 -0.002369
0.160000 0.230000 -0.002069
0.160000 0.240000 -0.002005
0.160000 0.250000 0.000000
0.160000 0.260000 -0.003604
0.160000 0.270000 0.000000
0.160000 0.280000 0.000000
0.160000 0.290000 0.000000
0.160000 0.300000 0.000000
0.160000 0.310000 0.000000
0.160000 0.320000 0.000000
0.160000 0.330000 0.000000
0.160000 0.340000 0.000000
0.160000 0.350000 0.000000
0.160000 0.360000 0.000000
0.160000 0.370000 0.000000
0.160000 0.380000 0.000000
0.160000 0.390000 0.000000
0.160000 0.400000 0.000000
0.160000 0.410000 -0.005178
0.160000 0.420000 -0.005591
0.160000 0.430000 -0.005955
0.160000 0.440000 -0.006412
0.160000 0.450000 -0.006709
0.160000 0.460000 -0.006809
0.160000 0.470000 0.000000
0.160000 0.480000 0.000000
0.160000 0.490000 0.000000
0.170000 0.000000 0.000000
0.170000 0.010000 0.000000
0.170000 0.020000 0.000000
0.170000 0.030000 0.000000
0.170000 0.040000 0.000000
0.170000 0.050000 0.000000
0.170000 0.060000 0.000000
0.170000 0.070000 0.000000
0.170000 0.080000 0.000000
0.170000 0.090000 0.000000
0.170000 0.100000 0.000000
0.170000 0.110000 0.000000
0.170000 0.120000 0.000000
0.170000 0.130000 -0.000921
0.170000 0.140000 -0.001173
0.170000 0.150000 -0.001658
0.170000 0.160000 -0.001745
0.170000 0.170000 -0.001517
0.170000 0.180000 -0.001431
0.170000 0.190000 -0.001283
0.170000 0.200000 -0.001561
0.170000 0.210000 -0.002228
0.170000 0.220000 -0.002714
0.170000 0.230000 -0.003539
0.170000 0.240000 -0.004282
0.170000 0.250000 -0.004573
0.170000 0.260000 -0.004772
0.170000 0.270000 -0.004404
0.170000 0.280000 0.000000
0.170000 0.290000 0.000000
0.170000 0.300000 0.000000
0.170000 0.310000 0.000000
0.170000 0.320000 0.000000
0.170000 0.330000 0.000000
0.170000 0.340000 0.000000
0.170000 0.350000 0.000000
0.170000 0.360000 0.000000
0.170000 0.370000 0.000000
0.170000 0.380000 -0.000033
0.170000 0.390000 -0.000162
0.170000 0.400000 -0.000265
0.170000 0.410000 0.000000
0.170000 0.420000 0.000000
0.170000 0.430000 0.000000
0.170000 0.440000 0.000000
0.170000 0.450000 0.000000
0.170000 0.460000 0.000000
0.170000 0.470000 0.000000
0.170000 0.480000 0.000000
0.170000 0.490000 0.000000
0.180000 0.000000 0.000000
0.180000 0.010000 0.000000
0.180000 0.020000 0.000000
0.180000 0.030000 0.000000
0.180000 0.040000 0.000000
0.180000 0.050000 0.000000
0.180000 0.060000 0.000000
0.180000 0.070000 0.000000
0.180000 0.080000 0.000000
0.180000 0.090000 0.000000
0.180000 0.100000 0.000000
0.180000 0.110000 0.000000
0.180000 0.120000 0.000000
0.180000 0.130000 0.000000
0.180000 0.140000 0.000000
0.180000 0.150000 0.000000
0.180000 0.160000 0.000000
0.180000 0.170000 -0.003121
0.180000 0.180000 -0.003312
0.180000 0.190000 -0.003818
0.180000 0.200000 -0.003913
0.180000 0.210000 -0.003911
0.180000 0.220000 -0.003890
0.180000 0.230000 0.000000
0.180000 0.240000 -0.004290
0.180000 0.250000 -0.005096
0.180000 0.260000 -0.006154
0.180000 0.270000 -0.006364
0.180000 0.280000 -0.006381
0.180000 0.290000 -0.006491
0.180000 0.300000 0.000000
0.180000 0.310000 0.000000
0.180000 0.320000 0.000000
0.180000 0.330000 0.000000
0.180000 0.340000 0.000000
0.180000 0.350000 0.000000
0.180000 0.360000 0.000000
0.180000 0.370000 0.000000
0.180000 0.380000 0.000000
0.180000 0.390000 0.000427
0.180000 0.400000 0.000000
0.180000 0.410000 -0.013933
0.180000 0.420000 0.000000
0.180000 0.430000 0.000000
0.180000 0.440000 0.000000
0.180000 0.450000 0.000000
0.180000 0.460000 0.000000
0.180000 0.470000 0.000000
0.180000 0.480000 0.000000
0.180000 0.490000 0.000000
0.190000 0.000000 0.000000
0.190000 0.010000 0.000000
0.190000 0.020000 0.000000
0.190000 0.030000 0.000000
0.190000 0.040000 0.000000
0.190000 0.050000 0.000000
0.190000 0.060000 0.000000
0.190000 0.070000 0.000000
0.190000 0.080000 0.000000
0.190000 0.090000 0.000000
0.190000 0.100000 0.000000
0.190000 0.110000 0.000000
0.190000 0.120000 0.000000
0.190000 0.130000 0.000000
0.190000 0.140000 0.000000
0.190000 0.150000 0.000000
0.190000 0.160000 0.000000
0.190000 0.170000 0.000000
0.190000 0.180000 0.000000
0.190000 0.190000 0.000000
0.190000 0.200000 0.000000
0.190000 0.210000 -0.005288
0.190000 0.220000 -0.005383
0.190000 0.230000 -0.005585
0.190000 0.240000 -0.005710
0.190000 0.250000 -0.005919
0.190000 0.260000 0.000000
0.190000 0.270000 -0.005616
0.190000 0.280000 -0.006859
0.190000 0.290000 -0.007316
0.190000 0.300000 -0.008109
0.190000 0.310000 -0.008266
0.190000 0.320000 -0.007987
0.190000 0.330000 -0.008024
0.190000 0.340000 -0.008434
0.190000 0.350000 0.000000
0.190000 0.360000 0.000000
0.190000 0.370000 0.000000
0.190000 0.380000 0.000000
0.190000 0.390000 0.000000
0.190000 0.400000 -0.012382
0.190000 0.410000 -0.012754
0.190000 0.420000 -0.012892
0.190000 0.430000 0.000000
0.190000 0.440000 0.000000
0.190000 0.450000 0.000000
0.190000 0.460000 0.000000
0.190000 0.470000 0.000000
0.190000 0.480000 0.000000
0.190000 0.490000 0.000000
0.200000 0.000000 0.000000
0.200000 0.010000 0.000000
0.200000 0.020000 0.000000
0.200000 0.030000 0.000000
0.200000 0.040000 0.000000
0.200000 0.050000 0.000000
0.200000 0.060000 0.000000
0.200000 0.070000 0.000000
0.200000 0.080000 0.000000
0.200000 0.090000 0.000000
0.200000 0.100000 0.000000
0.200000 0.110000 0.000000
0.200000 0.120000 0.000000
0.200000 0.130000 0.000000
0.200000 0.140000 0.000000
0.200000 0.150000 0.000000
0.200000 0.160000 0.000000
0.200000 0.170000 0.000000
0.200000 0.180000 0.000000
0.200000 0.190000 0.000000
0.200000 0.200000 0.000000
0.200000 0.210000 0.000000
0.200000 0.220000 0.000000
0.200000 0.230000 0.000000
0.200000 0.240000 -0.006855
0.200000 0.250000 -0.007086
0.200000 0.260000 -0.007327
0.200000 0.270000 -0.007577
0.200000 0.280000 -0.007661
0.200000 0.290000 -0.007764
0.200000 0.300000 -0.007598
0.200000 0.310000 -0.008207
0.200000 0.320000 -0.008806
0.200000 0.330000 -0.009513
0.200000 0.340000 -0.009643
0.200000 0.350000 -0.010121
0.200000 0.360000 -0.009750
0.200000 0.370000 -0.010379
0.200000 0.380000 -0.010965
0.200000 0.390000 -0.011420
0.200000 0.400000 -0.011858
0.200000 0.410000 -0.012102
0.200000 0.420000 0.000000
0.200000 0.430000 0.000000
0.200000 0.440000 0.000000
0.200000 0.450000 0.000000
0.200000 0.460000 0.000000
0.200000 0.470000 0.000000
0.200000 0.480000 0.000000
0.200000 0.490000 0.000000
0.210000 0.000000 0.000000
0.210000 0.010000 0.000000
0.210000 0.020000 0.000000
0.210000 0.030000 0.000000
0.210000 0.040000 0.000000
0.210000 0.050000 0.000000
0.210000 0.060000 0.000000
0.210000 0.070000 0.000000
0.210000 0.080000 0.000000
0.210000 0.090000 0.000000
0.210000 0.100000 0.000000
0.210000 0.110000 0.000000
0.210000 0.120000 0.000000
0.210000 0.130000 0.000000
0.210000 0.140000 0.000000
0.210000 0.150000 0.000000
0.210000 0.160000 0.000000
0.210000 0.170000 0.000000
0.210000 0.180000 0.000000
0.210000 0.190000 0.000000
0.210000 0.200000 0.000000
0.210000 0.210000 0.000000
0.210000 0.220000 0.000000
0.210000 0.230000 0.000000
0.210000 0.240000 0.000000
0.210000 0.250000 0.000000
0.210000 0.260000 0.000000
0.210000 0.270000 0.000000
0.210000 0.280000 -0.008219
0.210000 0.290000 -0.008746
0.210000 0.300000 -0.009310
0.210000 0.310000 -0.009652
0.210000 0.320000 -0.009816
0.210000 0.330000 -0.009743
0.210000 0.340000 -0.009834
0.210000 0.350000 -0.010121
0.210000 0.360000 -0.010451
0.210000 0.370000 -0.010404
0.210000 0.380000 -0.010392
0.210000 0.390000 0.000000
0.210000 0.400000 -0.012111
0.210000 0.410000 0.000000
0.210000 0.420000 0.000000
0.210000 0.430000 0.000000
0.210000 0.440000 -0.000138
0.210000 0.450000 -0.000394
0.210000 0.460000 0.000000
0.210000 0.470000 0.000000
0.210000 0.480000 0.000000
0.210000 0.490000 0.000000
0.220000 0.000000 0.000000
0.220000 0.010000 0.000000
0.220000 0.020000 0.000000
0.220000 0.030000 0.000000
0.220000 0.040000 0.000000
0.220000 0.050000 0.000000
0.220000 0.060000 0.000000
0.220000 0.070000 0.000000
0.220000 0.080000 0.000000
0.220000 0.090000 0.000000
0.220000 0.100000 0.000000
0.220000 0.110000 0.000000
0.220000 0.120000 0.000000
0.220000 0.130000 0.000000
0.220000 0.140000 0.000000
0.220000 0.150000 0.000000
0.220000 0.160000 0.000000
0.220000 0.170000 0.000000
0.220000 0.180000 0.000000
0.220000 0.190000 0.000000
0.220000 0.200000 0.000000
0.220000 0.210000 0.000000
0.220000 0.220000 0.000000
0.220000 0.230000 0.000000
0.220000 0.240000 0.000000
0.220000 0.250000 0.000000
0.220000 0.260000 0.000000
0.220000 0.270000 0.000000
0.220000 0.280000 -0.007595
0.220000 0.290000 -0.008077
0.220000 0.300000 0.000000
0.220000 0.310000 0.000000
0.220000 0.320000 -0.010681
0.220000 0.330000 -0.010844
0.220000 0.340000 -0.011262
0.220000 0.350000 -0.011477
0.220000 0.360000 -0.011388
0.220000 0.370000 -0.011673
0.220000 0.380000 -0.011690
0.220000 0.390000 -0.011885
0.220000 0.400000 -0.012070
0.220000 0.410000 -0.012138
0.220000 0.420000 0.000000
0.220000 0.430000 0.000000
0.220000 0.440000 0.000000
0.220000 0.450000 0.000394
0.220000 0.460000 0.000000
0.220000 0.470000 0.000000
0.220000 0.480000 0.000000
0.220000 0.490000 0.000000
0.230000 0.000000 0.000000
0.230000 0.010000 0.000000
0.230000 0.020000 0.000000
0.230000 0.030000 0.000000
0.230000 0.040000 0.000000
0.230000 0.050000 0.000000
0.230000 0.060000 0.000000
0.230000 0.070000 0.000000
0.230000 0.080000 0.000000
0.230000 0.090000 0.000000
0.230000 0.100000 0.000000
0.230000 0.110000 0.000000
0.230000 0.120000 0.000000
0.230000 0.130000 0.000000
0.230000 0.140000 0.000000
0.230000 0.150000 0.000000
0.230000 0.160000 0.000000
0.230000 0.170000 0.000000
0.230000 0.180000 0.000000
0.230000 0.190000 0.000000
0.230000 0.200000 0.000000
0.230000 0.210000 0.000000
0.230000 0.220000 0.000000
0.230000 0.230000 0.000000
0.230000 0.240000 0.000000
0.230000 0.250000 0.000000
0.230000 0.260000 0.000000
0.230000 0.270000 0.000000
0.230000 0.280000 0.000000
0.230000 0.290000 0.000000
0.230000 0.300000 0.000000
0.230000 0.310000 0.000000
0.230000 0.320000 0.000000
0.230000 0.330000 0.000000
0.230000 0.340000 0.000000
0.230000 0.350000 0.000000
0.230000 0.360000 -0.012219
0.230000 0.370000 -0.012473
0.230000 0.380000 -0.012847
0.230000 0.390000 -0.013056
0.230000 0.400000 -0.013360
0.230000 0.410000 -0.013722
0.230000 0.420000 -0.013831
0.230000 0.430000 -0.013874
0.230000 0.440000 0.000000
0.230000 0.450000 0.000000
0.230000 0.460000 0.000000
0.230000 0.470000 0.000000
0.230000 0.480000 0.000000
0.230000 0.490000 -0.000011
0.240000 0.000000 0.000000
0.240000 0.010000 0.000000
0.240000 0.020000 0.000000
0.240000 0.030000 0.000000
0.240000 0.040000 0.000000
0.240000 0.050000 0.000000
0.240000 0.060000 0.000000
0.240000 0.070000 0.000000
0.240000 0.080000 0.000000
0.240000 0.090000 0.000000
0.240000 0.100000 0.000000
0.240000 0.110000 0.000000
0.240000 0.120000 0.000000
0.240000 0.130000 0.000000
0.240000 0.140000 0.000000
0.240000 0.150000 0.000000
0.240000 0.160000 0.000000
0.240000 0.170000 0.000000
0.240000 0.180000 0.000000
0.240000 0.190000 0.000000
0.240000 0.200000 0.000000
0.240000 0.210000 0.000000
0.240000 0.220000 0.000000
0.240000 0.230000 0.000000
0.240000 0.240000 0.000000
0.240000 0.250000 0.000000
0.240000 0.260000 0.000000
0.240000 0.270000 0.000000
0.240000 0.280000 0.000000
0.240000 0.290000 0.000000
0.240000 0.300000 0.000000
0.240000 0.310000 -0.001013
0.240000 0.320000 0.000000
0.240000 0.330000 0.000000
0.240000 0.340000 0.000000
0.240000 0.350000 0.000000
0.240000 0.360000 0.000000
0.240000 0.370000 0.000000
0.240000 0.380000 0.000000
0.240000 0.390000 0.000000
0.240000 0.400000 -0.014067
0.240000 0.410000 -0.014329
0.240000 0.420000 -0.014689
0.240000 0.430000 -0.015213
0.240000 0.440000 -0.015845
0.240000 0.450000 -0.016141
0.240000 0.460000 0.000000
0.240000 0.470000 0.000000
0.240000 0.480000 0.000000
0.240000 0.490000 -0.000002
0.250000 0.000000 0.000000
0.250000 0.010000 0.000000
0.250000 0.020000 0.000000
0.250000 0.030000 0.000000
0.250000 0.040000 0.000000
0.250000 0.050000 0.000000
0.250000 0.060000 0.000000
0.250000 0.070000 0.000000
0.250000 0.080000 0.000000
0.250000 0.090000 0.000000
0.250000 0.100000 0.000000
0.250000 0.110000 0.000000
0.250000 0.120000 0.000000
0.250000 0.130000 0.000000
0.250000 0.140000 0.000000
0.250000 0.150000 0.000000
0.250000 0.160000 0.000000
0.250000 0.170000 0.000000
0.250000 0.180000 0.000000
0.250000 0.190000 0.000000
0.250000 0.200000 0.000000
0.250000 0.210000 0.000000
0.250000 0.220000 0.000000
0.250000 0.230000 0.000000
0.250000 0.240000 0.000000
0.250000 0.250000 0.000000
0.250000 0.260000 0.000000
0.250000 0.270000 0.000000
0.250000 0.280000 0.000000
0.250000 0.290000 0.000000
0.250000 0.300000 0.000000
0.250000 0.310000 0.000000
0.250000 0.320000 0.000000
0.250000 0.330000 0.000000
0.250000 0.340000 0.000000
0.250000 0.350000 0.000000
0.250000 0.360000 0.000000
0.250000 0.370000 0.000000
0.250000 0.380000 0.000000
0.250000 0.390000 0.000000
0.250000 0.400000 0.000000
0.250000 0.410000 0.000000
0.250000 0.420000 0.000000
0.250000 0.430000 0.000000
0.250000 0.440000 -0.016312
0.250000 0.450000 -0.016477
0.250000 0.460000 -0.016758
0.250000 0.470000 -0.017247
0.250000 0.480000 0.000000
0.250000 0.490000 0.000002
0.260000 0.000000 0.000000
0.260000 0.010000 0.000000
0.260000 0.020000 0.000000
0.260000 0.030000 0.000000
0.260000 0.040000 0.000000
0.260000 0.050000 0.000000
0.260000 0.060000 0.000000
0.260000 0.070000 0.000000
0.260000 0.080000 0.000000
0.260000 0.090000 0.000000
0.260000 0.100000 0.000000
0.260000 0.110000 0.000000
0.260000 0.120000 0.000000
0.260000 0.130000 0.000000
0.260000 0.140000 0.000000
0.260000 0.150000 0.000000
0.260000 0.160000 0.000000
0.260000 0.170000 0.000000
0.260000 0.180000 0.000000
0.260000 0.190000 0.000000
0.260000 0.200000 0.000000
0.260000 0.210000 0.000000
0.260000 0.220000 0.000000
0.260000 0.230000 0.000000
0.260000 0.240000 0.000000
0.260000 0.250000 0.000000
0.260000 0.260000 0.000000
0.260000 0.270000 0.000000
0.260000 0.280000 0.000000
0.260000 0.290000 0.000000
0.260000 0.300000 0.000000
0.260000 0.310000 0.000000
0.260000 0.320000 0.000000
0.260000 0.330000 0.000000
0.260000 0.340000 0.003721
0.260000 0.350000 0.000000
0.260000 0.360000 0.000000
0.260000 0.370000 0.000000
0.260000 0.380000 0.000000
0.260000 0.390000 0.000000
0.260000 0.400000 0.000000
0.260000 0.410000 0.000000
0.260000 0.420000 0.000000
0.260000 0.430000 0.000000
0.260000 0.440000 0.000000
0.260000 0.450000 0.000000
0.260000 0.460000 0.000000
0.260000 0.470000 -0.017716
0.260000 0.480000 0.000000
0.260000 0.490000 0.000000
0.270000 0.000000 0.000000
0.270000 0.010000 0.000000
0.270000 0.020000 0.000000
0.270000 0.030000 0.000000
0.270000 0.040000 0.000000
0.270000 0.050000 0.000000
0.270000 0.060000 0.000000
0.270000 0.070000 0.000000
0.270000 0.080000 0.000000
0.270000 0.090000 0.000000
0.270000 0.100000 0.000000
0.270000 0.110000 0.000000
0.270000 0.120000 0.000000
0.270000 0.130000 0.000000
0.270000 0.140000 0.000000
0.270000 0.150000 0.000000
0.270000 0.160000 0.000000
0.270000 0.170000 0.000000
0.270000 0.180000 0.000000
0.270000 0.190000 0.000000
0.270000 0.200000 0.000000
0.270000 0.210000 0.000000
0.270000 0.220000 0.000000
0.270000 0.230000 0.000000
0.270000 0.240000 0.000000
0.270000 0.250000 0.000000
0.270000 0.260000 0.000000
0.270000 0.270000 0.000000
0.270000 0.280000 0.000000
0.270000 0.290000 0.000000
0.270000 0.300000 0.000000
0.270000 0.310000 0.000000
0.270000 0.320000 0.000000
0.270000 0.330000 0.006519
0.270000 0.340000 0.005902
0.270000 0.350000 0.000000
0.270000 0.360000 0.000000
0.270000 0.370000 0.002603
0.270000 0.380000 0.000000
0.270000 0.390000 0.000000
0.270000 0.400000 0.000000
0.270000 0.410000 0.000000
0.270000 0.420000 0.000000
0.270000 0.430000 0.000000
0.270000 0.440000 0.000000
0.270000 0.450000 0.000000
0.270000 0.460000 0.000000
0.270000 0.470000 0.000000
0.270000 0.480000 0.000000
0.270000 0.490000 0.000000
0.280000 0.000000 0.019134
0.280000 0.010000 0.018573
0.280000 0.020000 0.018217
0.280000 0.030000 0.017858
0.280000 0.040000 0.017497
0.280000 0.050000 0.017136
0.280000 0.060000 0.016774
0.280000 0.070000 0.016412
0.280000 0.080000 0.016050
0.280000 0.090000 0.015687
0.280000 0.100000 0.015325
0.280000 0.110000 0.014961
0.280000 0.120000 0.014598
0.280000 0.130000 0.014234
0.280000 0.140000 0.013870
0.280000 0.150000 0.013505
0.280000 0.160000 0.013139
0.280000 0.170000 0.012773
0.280000 0.180000 0.012406
0.280000 0.190000 0.012038
0.280000 0.200000 0.011669
0.280000 0.210000 0.011299
0.280000 0.220000 0.010927
0.280000 0.230000 0.010553
0.280000 0.240000 0.010177
0.280000 0.250000 0.009798
0.280000 0.260000 0.009416
0.280000 0.270000 0.009029
0.280000 0.280000 0.008636
0.280000 0.290000 0.008236
0.280000 0.300000 0.007826
0.280000 0.310000 0.007402
0.280000 0.320000 0.006958
0.280000 0.330000 0.006485
0.280000 0.340000 0.005936
0.280000 0.350000 0.005334
0.280000 0.360000 0.004607
0.280000 0.370000 0.003543
0.280000 0.380000 0.003442
0.280000 0.390000 0.003105
0.280000 0.400000 0.002659
0.280000 0.410000 0.002372
0.280000 0.420000 0.002072
0.280000 0.430000 0.001747
0.280000 0.440000 0.001413
0.280000 0.450000 0.001074
0.280000 0.460000 0.000922
0.280000 0.470000 0.000565
0.280000 0.480000 0.000000
0.280000 0.490000 0.000000
0.290000 0.000000 0.019117
0.290000 0.010000 0.018585
0.290000 0.020000 0.018221
0.290000 0.030000 0.017859
0.290000 0.040000 0.017498
0.290000 0.050000 0.017136
0.290000 0.060000 0.016775
0.290000 0.070000 0.016413
0.290000 0.080000 0.016050
0.290000 0.090000 0.015688
0.290000 0.100000 0.015325
0.290000 0.110000 0.014962
0.290000 0.120000 0.014598
0.290000 0.130000 0.014234
0.290000 0.140000 0.013870
0.290000 0.150000 0.013505
0.290000 0.160000 0.013140
0.290000 0.170000 0.012774
0.290000 0.180000 0.012407
0.290000 0.190000 0.012040
0.290000 0.200000 0.011671
0.290000 0.210000 0.011301
0.290000 0.220000 0.010929
0.290000 0.230000 0.010556
0.290000 0.240000 0.010180
0.290000 0.250000 0.009802
0.290000 0.260000 0.009420
0.290000 0.270000 0.009034
0.290000 0.280000 0.008643
0.290000 0.290000 0.008246
0.290000 0.300000 0.007840
0.290000 0.310000 0.007421
0.290000 0.320000 0.006987
0.290000 0.330000 0.006527
0.290000 0.340000 0.006022
0.290000 0.350000 0.005459
0.290000 0.360000 0.004784
0.290000 0.370000 0.003850
0.290000 0.380000 0.003678
0.290000 0.390000 0.003214
0.290000 0.400000 0.002499
0.290000 0.410000 0.002385
0.290000 0.420000 0.002096
0.290000 0.430000 0.001756
0.290000 0.440000 0.001417
0.290000 0.450000 0.001080
0.290000 0.460000 0.000930
0.290000 0.470000 0.000574
0.290000 0.480000 0.000000
0.290000 0.490000 0.000000
0.300000 0.000000 0.019114
0.300000 0.010000 0.018585
0.300000 0.020000 0.018222
0.300000 0.030000 0.017860
0.300000 0.040000 0.017499
0.300000 0.050000 0.017137
0.300000 0.060000 0.016775
0.300000 0.070000 0.016413
0.300000 0.080000 0.016051
0.300000 0.090000 0.015688
0.300000 0.100000 0.015325
0.300000 0.110000 0.014962
0.300000 0.120000 0.014599
0.300000 0.130000 0.014235
0.300000 0.140000 0.013871
0.300000 0.150000 0.013507
0.300000 0.160000 0.013141
0.300000 0.170000 0.012776
0.300000 0.180000 0.012409
0.300000 0.190000 0.012042
0.300000 0.200000 0.011673
0.300000 0.210000 0.011304
0.300000 0.220000 0.010933
0.300000 0.230000 0.010560
0.300000 0.240000 0.010186
0.300000 0.250000 0.009809
0.300000 0.260000 0.009429
0.300000 0.270000 0.009045
0.300000 0.280000 0.008658
0.300000 0.290000 0.008265
0.300000 0.300000 0.007865
0.300000 0.310000 0.007458
0.300000 0.320000 0.007041
0.300000 0.330000 0.006612
0.300000 0.340000 0.006168
0.300000 0.350000 0.005697
0.300000 0.360000 0.005111
0.300000 0.370000 0.005109
0.300000 0.380000 0.004206
0.300000 0.390000 0.003574
0.300000 0.400000 0.002942
0.300000 0.410000 0.002572
0.300000 0.420000 0.002174
0.300000 0.430000 0.001763
0.300000 0.440000 0.001419
0.300000 0.450000 0.001091
0.300000 0.460000 0.000947
0.300000 0.470000 0.000594
0.300000 0.480000 0.000000
0.300000 0.490000 0.000000
0.310000 0.000000 0.019123
0.310000 0.010000 0.018576
0.310000 0.020000 0.018221
0.310000 0.030000 0.017861
0.310000 0.040000 0.017500
0.310000 0.050000 0.017138
0.310000 0.060000 0.016776
0.310000 0.070000 0.016414
0.310000 0.080000 0.016052
0.310000 0.090000 0.015689
0.310000 0.100000 0.015326
0.310000 0.110000 0.014963
0.310000 0.120000 0.014600
0.310000 0.130000 0.014237
0.310000 0.140000 0.013873
0.310000 0.150000 0.013508
0.310000 0.160000 0.013143
0.310000 0.170000 0.012778
0.310000 0.180000 0.012412
0.310000 0.190000 0.012045
0.310000 0.200000 0.011677
0.310000 0.210000 0.011308
0.310000 0.220000 0.010938
0.310000 0.230000 0.010567
0.310000 0.240000 0.010194
0.310000 0.250000 0.009818
0.310000 0.260000 0.009441
0.310000 0.270000 0.009060
0.310000 0.280000 0.008677
0.310000 0.290000 0.008290
0.310000 0.300000 0.007899
0.310000 0.310000 0.007504
0.310000 0.320000 0.007107
0.310000 0.330000 0.006714
0.310000 0.340000 0.006341
0.310000 0.350000 0.006049
0.310000 0.360000 0.005897
0.310000 0.370000 0.005176
0.310000 0.380000 0.004463
0.310000 0.390000 0.003838
0.310000 0.400000 0.003198
0.310000 0.410000 0.002788
0.310000 0.420000 0.002263
0.310000 0.430000 0.001702
0.310000 0.440000 0.001406
0.310000 0.450000 0.001111
0.310000 0.460000 0.000976
0.310000 0.470000 0.000626
0.310000 0.480000 0.000000
0.310000 0.490000 0.000000
0.320000 0.000000 0.019099
0.320000 0.010000 0.018593
0.320000 0.020000 0.018226
0.320000 0.030000 0.017863
0.320000 0.040000 0.017501
0.320000 0.050000 0.017139
0.320000 0.060000 0.016777
0.320000 0.070000 0.016415
0.320000 0.080000 0.016052
0.320000 0.090000 0.015690
0.320000 0.100000 0.015327
0.320000 0.110000 0.014965
0.320000 0.120000 0.014602
0.320000 0.130000 0.014238
0.320000 0.140000 0.013874
0.320000 0.150000 0.013510
0.320000 0.160000 0.013146
0.320000 0.170000 0.012781
0.320000 0.180000 0.012415
0.320000 0.190000 0.012049
0.320000 0.200000 0.011682
0.320000 0.210000 0.011314
0.320000 0.220000 0.010945
0.320000 0.230000 0.010575
0.320000 0.240000 0.010203
0.320000 0.250000 0.009830
0.320000 0.260000 0.009456
0.320000 0.270000 0.009079
0.320000 0.280000 0.008700
0.320000 0.290000 0.008319
0.320000 0.300000 0.007936
0.320000 0.310000 0.007553
0.320000 0.320000 0.007170
0.320000 0.330000 0.006794
0.320000 0.340000 0.006433
0.320000 0.350000 0.006095
0.320000 0.360000 0.005753
0.320000 0.370000 0.005236
0.320000 0.380000 0.004633
0.320000 0.390000 0.003800
0.320000 0.400000 0.003883
0.320000 0.410000 0.003118
0.320000 0.420000 0.002391
0.320000 0.430000 0.001374
0.320000 0.440000 0.001393
0.320000 0.450000 0.001161
0.320000 0.460000 0.001025
0.320000 0.470000 0.000675
0.320000 0.480000 0.000000
0.320000 0.490000 0.000000
0.330000 0.000000 0.019112
0.330000 0.010000 0.018579
0.330000 0.020000 0.018225
0.330000 0.030000 0.017864
0.330000 0.040000 0.017502
0.330000 0.050000 0.017140
0.330000 0.060000 0.016778
0.330000 0.070000 0.016416
0.330000 0.080000 0.016054
0.330000 0.090000 0.015691
0.330000 0.100000 0.015329
0.330000 0.110000 0.014966
0.330000 0.120000 0.014603
0.330000 0.130000 0.014240
0.330000 0.140000 0.013877
0.330000 0.150000 0.013513
0.330000 0.160000 0.013149
0.330000 0.170000 0.012784
0.330000 0.180000 0.012419
0.330000 0.190000 0.012054
0.330000 0.200000 0.011688
0.330000 0.210000 0.011321
0.330000 0.220000 0.010953
0.330000 0.230000 0.010585
0.330000 0.240000 0.010215
0.330000 0.250000 0.009844
0.330000 0.260000 0.009472
0.330000 0.270000 0.009099
0.330000 0.280000 0.008725
0.330000 0.290000 0.008350
0.330000 0.300000 0.007974
0.330000 0.310000 0.007600
0.330000 0.320000 0.007227
0.330000 0.330000 0.006860
0.330000 0.340000 0.006501
0.330000 0.350000 0.006147
0.330000 0.360000 0.005783
0.330000 0.370000 0.005381
0.330000 0.380000 0.005032
0.330000 0.390000 0.004633
0.330000 0.400000 0.004012
0.330000 0.410000 0.003412
0.330000 0.420000 0.002806
0.330000 0.430000 0.001695
0.330000 0.440000 0.001629
0.330000 0.450000 0.001306
0.330000 0.460000 0.001092
0.330000 0.470000 0.000740
0.330000 0.480000 0.000000
0.330000 0.490000 0.000000
0.340000 0.000000 0.019078
0.340000 0.010000 0.018605
0.340000 0.020000 0.018232
0.340000 0.030000 0.017867
0.340000 0.040000 0.017504
0.340000 0.050000 0.017141
0.340000 0.060000 0.016779
0.340000 0.070000 0.016417
0.340000 0.080000 0.016055
0.340000 0.090000 0.015693
0.340000 0.100000 0.015330
0.340000 0.110000 0.014968
0.340000 0.120000 0.014605
0.340000 0.130000 0.014242
0.340000 0.140000 0.013879
0.340000 0.150000 0.013516
0.340000 0.160000 0.013152
0.340000 0.170000 0.012788
0.340000 0.180000 0.012424
0.340000 0.190000 0.012059
0.340000 0.200000 0.011694
0.340000 0.210000 0.011328
0.340000 0.220000 0.010962
0.340000 0.230000 0.010595
0.340000 0.240000 0.010228
0.340000 0.250000 0.009859
0.340000 0.260000 0.009490
0.340000 0.270000 0.009121
0.340000 0.280000 0.008751
0.340000 0.290000 0.008381
0.340000 0.300000 0.008012
0.340000 0.310000 0.007644
0.340000 0.320000 0.007279
0.340000 0.330000 0.006919
0.340000 0.340000 0.006563
0.340000 0.350000 0.006210
0.340000 0.360000 0.005851
0.340000 0.370000 0.005472
0.340000 0.380000 0.005031
0.340000 0.390000 0.004231
0.340000 0.400000 0.004119
0.340000 0.410000 0.003710
0.340000 0.420000 0.003291
0.340000 0.430000 0.002804
0.340000 0.440000 0.002124
0.340000 0.450000 0.001533
0.340000 0.460000 0.001101
0.340000 0.470000 0.000818
0.340000 0.480000 0.000000
0.340000 0.490000 0.000000
0.350000 0.000000 0.019096
0.350000 0.010000 0.018590
0.350000 0.020000 0.018230
0.350000 0.030000 0.017867
0.350000 0.040000 0.017505
0.350000 0.050000 0.017142
0.350000 0.060000 0.016780
0.350000 0.070000 0.016418
0.350000 0.080000 0.016056
0.350000 0.090000 0.015694
0.350000 0.100000 0.015332
0.350000 0.110000 0.014970
0.350000 0.120000 0.014607
0.350000 0.130000 0.014245
0.350000 0.140000 0.013882
0.350000 0.150000 0.013519
0.350000 0.160000 0.013156
0.350000 0.170000 0.012793
0.350000 0.180000 0.012429
0.350000 0.190000 0.012065
0.350000 0.200000 0.011701
0.350000 0.210000 0.011337
0.350000 0.220000 0.010972
0.350000 0.230000 0.010606
0.350000 0.240000 0.010241
0.350000 0.250000 0.009875
0.350000 0.260000 0.009509
0.350000 0.270000 0.009143
0.350000 0.280000 0.008777
0.350000 0.290000 0.008411
0.350000 0.300000 0.008047
0.350000 0.310000 0.007686
0.350000 0.320000 0.007327
0.350000 0.330000 0.006972
0.350000 0.340000 0.006622
0.350000 0.350000 0.006278
0.350000 0.360000 0.005941
0.350000 0.370000 0.005624
0.350000 0.380000 0.005388
0.350000 0.390000 0.005316
0.350000 0.400000 0.004524
0.350000 0.410000 0.004019
0.350000 0.420000 0.003637
0.350000 0.430000 0.003168
0.350000 0.440000 0.002531
0.350000 0.450000 0.001791
0.350000 0.460000 0.000765
0.350000 0.470000 0.000980
0.350000 0.480000 0.000000
0.350000 0.490000 0.000000
0.360000 0.000000 0.019090
0.360000 0.010000 0.018599
0.360000 0.020000 0.018231
0.360000 0.030000 0.017868
0.360000 0.040000 0.017505
0.360000 0.050000 0.017143
0.360000 0.060000 0.016781
0.360000 0.070000 0.016419
0.360000 0.080000 0.016057
0.360000 0.090000 0.015696
0.360000 0.100000 0.015334
0.360000 0.110000 0.014972
0.360000 0.120000 0.014610
0.360000 0.130000 0.014247
0.360000 0.140000 0.013885
0.360000 0.150000 0.013523
0.360000 0.160000 0.013160
0.360000 0.170000 0.012798
0.360000 0.180000 0.012435
0.360000 0.190000 0.012072
0.360000 0.200000 0.011709
0.360000 0.210000 0.011345
0.360000 0.220000 0.010982
0.360000 0.230000 0.010618
0.360000 0.240000 0.010254
0.360000 0.250000 0.009891
0.360000 0.260000 0.009527
0.360000 0.270000 0.009164
0.360000 0.280000 0.008802
0.360000 0.290000 0.008441
0.360000 0.300000 0.008081
0.360000 0.310000 0.007724
0.360000 0.320000 0.007370
0.360000 0.330000 0.007020
0.360000 0.340000 0.006676
0.360000 0.350000 0.006338
0.360000 0.360000 0.006010
0.360000 0.370000 0.005697
0.360000 0.380000 0.005410
0.360000 0.390000 0.005119
0.360000 0.400000 0.004642
0.360000 0.410000 0.004203
0.360000 0.420000 0.003867
0.360000 0.430000 0.003853
0.360000 0.440000 0.003042
0.360000 0.450000 0.002525
0.360000 0.460000 0.002333
0.360000 0.470000 0.001724
0.360000 0.480000 0.000000
0.360000 0.490000 0.000000
0.370000 0.000000 0.019105
0.370000 0.010000 0.018591
0.370000 0.020000 0.018229
0.370000 0.030000 0.017867
0.370000 0.040000 0.017505
0.370000 0.050000 0.017144
0.370000 0.060000 0.016782
0.370000 0.070000 0.016420
0.370000 0.080000 0.016059
0.370000 0.090000 0.015697
0.370000 0.100000 0.015335
0.370000 0.110000 0.014974
0.370000 0.120000 0.014612
0.370000 0.130000 0.014250
0.370000 0.140000 0.013888
0.370000 0.150000 0.013526
0.370000 0.160000 0.013164
0.370000 0.170000 0.012802
0.370000 0.180000 0.012440
0.370000 0.190000 0.012078
0.370000 0.200000 0.011716
0.370000 0.210000 0.011354
0.370000 0.220000 0.010992
0.370000 0.230000 0.010630
0.370000 0.240000 0.010268
0.370000 0.250000 0.009906
0.370000 0.260000 0.009545
0.370000 0.270000 0.009185
0.370000 0.280000 0.008826
0.370000 0.290000 0.008468
0.370000 0.300000 0.008112
0.370000 0.310000 0.007759
0.370000 0.320000 0.007409
0.370000 0.330000 0.007064
0.370000 0.340000 0.006723
0.370000 0.350000 0.006389
0.370000 0.360000 0.006062
0.370000 0.370000 0.005745
0.370000 0.380000 0.005434
0.370000 0.390000 0.005109
0.370000 0.400000 0.004723
0.370000 0.410000 0.004284
0.370000 0.420000 0.003576
0.370000 0.430000 0.003649
0.370000 0.440000 0.003260
0.370000 0.450000 0.002928
0.370000 0.460000 0.002975
0.370000 0.470000 0.002223
0.370000 0.480000 0.000000
0.370000 0.490000 0.000000
0.380000 0.000000 0.019116
0.380000 0.010000 0.018589
0.380000 0.020000 0.018227
0.380000 0.030000 0.017866
0.380000 0.040000 0.017505
0.380000 0.050000 0.017144
0.380000 0.060000 0.016783
0.380000 0.070000 0.016421
0.380000 0.080000 0.016060
0.380000 0.090000 0.015699
0.380000 0.100000 0.015337
0.380000 0.110000 0.014976
0.380000 0.120000 0.014614
0.380000 0.130000 0.014253
0.380000 0.140000 0.013892
0.380000 0.150000 0.013530
0.380000 0.160000 0.013169
0.380000 0.170000 0.012807
0.380000 0.180000 0.012446
0.380000 0.190000 0.012085
0.380000 0.200000 0.011724
0.380000 0.210000 0.011363
0.380000 0.220000 0.011002
0.380000 0.230000 0.010641
0.380000 0.240000 0.010281
0.380000 0.250000 0.009922
0.380000 0.260000 0.009563
0.380000 0.270000 0.009205
0.380000 0.280000 0.008849
0.380000 0.290000 0.008494
0.380000 0.300000 0.008141
0.380000 0.310000 0.007791
0.380000 0.320000 0.007445
0.380000 0.330000 0.007102
0.380000 0.340000 0.006764
0.380000 0.350000 0.006432
0.380000 0.360000 0.006106
0.380000 0.370000 0.005787
0.380000 0.380000 0.005472
0.380000 0.390000 0.005159
0.380000 0.400000 0.004855
0.380000 0.410000 0.004634
0.380000 0.420000 0.004618
0.380000 0.430000 0.003908
0.380000 0.440000 0.003420
0.380000 0.450000 0.002963
0.380000 0.460000 0.002406
0.380000 0.470000 0.002335
0.380000 0.480000 0.000000
0.380000 0.490000 0.000000
0.390000 0.000000 0.019137
0.390000 0.010000 0.018578
0.390000 0.020000 0.018224
0.390000 0.030000 0.017865
0.390000 0.040000 0.017505
0.390000 0.050000 0.017145
0.390000 0.060000 0.016784
0.390000 0.070000 0.016423
0.390000 0.080000 0.016061
0.390000 0.090000 0.015700
0.390000 0.100000 0.015339
0.390000 0.110000 0.014978
0.390000 0.120000 0.014617
0.390000 0.130000 0.014256
0.390000 0.140000 0.013895
0.390000 0.150000 0.013534
0.390000 0.160000 0.013173
0.390000 0.170000 0.012812
0.390000 0.180000 0.012452
0.390000 0.190000 0.012091
0.390000 0.200000 0.011731
0.390000 0.210000 0.011371
0.390000 0.220000 0.011012
0.390000 0.230000 0.010652
0.390000 0.240000 0.010294
0.390000 0.250000 0.009936
0.390000 0.260000 0.009579
0.390000 0.270000 0.009224
0.390000 0.280000 0.008870
0.390000 0.290000 0.008517
0.390000 0.300000 0.008167
0.390000 0.310000 0.007820
0.390000 0.320000 0.007476
0.390000 0.330000 0.007136
0.390000 0.340000 0.006800
0.390000 0.350000 0.006469
0.390000 0.360000 0.006143
0.390000 0.370000 0.005823
0.390000 0.380000 0.005509
0.390000 0.390000 0.005201
0.390000 0.400000 0.004905
0.390000 0.410000 0.004637
0.390000 0.420000 0.004380
0.390000 0.430000 0.003946
0.390000 0.440000 0.003549
0.390000 0.450000 0.003288
0.390000 0.460000 0.003479
0.390000 0.470000 0.002744
0.390000 0.480000 0.000000
0.390000 0.490000 0.000000
0.400000 0.000000 0.019138
0.400000 0.010000 0.018579
0.400000 0.020000 0.018224
0.400000 0.030000 0.017866
0.400000 0.040000 0.017506
0.400000 0.050000 0.017145
0.400000 0.060000 0.016785
0.400000 0.070000 0.016424
0.400000 0.080000 0.016063
0.400000 0.090000 0.015702
0.400000 0.100000 0.015341
0.400000 0.110000 0.014980
0.400000 0.120000 0.014619
0.400000 0.130000 0.014259
0.400000 0.140000 0.013898
0.400000 0.150000 0.013537
0.400000 0.160000 0.013177
0.400000 0.170000 0.012817
0.400000 0.180000 0.012457
0.400000 0.190000 0.012097
0.400000 0.200000 0.011738
0.400000 0.210000 0.011379
0.400000 0.220000 0.011021
0.400000 0.230000 0.010663
0.400000 0.240000 0.010306
0.400000 0.250000 0.009950
0.400000 0.260000 0.009595
0.400000 0.270000 0.009241
0.400000 0.280000 0.008889
0.400000 0.290000 0.008538
0.400000 0.300000 0.008191
0.400000 0.310000 0.007845
0.400000 0.320000 0.007503
0.400000 0.330000 0.007165
0.400000 0.340000 0.006830
0.400000 0.350000 0.006500
0.400000 0.360000 0.006175
0.400000 0.370000 0.005855
0.400000 0.380000 0.005540
0.400000 0.390000 0.005230
0.400000 0.400000 0.004928
0.400000 0.410000 0.004631
0.400000 0.420000 0.004319
0.400000 0.430000 0.003945
0.400000 0.440000 0.003544
0.400000 0.450000 0.003142
0.400000 0.460000 0.003168
0.400000 0.470000 0.002783
0.400000 0.480000 0.000000
0.400000 0.490000 0.000000
0.410000 0.000000 0.019121
0.410000 0.010000 0.018591
0.410000 0.020000 0.018229
0.410000 0.030000 0.017868
0.410000 0.040000 0.017507
0.410000 0.050000 0.017147
0.410000 0.060000 0.016786
0.410000 0.070000 0.016425
0.410000 0.080000 0.016064
0.410000 0.090000 0.015704
0.410000 0.100000 0.015343
0.410000 0.110000 0.014982
0.410000 0.120000 0.014622
0.410000 0.130000 0.014261
0.410000 0.140000 0.013901
0.410000 0.150000 0.013541
0.410000 0.160000 0.013181
0.410000 0.170000 0.012821
0.410000 0.180000 0.012462
0.410000 0.190000 0.012103
0.410000 0.200000 0.011745
0.410000 0.210000 0.011387
0.410000 0.220000 0.011029
0.410000 0.230000 0.010673
0.410000 0.240000 0.010317
0.410000 0.250000 0.009962
0.410000 0.260000 0.009609
0.410000 0.270000 0.009256
0.410000 0.280000 0.008906
0.410000 0.290000 0.008557
0.410000 0.300000 0.008211
0.410000 0.310000 0.007868
0.410000 0.320000 0.007527
0.410000 0.330000 0.007190
0.410000 0.340000 0.006856
0.410000 0.350000 0.006526
0.410000 0.360000 0.006201
0.410000 0.370000 0.005880
0.410000 0.380000 0.005564
0.410000 0.390000 0.005253
0.410000 0.400000 0.004945
0.410000 0.410000 0.004638
0.410000 0.420000 0.004321
0.410000 0.430000 0.003970
0.410000 0.440000 0.003539
0.410000 0.450000 0.002758
0.410000 0.460000 0.003074
0.410000 0.470000 0.002803
0.410000 0.480000 0.000000
0.410000 0.490000 0.000000
0.420000 0.000000 0.019104
0.420000 0.010000 0.018604
0.420000 0.020000 0.018233
0.420000 0.030000 0.017870
0.420000 0.040000 0.017509
0.420000 0.050000 0.017148
0.420000 0.060000 0.016787
0.420000 0.070000 0.016426
0.420000 0.080000 0.016066
0.420000 0.090000 0.015705
0.420000 0.100000 0.015345
0.420000 0.110000 0.014984
0.420000 0.120000 0.014624
0.420000 0.130000 0.014264
0.420000 0.140000 0.013904
0.420000 0.150000 0.013544
0.420000 0.160000 0.013185
0.420000 0.170000 0.012826
0.420000 0.180000 0.012467
0.420000 0.190000 0.012109
0.420000 0.200000 0.011751
0.420000 0.210000 0.011394
0.420000 0.220000 0.011037
0.420000 0.230000 0.010682
0.420000 0.240000 0.010327
0.420000 0.250000 0.009973
0.420000 0.260000 0.009621
0.420000 0.270000 0.009270
0.420000 0.280000 0.008921
0.420000 0.290000 0.008574
0.420000 0.300000 0.008229
0.420000 0.310000 0.007887
0.420000 0.320000 0.007547
0.420000 0.330000 0.007211
0.420000 0.340000 0.006878
0.420000 0.350000 0.006549
0.420000 0.360000 0.006223
0.420000 0.370000 0.005902
0.420000 0.380000 0.005584
0.420000 0.390000 0.005271
0.420000 0.400000 0.004962
0.420000 0.410000 0.004657
0.420000 0.420000 0.004356
0.420000 0.430000 0.004076
0.420000 0.440000 0.003885
0.420000 0.450000 0.003937
0.420000 0.460000 0.003370
0.420000 0.470000 0.002917
0.420000 0.480000 0.000000
0.420000 0.490000 0.000000
0.430000 0.000000 0.019129
0.430000 0.010000 0.018584
0.430000 0.020000 0.018229
0.430000 0.030000 0.017870
0.430000 0.040000 0.017509
0.430000 0.050000 0.017149
0.430000 0.060000 0.016788
0.430000 0.070000 0.016428
0.430000 0.080000 0.016067
0.430000 0.090000 0.015707
0.430000 0.100000 0.015346
0.430000 0.110000 0.014986
0.430000 0.120000 0.014626
0.430000 0.130000 0.014266
0.430000 0.140000 0.013906
0.430000 0.150000 0.013547
0.430000 0.160000 0.013188
0.430000 0.170000 0.012829
0.430000 0.180000 0.012471
0.430000 0.190000 0.012114
0.430000 0.200000 0.011756
0.430000 0.210000 0.011400
0.430000 0.220000 0.011044
0.430000 0.230000 0.010690
0.430000 0.240000 0.010336
0.430000 0.250000 0.009983
0.430000 0.260000 0.009632
0.430000 0.270000 0.009282
0.430000 0.280000 0.008934
0.430000 0.290000 0.008588
0.430000 0.300000 0.008245
0.430000 0.310000 0.007903
0.430000 0.320000 0.007565
0.430000 0.330000 0.007229
0.430000 0.340000 0.006896
0.430000 0.350000 0.006567
0.430000 0.360000 0.006241
0.430000 0.370000 0.005919
0.430000 0.380000 0.005600
0.430000 0.390000 0.005286
0.430000 0.400000 0.004975
0.430000 0.410000 0.004670
0.430000 0.420000 0.004372
0.430000 0.430000 0.004091
0.430000 0.440000 0.003842
0.430000 0.450000 0.003606
0.430000 0.460000 0.003355
0.430000 0.470000 0.002944
0.430000 0.480000 0.000000
0.430000 0.490000 0.000000
0.440000 0.000000 0.019121
0.440000 0.010000 0.018590
0.440000 0.020000 0.018230
0.440000 0.030000 0.017871
0.440000 0.040000 0.017510
0.440000 0.050000 0.017150
0.440000 0.060000 0.016789
0.440000 0.070000 0.016429
0.440000 0.080000 0.016068
0.440000 0.090000 0.015708
0.440000 0.100000 0.015348
0.440000 0.110000 0.014988
0.440000 0.120000 0.014628
0.440000 0.130000 0.014268
0.440000 0.140000 0.013909
0.440000 0.150000 0.013550
0.440000 0.160000 0.013191
0.440000 0.170000 0.012833
0.440000 0.180000 0.012475
0.440000 0.190000 0.012118
0.440000 0.200000 0.011761
0.440000 0.210000 0.011406
0.440000 0.220000 0.011051
0.440000 0.230000 0.010696
0.440000 0.240000 0.010344
0.440000 0.250000 0.009992
0.440000 0.260000 0.009641
0.440000 0.270000 0.009293
0.440000 0.280000 0.008946
0.440000 0.290000 0.008601
0.440000 0.300000 0.008258
0.440000 0.310000 0.007917
0.440000 0.320000 0.007579
0.440000 0.330000 0.007244
0.440000 0.340000 0.006911
0.440000 0.350000 0.006582
0.440000 0.360000 0.006256
0.440000 0.370000 0.005932
0.440000 0.380000 0.005613
0.440000 0.390000 0.005296
0.440000 0.400000 0.004983
0.440000 0.410000 0.004675
0.440000 0.420000 0.004372
0.440000 0.430000 0.004076
0.440000 0.440000 0.003785
0.440000 0.450000 0.003481
0.440000 0.460000 0.003305
0.440000 0.470000 0.002926
0.440000 0.480000 0.000000
0.440000 0.490000 0.000000
0.450000 0.000000 0.019115
0.450000 0.010000 0.018593
0.450000 0.020000 0.018232
0.450000 0.030000 0.017872
0.450000 0.040000 0.017512
0.450000 0.050000 0.017151
0.450000 0.060000 0.016791
0.450000 0.070000 0.016430
0.450000 0.080000 0.016069
0.450000 0.090000 0.015709
0.450000 0.100000 0.015349
0.450000 0.110000 0.014989
0.450000 0.120000 0.014629
0.450000 0.130000 0.014270
0.450000 0.140000 0.013911
0.450000 0.150000 0.013552
0.450000 0.160000 0.013194
0.450000 0.170000 0.012836
0.450000 0.180000 0.012478
0.450000 0.190000 0.012122
0.450000 0.200000 0.011765
0.450000 0.210000 0.011410
0.450000 0.220000 0.011056
0.450000 0.230000 0.010702
0.450000 0.240000 0.010350
0.450000 0.250000 0.009999
0.450000 0.260000 0.009649
0.450000 0.270000 0.009301
0.450000 0.280000 0.008955
0.450000 0.290000 0.008611
0.450000 0.300000 0.008268
0.450000 0.310000 0.007928
0.450000 0.320000 0.007591
0.450000 0.330000 0.007256
0.450000 0.340000 0.006923
0.450000 0.350000 0.006594
0.450000 0.360000 0.006267
0.450000 0.370000 0.005943
0.450000 0.380000 0.005621
0.450000 0.390000 0.005303
0.450000 0.400000 0.004987
0.450000 0.410000 0.004674
0.450000 0.420000 0.004364
0.450000 0.430000 0.004055
0.450000 0.440000 0.003743
0.450000 0.450000 0.003419
0.450000 0.460000 0.003261
0.450000 0.470000 0.002896
0.450000 0.480000 0.000000
0.450000 0.490000 0.000000
0.460000 0.000000 0.019112
0.460000 0.010000 0.018591
0.460000 0.020000 0.018233
0.460000 0.030000 0.017874
0.460000 0.040000 0.017513
0.460000 0.050000 0.017152
0.460000 0.060000 0.016792
0.460000 0.070000 0.016431
0.460000 0.080000 0.016070
0.460000 0.090000 0.015710
0.460000 0.100000 0.015350
0.460000 0.110000 0.014990
0.460000 0.120000 0.014631
0.460000 0.130000 0.014271
0.460000 0.140000 0.013912
0.460000 0.150000 0.013554
0.460000 0.160000 0.013196
0.460000 0.170000 0.012838
0.460000 0.180000 0.012481
0.460000 0.190000 0.012125
0.460000 0.200000 0.011769
0.460000 0.210000 0.011414
0.460000 0.220000 0.011060
0.460000 0.230000 0.010707
0.460000 0.240000 0.010355
0.460000 0.250000 0.010005
0.460000 0.260000 0.009656
0.460000 0.270000 0.009308
0.460000 0.280000 0.008962
0.460000 0.290000 0.008619
0.460000 0.300000 0.008277
0.460000 0.310000 0.007937
0.460000 0.320000 0.007600
0.460000 0.330000 0.007265
0.460000 0.340000 0.006932
0.460000 0.350000 0.006602
0.460000 0.360000 0.006275
0.460000 0.370000 0.005950
0.460000 0.380000 0.005627
0.460000 0.390000 0.005307
0.460000 0.400000 0.004988
0.460000 0.410000 0.004671
0.460000 0.420000 0.004354
0.460000 0.430000 0.004036
0.460000 0.440000 0.003713
0.460000 0.450000 0.003381
0.460000 0.460000 0.003227
0.460000 0.470000 0.002868
0.460000 0.480000 0.000000
0.460000 0.490000 0.000000
0.470000 0.000000 0.019101
0.470000 0.010000 0.018594
0.470000 0.020000 0.018236
0.470000 0.030000 0.017876
0.470000 0.040000 0.017515
0.470000 0.050000 0.017154
0.470000 0.060000 0.016793
0.470000 0.070000 0.016432
0.470000 0.080000 0.016071
0.470000 0.090000 0.015711
0.470000 0.100000 0.015351
0.470000 0.110000 0.014991
0.470000 0.120000 0.014632
0.470000 0.130000 0.014272
0.470000 0.140000 0.013914
0.470000 0.150000 0.013555
0.470000 0.160000 0.013197
0.470000 0.170000 0.012840
0.470000 0.180000 0.012483
0.470000 0.190000 0.012127
0.470000 0.200000 0.011771
0.470000 0.210000 0.011417
0.470000 0.220000 0.011063
0.470000 0.230000 0.010711
0.470000 0.240000 0.010359
0.470000 0.250000 0.010009
0.470000 0.260000 0.009660
0.470000 0.270000 0.009313
0.470000 0.280000 0.008968
0.470000 0.290000 0.008624
0.470000 0.300000 0.008283
0.470000 0.310000 0.007944
0.470000 0.320000 0.007606
0.470000 0.330000 0.007272
0.470000 0.340000 0.006939
0.470000 0.350000 0.006609
0.470000 0.360000 0.006281
0.470000 0.370000 0.005955
0.470000 0.380000 0.005631
0.470000 0.390000 0.005309
0.470000 0.400000 0.004988
0.470000 0.410000 0.004667
0.470000 0.420000 0.004346
0.470000 0.430000 0.004022
0.470000 0.440000 0.003693
0.470000 0.450000 0.003357
0.470000 0.460000 0.003203
0.470000 0.470000 0.002845
0.470000 0.480000 0.000000
0.470000 0.490000 0.000000
0.480000 0.000000 0.019078
0.480000 0.010000 0.018606
0.480000 0.020000 0.018242
0.480000 0.030000 0.017879
0.480000 0.040000 0.017516
0.480000 0.050000 0.017155
0.480000 0.060000 0.016793
0.480000 0.070000 0.016433
0.480000 0.080000 0.016072
0.480000 0.090000 0.015712
0.480000 0.100000 0.015352
0.480000 0.110000 0.014992
0.480000 0.120000 0.014632
0.480000 0.130000 0.014273
0.480000 0.140000 0.013915
0.480000 0.150000 0.013556
0.480000 0.160000 0.013198
0.480000 0.170000 0.012841
0.480000 0.180000 0.012484
0.480000 0.190000 0.012128
0.480000 0.200000 0.011773
0.480000 0.210000 0.011419
0.480000 0.220000 0.011065
0.480000 0.230000 0.010713
0.480000 0.240000 0.010362
0.480000 0.250000 0.010012
0.480000 0.260000 0.009664
0.480000 0.270000 0.009317
0.480000 0.280000 0.008972
0.480000 0.290000 0.008628
0.480000 0.300000 0.008287
0.480000 0.310000 0.007948
0.480000 0.320000 0.007611
0.480000 0.330000 0.007276
0.480000 0.340000 0.006943
0.480000 0.350000 0.006613
0.480000 0.360000 0.006285
0.480000 0.370000 0.005958
0.480000 0.380000 0.005634
0.480000 0.390000 0.005310
0.480000 0.400000 0.004987
0.480000 0.410000 0.004664
0.480000 0.420000 0.004340
0.480000 0.430000 0.004013
0.480000 0.440000 0.003681
0.480000 0.450000 0.003343
0.480000 0.460000 0.003188
0.480000 0.470000 0.002830
0.480000 0.480000 0.000000
0.480000 0.490000 0.000000
0.490000 0.000000 0.019059
0.490000 0.010000 0.018617
0.490000 0.020000 0.018246
0.490000 0.030000 0.017881
0.490000 0.040000 0.017518
0.490000 0.050000 0.017155
0.490000 0.060000 0.016794
0.490000 0.070000 0.016433
0.490000 0.080000 0.016072
0.490000 0.090000 0.015712
0.490000 0.100000 0.015352
0.490000 0.110000 0.014992
0.490000 0.120000 0.014633
0.490000 0.130000 0.014274
0.490000 0.140000 0.013915
0.490000 0.150000 0.013557
0.490000 0.160000 0.013199
0.490000 0.170000 0.012842
0.490000 0.180000 0.012485
0.490000 0.190000 0.012129
0.490000 0.200000 0.011774
0.490000 0.210000 0.011420
0.490000 0.220000 0.011066
0.490000 0.230000 0.010714
0.490000 0.240000 0.010363
0.490000 0.250000 0.010013
0.490000 0.260000 0.009665
0.490000 0.270000 0.009318
0.490000 0.280000 0.008973
0.490000 0.290000 0.008630
0.490000 0.300000 0.008289
0.490000 0.310000 0.007950
0.490000 0.320000 0.007613
0.490000 0.330000 0.007278
0.490000 0.340000 0.006946
0.490000 0.350000 0.006615
0.490000 0.360000 0.006286
0.490000 0.370000 0.005960
0.490000 0.380000 0.005635
0.490000 0.390000 0.005311
0.490000 0.400000 0.004987
0.490000 0.410000 0.004663
0.490000 0.420000 0.004337
0.490000 0.430000 0.004008
0.490000 0.440000 0.003675
0.490000 0.450000 0.003336
0.490000 0.460000 0.003181
0.490000 0.470000 0.002822
0.490000 0.480000 0.000000
0.490000 0.490000 0.000000
