0.000000 0.000000 0.028290
0.000000 0.010000 0.017727
0.000000 0.020000 0.007623
0.000000 0.030000 0.007426
0.000000 0.040000 0.007671
0.000000 0.050000 0.007951
0.000000 0.060000 0.005083
0.000000 0.070000 0.003581
0.000000 0.080000 0.003198
0.000000 0.090000 0.001123
0.000000 0.100000 0.001498
0.000000 0.110000 0.001081
0.000000 0.120000 0.003284
0.000000 0.130000 0.003739
0.000000 0.140000 0.000000
0.000000 0.150000 0.000000
0.000000 0.160000 0.002324
0.000000 0.170000 0.003016
0.000000 0.180000 0.000000
0.000000 0.190000 0.000000
0.000000 0.200000 0.000000
0.000000 0.210000 0.000000
0.000000 0.220000 0.000000
0.000000 0.230000 0.000000
0.000000 0.240000 0.000000
0.000000 0.250000 0.000000
0.000000 0.260000 0.000000
0.000000 0.270000 0.000000
0.000000 0.280000 0.000000
0.000000 0.290000 0.000000
0.000000 0.300000 0.000000
0.000000 0.310000 0.000000
0.000000 0.320000 0.000000
0.000000 0.330000 0.000000
0.000000 0.340000 0.000000
0.000000 0.350000 0.000000
0.000000 0.360000 0.000000
0.000000 0.370000 0.000000
0.000000 0.380000 0.000000
0.000000 0.390000 0.000000
0.000000 0.400000 0.000000
0.000000 0.410000 0.000000
0.000000 0.420000 0.000000
0.000000 0.430000 0.000000
0.000000 0.440000 0.000000
0.000000 0.450000 0.000000
0.000000 0.460000 0.000000
0.000000 0.470000 0.000000
0.000000 0.480000 0.000000
0.000000 0.490000 0.000000
0.010000 0.000000 0.010475
0.010000 0.010000 -0.011792
0.010000 0.020000 -0.002257
0.010000 0.030000 -0.001873
0.010000 0.040000 -0.001641
0.010000 0.050000 -0.001743
0.010000 0.060000 0.000158
0.010000 0.070000 -0.000173
0.010000 0.080000 -0.003312
0.010000 0.090000 -0.001702
0.010000 0.100000 -0.001381
0.010000 0.110000 -0.000687
0.010000 0.120000 0.000915
0.010000 0.130000 0.002238
0.010000 0.140000 0.001929
0.010000 0.150000 0.001187
0.010000 0.160000 0.000865
0.010000 0.170000 -0.000215
0.010000 0.180000 0.000000
0.010000 0.190000 0.000000
0.010000 0.200000 0.000000
0.010000 0.210000 0.000000
0.010000 0.220000 0.000000
0.010000 0.230000 0.000000
0.010000 0.240000 0.000000
0.010000 0.250000 0.000000
0.010000 0.260000 0.000000
0.010000 0.270000 0.000000
0.010000 0.280000 0.000000
0.010000 0.290000 0.000000
0.010000 0.300000 0.000000
0.010000 0.310000 0.000000
0.010000 0.320000 0.000000
0.010000 0.330000 0.000000
0.010000 0.340000 0.000000
0.010000 0.350000 0.000000
0.010000 0.360000 0.000000
0.010000 0.370000 0.000000
0.010000 0.380000 0.000000
0.010000 0.390000 0.000000
0.010000 0.400000 0.000000
0.010000 0.410000 0.000000
0.010000 0.420000 0.000000
0.010000 0.430000 0.000000
0.010000 0.440000 0.000000
0.010000 0.450000 0.000000
0.010000 0.460000 0.000000
0.010000 0.470000 0.000000
0.010000 0.480000 0.000000
0.010000 0.490000 0.000000
0.020000 0.000000 0.010307
0.020000 0.010000 0.000000
0.020000 0.020000 0.000000
0.020000 0.030000 0.000000
0.020000 0.040000 -0.001557
0.020000 0.050000 -0.001638
0.020000 0.060000 0.000000
0.020000 0.070000 0.000000
0.020000 0.080000 0.000000
0.020000 0.090000 0.000000
0.020000 0.100000 0.000000
0.020000 0.110000 -0.000996
0.020000 0.120000 0.000000
0.020000 0.130000 0.000000
0.020000 0.140000 0.001879
0.020000 0.150000 0.000000
0.020000 0.160000 0.000372
0.020000 0.170000 0.000000
0.020000 0.180000 0.002027
0.020000 0.190000 0.000000
0.020000 0.200000 0.000000
0.020000 0.210000 0.000000
0.020000 0.220000 0.000000
0.020000 0.230000 0.000000
0.020000 0.240000 0.000000
0.020000 0.250000 0.000000
0.020000 0.260000 0.000000
0.020000 0.270000 0.000000
0.020000 0.280000 0.000000
0.020000 0.290000 0.000000
0.020000 0.300000 0.000000
0.020000 0.310000 0.000000
0.020000 0.320000 0.000000
0.020000 0.330000 0.000000
0.020000 0.340000 0.000000
0.020000 0.350000 0.000000
0.020000 0.360000 0.000000
0.020000 0.370000 0.000000
0.020000 0.380000 0.000000
0.020000 0.390000 0.000000
0.020000 0.400000 0.000000
0.020000 0.410000 0.000000
0.020000 0.420000 0.000000
0.020000 0.430000 0.000000
0.020000 0.440000 0.000000
0.020000 0.450000 0.000000
0.020000 0.460000 0.000000
0.020000 0.470000 0.000000
0.020000 0.480000 0.000000
0.020000 0.490000 0.000000
0.030000 0.000000 0.000000
0.030000 0.010000 0.032186
0.030000 0.020000 0.031678
0.030000 0.030000 0.031065
0.030000 0.040000 0.000000
0.030000 0.050000 -0.001476
0.030000 0.060000 0.000000
0.030000 0.070000 0.000000
0.030000 0.080000 0.000000
0.030000 0.090000 0.000000
0.030000 0.100000 0.000000
0.030000 0.110000 0.000000
0.030000 0.120000 0.000000
0.030000 0.130000 0.000000
0.030000 0.140000 0.000000
0.030000 0.150000 0.000225
0.030000 0.160000 0.000109
0.030000 0.170000 0.000602
0.030000 0.180000 0.000534
0.030000 0.190000 0.000000
0.030000 0.200000 0.000000
0.030000 0.210000 0.000000
0.030000 0.220000 0.000000
0.030000 0.230000 0.000000
0.030000 0.240000 0.000000
0.030000 0.250000 0.000000
0.030000 0.260000 0.000000
0.030000 0.270000 0.000000
0.030000 0.280000 0.000000
0.030000 0.290000 0.000000
0.030000 0.300000 0.000000
0.030000 0.310000 0.000000
0.030000 0.320000 0.000000
0.030000 0.330000 0.000000
0.030000 0.340000 0.000000
0.030000 0.350000 0.000000
0.030000 0.360000 0.000000
0.030000 0.370000 0.000000
0.030000 0.380000 0.000000
0.030000 0.390000 0.000000
0.030000 0.400000 0.000000
0.030000 0.410000 0.000000
0.030000 0.420000 0.000000
0.030000 0.430000 0.000000
0.030000 0.440000 0.000000
0.030000 0.450000 0.000000
0.030000 0.460000 0.000000
0.030000 0.470000 0.000000
0.030000 0.480000 0.000000
0.030000 0.490000 0.000000
0.040000 0.000000 0.032944
0.040000 0.010000 0.032259
0.040000 0.020000 0.031749
0.040000 0.030000 0.000000
0.040000 0.040000 0.000000
0.040000 0.050000 0.000000
0.040000 0.060000 0.000000
0.040000 0.070000 0.000000
0.040000 0.080000 -0.001577
0.040000 0.090000 -0.002332
0.040000 0.100000 0.000000
0.040000 0.110000 0.000000
0.040000 0.120000 0.000250
0.040000 0.130000 -0.000281
0.040000 0.140000 0.000000
0.040000 0.150000 -0.000027
0.040000 0.160000 0.000000
0.040000 0.170000 0.000000
0.040000 0.180000 0.000000
0.040000 0.190000 0.000000
0.040000 0.200000 0.000000
0.040000 0.210000 0.000000
0.040000 0.220000 0.000000
0.040000 0.230000 0.000000
0.040000 0.240000 0.000000
0.040000 0.250000 0.000000
0.040000 0.260000 0.000000
0.040000 0.270000 0.000000
0.040000 0.280000 0.000000
0.040000 0.290000 0.000000
0.040000 0.300000 0.000000
0.040000 0.310000 0.000000
0.040000 0.320000 0.000000
0.040000 0.330000 0.000000
0.040000 0.340000 0.000000
0.040000 0.350000 0.000000
0.040000 0.360000 0.000000
0.040000 0.370000 0.000000
0.040000 0.380000 0.000000
0.040000 0.390000 0.000000
0.040000 0.400000 0.000000
0.040000 0.410000 0.000000
0.040000 0.420000 0.000000
0.040000 0.430000 0.000000
0.040000 0.440000 0.000000
0.040000 0.450000 0.000000
0.040000 0.460000 0.000000
0.040000 0.470000 0.000000
0.040000 0.480000 0.000000
0.040000 0.490000 0.000000
0.050000 0.000000 0.033227
0.050000 0.010000 0.032556
0.050000 0.020000 0.000000
0.050000 0.030000 0.000000
0.050000 0.040000 0.000000
0.050000 0.050000 0.000000
0.050000 0.060000 0.000000
0.050000 0.070000 0.000000
0.050000 0.080000 -0.001681
0.050000 0.090000 0.000000
0.050000 0.100000 0.000384
0.050000 0.110000 0.000000
0.050000 0.120000 0.000000
0.050000 0.130000 0.000281
0.050000 0.140000 0.000000
0.050000 0.150000 -0.001657
0.050000 0.160000 0.000000
0.050000 0.170000 0.000000
0.050000 0.180000 0.003194
0.050000 0.190000 0.000000
0.050000 0.200000 0.000000
0.050000 0.210000 0.000000
0.050000 0.220000 0.000000
0.050000 0.230000 0.000000
0.050000 0.240000 0.000000
0.050000 0.250000 0.000000
0.050000 0.260000 0.000000
0.050000 0.270000 0.000000
0.050000 0.280000 0.000000
0.050000 0.290000 0.000000
0.050000 0.300000 0.000000
0.050000 0.310000 0.000000
0.050000 0.320000 0.000000
0.050000 0.330000 0.000000
0.050000 0.340000 0.000000
0.050000 0.350000 0.000000
0.050000 0.360000 0.000000
0.050000 0.370000 0.000000
0.050000 0.380000 0.000000
0.050000 0.390000 0.000000
0.050000 0.400000 0.000000
0.050000 0.410000 0.000000
0.050000 0.420000 0.000000
0.050000 0.430000 0.000000
0.050000 0.440000 0.000000
0.050000 0.450000 0.000000
0.050000 0.460000 0.000000
0.050000 0.470000 0.000000
0.050000 0.480000 0.000000
0.050000 0.490000 0.000000
0.060000 0.000000 0.000000
0.060000 0.010000 0.033262
0.060000 0.020000 0.000000
0.060000 0.030000 0.000000
0.060000 0.040000 0.000000
0.060000 0.050000 0.000000
0.060000 0.060000 0.000000
0.060000 0.070000 0.023346
0.060000 0.080000 0.000000
0.060000 0.090000 0.000000
0.060000 0.100000 0.000000
0.060000 0.110000 0.000000
0.060000 0.120000 0.000000
0.060000 0.130000 0.000000
0.060000 0.140000 0.000000
0.060000 0.150000 -0.001657
0.060000 0.160000 0.000000
0.060000 0.170000 0.001785
0.060000 0.180000 0.000822
0.060000 0.190000 0.000000
0.060000 0.200000 -0.000869
0.060000 0.210000 0.000000
0.060000 0.220000 0.000000
0.060000 0.230000 0.000000
0.060000 0.240000 0.000000
0.060000 0.250000 0.000000
0.060000 0.260000 0.000000
0.060000 0.270000 0.000000
0.060000 0.280000 0.000000
0.060000 0.290000 0.000000
0.060000 0.300000 0.000000
0.060000 0.310000 0.000000
0.060000 0.320000 0.000000
0.060000 0.330000 0.000000
0.060000 0.340000 0.000000
0.060000 0.350000 0.000000
0.060000 0.360000 0.000000
0.060000 0.370000 0.000000
0.060000 0.380000 0.000000
0.060000 0.390000 0.000000
0.060000 0.400000 0.000000
0.060000 0.410000 0.000000
0.060000 0.420000 0.000000
0.060000 0.430000 0.000000
0.060000 0.440000 0.000000
0.060000 0.450000 0.000000
0.060000 0.460000 0.000000
0.060000 0.470000 0.000000
0.060000 0.480000 0.000000
0.060000 0.490000 0.000000
0.070000 0.000000 0.000000
0.070000 0.010000 0.034432
0.070000 0.020000 0.033618
0.070000 0.030000 0.033314
0.070000 0.040000 0.000000
0.070000 0.050000 0.000000
0.070000 0.060000 0.023468
0.070000 0.070000 0.022961
0.070000 0.080000 0.021372
0.070000 0.090000 0.021548
0.070000 0.100000 0.000000
0.070000 0.110000 0.020364
0.070000 0.120000 0.000000
0.070000 0.130000 -0.001320
0.070000 0.140000 -0.001653
0.070000 0.150000 -0.001892
0.070000 0.160000 0.000000
0.070000 0.170000 0.000280
0.070000 0.180000 0.000149
0.070000 0.190000 -0.000768
0.070000 0.200000 -0.000845
0.070000 0.210000 0.000000
0.070000 0.220000 0.000000
0.070000 0.230000 0.000000
0.070000 0.240000 0.000000
0.070000 0.250000 0.000000
0.070000 0.260000 0.000000
0.070000 0.270000 0.000000
0.070000 0.280000 0.000000
0.070000 0.290000 0.000000
0.070000 0.300000 0.000000
0.070000 0.310000 0.000000
0.070000 0.320000 0.000000
0.070000 0.330000 0.000000
0.070000 0.340000 0.000000
0.070000 0.350000 0.000000
0.070000 0.360000 0.000000
0.070000 0.370000 0.000000
0.070000 0.380000 0.000000
0.070000 0.390000 0.000000
0.070000 0.400000 0.000000
0.070000 0.410000 0.000000
0.070000 0.420000 0.000000
0.070000 0.430000 0.000000
0.070000 0.440000 0.000000
0.070000 0.450000 0.000000
0.070000 0.460000 0.000000
0.070000 0.470000 0.000000
0.070000 0.480000 0.000000
0.070000 0.490000 0.000000
0.080000 0.000000 0.000000
0.080000 0.010000 0.035633
0.080000 0.020000 0.000000
0.080000 0.030000 0.000000
0.080000 0.040000 0.000000
0.080000 0.050000 0.000000
0.080000 0.060000 0.023555
0.080000 0.070000 0.022759
0.080000 0.080000 0.022086
0.080000 0.090000 0.021625
0.080000 0.100000 0.021228
0.080000 0.110000 0.020364
0.080000 0.120000 0.019926
0.080000 0.130000 0.000000
0.080000 0.140000 0.000000
0.080000 0.150000 0.000000
0.080000 0.160000 0.000798
0.080000 0.170000 0.000355
0.080000 0.180000 0.000000
0.080000 0.190000 -0.001050
0.080000 0.200000 0.000000
0.080000 0.210000 0.001493
0.080000 0.220000 0.000000
0.080000 0.230000 0.000000
0.080000 0.240000 0.000000
0.080000 0.250000 0.000000
0.080000 0.260000 0.000000
0.080000 0.270000 0.000000
0.080000 0.280000 0.000000
0.080000 0.290000 0.000000
0.080000 0.300000 0.006944
0.080000 0.310000 0.000000
0.080000 0.320000 0.000000
0.080000 0.330000 0.000000
0.080000 0.340000 0.000000
0.080000 0.350000 0.000000
0.080000 0.360000 0.000000
0.080000 0.370000 0.000000
0.080000 0.380000 0.000000
0.080000 0.390000 0.000000
0.080000 0.400000 0.000000
0.080000 0.410000 0.000000
0.080000 0.420000 0.000000
0.080000 0.430000 0.000000
0.080000 0.440000 0.000000
0.080000 0.450000 0.000000
0.080000 0.460000 0.000000
0.080000 0.470000 0.000000
0.080000 0.480000 0.000000
0.080000 0.490000 0.000000
0.090000 0.000000 0.033029
0.090000 0.010000 0.032258
0.090000 0.020000 0.000000
0.090000 0.030000 0.000557
0.090000 0.040000 0.000063
0.090000 0.050000 0.000000
0.090000 0.060000 0.000000
0.090000 0.070000 0.023360
0.090000 0.080000 0.000000
0.090000 0.090000 0.021348
0.090000 0.100000 0.000000
0.090000 0.110000 0.000000
0.090000 0.120000 0.000000
0.090000 0.130000 0.000000
0.090000 0.140000 0.000000
0.090000 0.150000 0.000000
0.090000 0.160000 0.000000
0.090000 0.170000 0.000355
0.090000 0.180000 0.000166
0.090000 0.190000 0.000000
0.090000 0.200000 0.000000
0.090000 0.210000 0.001493
0.090000 0.220000 0.001202
0.090000 0.230000 0.001105
0.090000 0.240000 0.000000
0.090000 0.250000 0.000000
0.090000 0.260000 0.000000
0.090000 0.270000 0.000000
0.090000 0.280000 0.000000
0.090000 0.290000 0.000000
0.090000 0.300000 0.003084
0.090000 0.310000 0.000000
0.090000 0.320000 0.000000
0.090000 0.330000 0.000000
0.090000 0.340000 0.000000
0.090000 0.350000 0.000000
0.090000 0.360000 0.000000
0.090000 0.370000 0.000000
0.090000 0.380000 0.000000
0.090000 0.390000 0.000000
0.090000 0.400000 0.000000
0.090000 0.410000 0.000000
0.090000 0.420000 0.000000
0.090000 0.430000 0.000000
0.090000 0.440000 0.000000
0.090000 0.450000 0.000000
0.090000 0.460000 0.000000
0.090000 0.470000 0.000000
0.090000 0.480000 0.000000
0.090000 0.490000 0.000000
0.100000 0.000000 0.031997
0.100000 0.010000 0.029808
0.100000 0.020000 0.029389
0.100000 0.030000 0.000000
0.100000 0.040000 0.000000
0.100000 0.050000 0.000000
0.100000 0.060000 0.000000
0.100000 0.070000 0.000000
0.100000 0.080000 0.000000
0.100000 0.090000 0.021252
0.100000 0.100000 0.000000
0.100000 0.110000 0.000000
0.100000 0.120000 0.000000
0.100000 0.130000 0.002161
0.100000 0.140000 0.000658
0.100000 0.150000 -0.000658
0.100000 0.160000 0.000000
0.100000 0.170000 0.000000
0.100000 0.180000 -0.000042
0.100000 0.190000 -0.000391
0.100000 0.200000 -0.000724
0.100000 0.210000 0.000000
0.100000 0.220000 0.000000
0.100000 0.230000 0.000041
0.100000 0.240000 0.000620
0.100000 0.250000 0.000000
0.100000 0.260000 0.001918
0.100000 0.270000 0.001877
0.100000 0.280000 0.000000
0.100000 0.290000 0.000000
0.100000 0.300000 0.001938
0.100000 0.310000 0.000000
0.100000 0.320000 0.000000
0.100000 0.330000 0.000000
0.100000 0.340000 0.000000
0.100000 0.350000 0.000000
0.100000 0.360000 0.000000
0.100000 0.370000 0.000000
0.100000 0.380000 0.000000
0.100000 0.390000 0.000000
0.100000 0.400000 0.000000
0.100000 0.410000 0.000000
0.100000 0.420000 0.000000
0.100000 0.430000 0.000000
0.100000 0.440000 0.000000
0.100000 0.450000 0.000000
0.100000 0.460000 0.000000
0.100000 0.470000 0.000000
0.100000 0.480000 0.000000
0.100000 0.490000 0.000000
0.110000 0.000000 0.030836
0.110000 0.010000 0.029229
0.110000 0.020000 0.000000
0.110000 0.030000 0.000000
0.110000 0.040000 0.000000
0.110000 0.050000 0.022807
0.110000 0.060000 0.023476
0.110000 0.070000 0.024246
0.110000 0.080000 0.022603
0.110000 0.090000 0.022283
0.110000 0.100000 0.021979
0.110000 0.110000 0.000000
0.110000 0.120000 0.000000
0.110000 0.130000 0.000000
0.110000 0.140000 0.000000
0.110000 0.150000 0.000000
0.110000 0.160000 0.000000
0.110000 0.170000 0.000000
0.110000 0.180000 0.000000
0.110000 0.190000 -0.000618
0.110000 0.200000 -0.000857
0.110000 0.210000 -0.000594
0.110000 0.220000 0.000000
0.110000 0.230000 -0.000022
0.110000 0.240000 -0.000147
0.110000 0.250000 0.000000
0.110000 0.260000 0.000000
0.110000 0.270000 0.000548
0.110000 0.280000 0.000512
0.110000 0.290000 0.000000
0.110000 0.300000 0.001252
0.110000 0.310000 0.000000
0.110000 0.320000 0.000000
0.110000 0.330000 0.000000
0.110000 0.340000 0.000000
0.110000 0.350000 0.000000
0.110000 0.360000 0.000000
0.110000 0.370000 0.000000
0.110000 0.380000 0.000000
0.110000 0.390000 0.000000
0.110000 0.400000 0.000000
0.110000 0.410000 0.000000
0.110000 0.420000 0.000000
0.110000 0.430000 0.000000
0.110000 0.440000 0.000000
0.110000 0.450000 0.000000
0.110000 0.460000 0.000000
0.110000 0.470000 0.000000
0.110000 0.480000 0.000000
0.110000 0.490000 0.000000
0.120000 0.000000 0.030412
0.120000 0.010000 0.029159
0.120000 0.020000 0.000000
0.120000 0.030000 0.000000
0.120000 0.040000 0.021184
0.120000 0.050000 0.022102
0.120000 0.060000 0.000000
0.120000 0.070000 0.000000
0.120000 0.080000 0.022603
0.120000 0.090000 0.000000
0.120000 0.100000 0.000000
0.120000 0.110000 0.000000
0.120000 0.120000 0.000000
0.120000 0.130000 0.000000
0.120000 0.140000 0.000000
0.120000 0.150000 0.000000
0.120000 0.160000 0.000000
0.120000 0.170000 0.000000
0.120000 0.180000 -0.000592
0.120000 0.190000 0.000000
0.120000 0.200000 -0.001281
0.120000 0.210000 -0.000682
0.120000 0.220000 0.000000
0.120000 0.230000 0.000000
0.120000 0.240000 0.000000
0.120000 0.250000 0.006463
0.120000 0.260000 0.000000
0.120000 0.270000 -0.000506
0.120000 0.280000 0.000000
0.120000 0.290000 -0.001061
0.120000 0.300000 -0.001791
0.120000 0.310000 0.000000
0.120000 0.320000 0.000000
0.120000 0.330000 0.000000
0.120000 0.340000 0.000000
0.120000 0.350000 0.000000
0.120000 0.360000 0.000000
0.120000 0.370000 0.000000
0.120000 0.380000 0.000000
0.120000 0.390000 0.000000
0.120000 0.400000 0.000000
0.120000 0.410000 0.000000
0.120000 0.420000 0.000000
0.120000 0.430000 0.000000
0.120000 0.440000 0.000000
0.120000 0.450000 0.000000
0.120000 0.460000 0.000000
0.120000 0.470000 0.000000
0.120000 0.480000 0.000000
0.120000 0.490000 0.000000
0.130000 0.000000 0.030614
0.130000 0.010000 0.030147
0.130000 0.020000 0.000000
0.130000 0.030000 0.000000
0.130000 0.040000 0.021382
0.130000 0.050000 0.021548
0.130000 0.060000 0.021659
0.130000 0.070000 0.000000
0.130000 0.080000 0.000000
0.130000 0.090000 0.000000
0.130000 0.100000 0.000000
0.130000 0.110000 0.000000
0.130000 0.120000 0.000000
0.130000 0.130000 0.000000
0.130000 0.140000 0.000000
0.130000 0.150000 0.000000
0.130000 0.160000 0.000000
0.130000 0.170000 0.000000
0.130000 0.180000 -0.000540
0.130000 0.190000 -0.001093
0.130000 0.200000 -0.001312
0.130000 0.210000 0.000000
0.130000 0.220000 0.000000
0.130000 0.230000 0.000173
0.130000 0.240000 0.000000
0.130000 0.250000 0.004834
0.130000 0.260000 0.004743
0.130000 0.270000 0.000000
0.130000 0.280000 0.000000
0.130000 0.290000 0.000000
0.130000 0.300000 -0.002692
0.130000 0.310000 0.000000
0.130000 0.320000 0.000000
0.130000 0.330000 0.000000
0.130000 0.340000 0.000000
0.130000 0.350000 0.000000
0.130000 0.360000 0.000000
0.130000 0.370000 0.000000
0.130000 0.380000 0.000000
0.130000 0.390000 0.000000
0.130000 0.400000 0.000000
0.130000 0.410000 0.000000
0.130000 0.420000 0.000000
0.130000 0.430000 0.000000
0.130000 0.440000 0.000000
0.130000 0.450000 0.000000
0.130000 0.460000 0.000000
0.130000 0.470000 0.000000
0.130000 0.480000 0.000000
0.130000 0.490000 0.000000
0.140000 0.000000 0.031418
0.140000 0.010000 0.029774
0.140000 0.020000 0.000000
0.140000 0.030000 0.000000
0.140000 0.040000 0.000000
0.140000 0.050000 0.021556
0.140000 0.060000 0.021491
0.140000 0.070000 0.000000
0.140000 0.080000 0.000000
0.140000 0.090000 0.000000
0.140000 0.100000 0.000000
0.140000 0.110000 0.000000
0.140000 0.120000 0.000000
0.140000 0.130000 0.000000
0.140000 0.140000 0.000000
0.140000 0.150000 0.000000
0.140000 0.160000 0.000000
0.140000 0.170000 0.000000
0.140000 0.180000 -0.000540
0.140000 0.190000 0.000000
0.140000 0.200000 0.000000
0.140000 0.210000 0.000000
0.140000 0.220000 0.000000
0.140000 0.230000 0.000000
0.140000 0.240000 0.000000
0.140000 0.250000 0.000000
0.140000 0.260000 0.002967
0.140000 0.270000 0.002890
0.140000 0.280000 0.000000
0.140000 0.290000 -0.000256
0.140000 0.300000 0.000000
0.140000 0.310000 0.000000
0.140000 0.320000 0.000000
0.140000 0.330000 0.000000
0.140000 0.340000 0.000000
0.140000 0.350000 0.000000
0.140000 0.360000 0.000000
0.140000 0.370000 0.000000
0.140000 0.380000 0.000000
0.140000 0.390000 0.000000
0.140000 0.400000 0.000000
0.140000 0.410000 0.000000
0.140000 0.420000 0.000000
0.140000 0.430000 0.000000
0.140000 0.440000 0.000000
0.140000 0.450000 0.000000
0.140000 0.460000 0.000000
0.140000 0.470000 0.000000
0.140000 0.480000 0.000000
0.140000 0.490000 0.000000
0.150000 0.000000 0.032161
0.150000 0.010000 0.028803
0.150000 0.020000 0.025819
0.150000 0.030000 0.024245
0.150000 0.040000 0.022360
0.150000 0.050000 0.021707
0.150000 0.060000 0.021217
0.150000 0.070000 0.020705
0.150000 0.080000 0.000000
0.150000 0.090000 0.000000
0.150000 0.100000 0.000000
0.150000 0.110000 0.000000
0.150000 0.120000 0.000000
0.150000 0.130000 0.000000
0.150000 0.140000 0.000000
0.150000 0.150000 0.000000
0.150000 0.160000 0.000000
0.150000 0.170000 0.000000
0.150000 0.180000 0.000000
0.150000 0.190000 0.000000
0.150000 0.200000 -0.000675
0.150000 0.210000 0.000000
0.150000 0.220000 0.000000
0.150000 0.230000 0.000000
0.150000 0.240000 0.000000
0.150000 0.250000 0.001256
0.150000 0.260000 0.001906
0.150000 0.270000 0.000000
0.150000 0.280000 -0.000979
0.150000 0.290000 -0.001898
0.150000 0.300000 -0.002054
0.150000 0.310000 -0.001916
0.150000 0.320000 0.000000
0.150000 0.330000 0.000000
0.150000 0.340000 0.000000
0.150000 0.350000 0.000000
0.150000 0.360000 0.000000
0.150000 0.370000 0.000000
0.150000 0.380000 0.000000
0.150000 0.390000 0.000000
0.150000 0.400000 0.000000
0.150000 0.410000 0.000000
0.150000 0.420000 0.000000
0.150000 0.430000 0.000000
0.150000 0.440000 0.000000
0.150000 0.450000 0.000000
0.150000 0.460000 0.000000
0.150000 0.470000 0.000000
0.150000 0.480000 0.000000
0.150000 0.490000 0.000000
0.160000 0.000000 0.035515
0.160000 0.010000 0.027615
0.160000 0.020000 0.024783
0.160000 0.030000 0.023609
0.160000 0.040000 0.022283
0.160000 0.050000 0.021606
0.160000 0.060000 0.020831
0.160000 0.070000 0.020368
0.160000 0.080000 0.000000
0.160000 0.090000 0.017200
0.160000 0.100000 0.000000
0.160000 0.110000 0.000000
0.160000 0.120000 0.000000
0.160000 0.130000 0.015488
0.160000 0.140000 0.000000
0.160000 0.150000 0.000000
0.160000 0.160000 0.000000
0.160000 0.170000 0.000180
0.160000 0.180000 0.000000
0.160000 0.190000 0.000000
0.160000 0.200000 0.000000
0.160000 0.210000 0.000000
0.160000 0.220000 0.000000
0.160000 0.230000 0.000000
0.160000 0.240000 0.000000
0.160000 0.250000 0.000786
0.160000 0.260000 0.000173
0.160000 0.270000 -0.000705
0.160000 0.280000 -0.001565
0.160000 0.290000 -0.001900
0.160000 0.300000 -0.002946
0.160000 0.310000 -0.003483
0.160000 0.320000 0.000000
0.160000 0.330000 0.000000
0.160000 0.340000 0.000000
0.160000 0.350000 0.000000
0.160000 0.360000 0.000000
0.160000 0.370000 0.000000
0.160000 0.380000 0.000000
0.160000 0.390000 0.000000
0.160000 0.400000 0.000000
0.160000 0.410000 0.000000
0.160000 0.420000 0.000000
0.160000 0.430000 0.000000
0.160000 0.440000 0.000000
0.160000 0.450000 0.000000
0.160000 0.460000 0.000000
0.160000 0.470000 0.000000
0.160000 0.480000 0.000000
0.160000 0.490000 0.000000
0.170000 0.000000 0.026867
0.170000 0.010000 0.017893
0.170000 0.020000 0.021770
0.170000 0.030000 0.022442
0.170000 0.040000 0.000000
0.170000 0.050000 0.020947
0.170000 0.060000 0.020570
0.170000 0.070000 0.019866
0.170000 0.080000 0.018832
0.170000 0.090000 0.017638
0.170000 0.100000 0.017156
0.170000 0.110000 0.016759
0.170000 0.120000 0.000000
0.170000 0.130000 0.015432
0.170000 0.140000 0.014161
0.170000 0.150000 0.012965
0.170000 0.160000 0.012969
0.170000 0.170000 0.000000
0.170000 0.180000 -0.000000
0.170000 0.190000 0.000000
0.170000 0.200000 0.000000
0.170000 0.210000 0.000000
0.170000 0.220000 0.000000
0.170000 0.230000 0.000000
0.170000 0.240000 0.001153
0.170000 0.250000 0.000826
0.170000 0.260000 0.000000
0.170000 0.270000 -0.000538
0.170000 0.280000 0.000000
0.170000 0.290000 0.000000
0.170000 0.300000 0.000000
0.170000 0.310000 0.000000
0.170000 0.320000 0.000000
0.170000 0.330000 0.000000
0.170000 0.340000 0.000000
0.170000 0.350000 0.000000
0.170000 0.360000 0.000000
0.170000 0.370000 0.000000
0.170000 0.380000 0.000000
0.170000 0.390000 0.000000
0.170000 0.400000 0.000000
0.170000 0.410000 0.000000
0.170000 0.420000 0.000000
0.170000 0.430000 0.000000
0.170000 0.440000 0.000000
0.170000 0.450000 0.000000
0.170000 0.460000 0.000000
0.170000 0.470000 0.000000
0.170000 0.480000 0.000000
0.170000 0.490000 0.000000
0.180000 0.000000 0.024350
0.180000 0.010000 0.018590
0.180000 0.020000 0.018545
0.180000 0.030000 0.019124
0.180000 0.040000 0.019873
0.180000 0.050000 0.020500
0.180000 0.060000 0.000000
0.180000 0.070000 0.019614
0.180000 0.080000 0.018674
0.180000 0.090000 0.017777
0.180000 0.100000 0.017166
0.180000 0.110000 0.016423
0.180000 0.120000 0.015499
0.180000 0.130000 0.015120
0.180000 0.140000 0.014141
0.180000 0.150000 0.013379
0.180000 0.160000 0.013164
0.180000 0.170000 0.000000
0.180000 0.180000 0.000000
0.180000 0.190000 0.000000
0.180000 0.200000 0.000000
0.180000 0.210000 0.000000
0.180000 0.220000 0.000000
0.180000 0.230000 0.008801
0.180000 0.240000 0.000000
0.180000 0.250000 0.000000
0.180000 0.260000 0.000000
0.180000 0.270000 -0.001166
0.180000 0.280000 0.000000
0.180000 0.290000 0.000000
0.180000 0.300000 0.000000
0.180000 0.310000 0.000000
0.180000 0.320000 0.000000
0.180000 0.330000 0.000000
0.180000 0.340000 0.000000
0.180000 0.350000 0.000000
0.180000 0.360000 0.000000
0.180000 0.370000 0.000000
0.180000 0.380000 0.000000
0.180000 0.390000 0.000000
0.180000 0.400000 0.000000
0.180000 0.410000 0.000000
0.180000 0.420000 0.000000
0.180000 0.430000 0.000000
0.180000 0.440000 0.000000
0.180000 0.450000 0.000000
0.180000 0.460000 0.000000
0.180000 0.470000 0.000000
0.180000 0.480000 0.000000
0.180000 0.490000 0.000000
0.190000 0.000000 0.025688
0.190000 0.010000 0.016250
0.190000 0.020000 0.000000
0.190000 0.030000 0.018952
0.190000 0.040000 0.018413
0.190000 0.050000 0.017943
0.190000 0.060000 0.018036
0.190000 0.070000 0.018219
0.190000 0.080000 0.018483
0.190000 0.090000 0.000000
0.190000 0.100000 0.017035
0.190000 0.110000 0.016334
0.190000 0.120000 0.015495
0.190000 0.130000 0.014823
0.190000 0.140000 0.014258
0.190000 0.150000 0.013354
0.190000 0.160000 0.000000
0.190000 0.170000 0.000000
0.190000 0.180000 0.000000
0.190000 0.190000 0.000000
0.190000 0.200000 0.000000
0.190000 0.210000 0.010135
0.190000 0.220000 0.009039
0.190000 0.230000 0.008801
0.190000 0.240000 0.008667
0.190000 0.250000 0.000000
0.190000 0.260000 0.000000
0.190000 0.270000 0.000000
0.190000 0.280000 0.000000
0.190000 0.290000 0.000000
0.190000 0.300000 0.000000
0.190000 0.310000 0.000000
0.190000 0.320000 0.002508
0.190000 0.330000 0.002310
0.190000 0.340000 0.000000
0.190000 0.350000 0.000000
0.190000 0.360000 0.000000
0.190000 0.370000 0.000000
0.190000 0.380000 0.000000
0.190000 0.390000 0.000000
0.190000 0.400000 0.000000
0.190000 0.410000 0.000000
0.190000 0.420000 0.000000
0.190000 0.430000 0.000000
0.190000 0.440000 0.000000
0.190000 0.450000 0.000000
0.190000 0.460000 0.000000
0.190000 0.470000 0.000000
0.190000 0.480000 0.000000
0.190000 0.490000 0.000000
0.200000 0.000000 0.019388
0.200000 0.010000 0.015075
0.200000 0.020000 0.000000
0.200000 0.030000 0.000000
0.200000 0.040000 0.000000
0.200000 0.050000 0.000000
0.200000 0.060000 0.000000
0.200000 0.070000 0.016432
0.200000 0.080000 0.015983
0.200000 0.090000 0.015916
0.200000 0.100000 0.015939
0.200000 0.110000 0.016222
0.200000 0.120000 0.000000
0.200000 0.130000 0.014805
0.200000 0.140000 0.014103
0.200000 0.150000 0.012957
0.200000 0.160000 0.012565
0.200000 0.170000 0.012231
0.200000 0.180000 0.011386
0.200000 0.190000 0.000000
0.200000 0.200000 0.010452
0.200000 0.210000 0.010159
0.200000 0.220000 0.009029
0.200000 0.230000 0.008773
0.200000 0.240000 0.000000
0.200000 0.250000 0.011166
0.200000 0.260000 0.010992
0.200000 0.270000 0.000000
0.200000 0.280000 0.000000
0.200000 0.290000 0.000000
0.200000 0.300000 0.000000
0.200000 0.310000 0.000000
0.200000 0.320000 0.000000
0.200000 0.330000 0.001912
0.200000 0.340000 0.000000
0.200000 0.350000 0.000000
0.200000 0.360000 0.000000
0.200000 0.370000 0.000000
0.200000 0.380000 0.000000
0.200000 0.390000 0.000000
0.200000 0.400000 0.000000
0.200000 0.410000 0.000000
0.200000 0.420000 0.000000
0.200000 0.430000 0.000000
0.200000 0.440000 0.000000
0.200000 0.450000 0.000000
0.200000 0.460000 0.000000
0.200000 0.470000 0.000000
0.200000 0.480000 0.000000
0.200000 0.490000 0.000000
0.210000 0.000000 0.017538
0.210000 0.010000 0.012838
0.210000 0.020000 0.013025
0.210000 0.030000 0.013206
0.210000 0.040000 0.013466
0.210000 0.050000 0.013618
0.210000 0.060000 0.000000
0.210000 0.070000 0.000000
0.210000 0.080000 0.000000
0.210000 0.090000 0.000000
0.210000 0.100000 0.014308
0.210000 0.110000 0.013899
0.210000 0.120000 0.013870
0.210000 0.130000 0.014183
0.210000 0.140000 0.013444
0.210000 0.150000 0.000000
0.210000 0.160000 0.012695
0.210000 0.170000 0.012198
0.210000 0.180000 0.011155
0.210000 0.190000 0.010852
0.210000 0.200000 0.010572
0.210000 0.210000 0.010011
0.210000 0.220000 0.009300
0.210000 0.230000 0.000000
0.210000 0.240000 0.000000
0.210000 0.250000 0.000000
0.210000 0.260000 0.000000
0.210000 0.270000 0.004707
0.210000 0.280000 0.003742
0.210000 0.290000 0.003242
0.210000 0.300000 0.002886
0.210000 0.310000 0.000000
0.210000 0.320000 0.000000
0.210000 0.330000 0.000000
0.210000 0.340000 0.000000
0.210000 0.350000 0.002858
0.210000 0.360000 0.002438
0.210000 0.370000 0.000000
0.210000 0.380000 0.000000
0.210000 0.390000 0.000000
0.210000 0.400000 0.000229
0.210000 0.410000 0.000000
0.210000 0.420000 0.000000
0.210000 0.430000 0.000000
0.210000 0.440000 0.000000
0.210000 0.450000 0.000000
0.210000 0.460000 0.000000
0.210000 0.470000 0.000000
0.210000 0.480000 0.000000
0.210000 0.490000 0.000000
0.220000 0.000000 0.000000
0.220000 0.010000 0.012916
0.220000 0.020000 0.000000
0.220000 0.030000 0.000000
0.220000 0.040000 0.012194
0.220000 0.050000 0.012224
0.220000 0.060000 0.012406
0.220000 0.070000 0.012588
0.220000 0.080000 0.012849
0.220000 0.090000 0.012989
0.220000 0.100000 0.000000
0.220000 0.110000 0.000000
0.220000 0.120000 0.012547
0.220000 0.130000 0.012358
0.220000 0.140000 0.011741
0.220000 0.150000 0.011852
0.220000 0.160000 0.000000
0.220000 0.170000 0.012200
0.220000 0.180000 0.000000
0.220000 0.190000 0.010862
0.220000 0.200000 0.010845
0.220000 0.210000 0.009972
0.220000 0.220000 0.009243
0.220000 0.230000 0.009202
0.220000 0.240000 0.008754
0.220000 0.250000 0.000000
0.220000 0.260000 0.000000
0.220000 0.270000 0.000000
0.220000 0.280000 0.003992
0.220000 0.290000 0.003294
0.220000 0.300000 0.002621
0.220000 0.310000 0.000000
0.220000 0.320000 0.000000
0.220000 0.330000 0.001107
0.220000 0.340000 0.000000
0.220000 0.350000 0.000000
0.220000 0.360000 0.000000
0.220000 0.370000 0.000000
0.220000 0.380000 0.000000
0.220000 0.390000 0.000000
0.220000 0.400000 0.000228
0.220000 0.410000 -0.000228
0.220000 0.420000 0.000000
0.220000 0.430000 0.000000
0.220000 0.440000 0.000000
0.220000 0.450000 0.000000
0.220000 0.460000 0.000000
0.220000 0.470000 0.000000
0.220000 0.480000 0.000000
0.220000 0.490000 0.000000
0.230000 0.000000 0.000000
0.230000 0.010000 0.000000
0.230000 0.020000 0.000000
0.230000 0.030000 0.000000
0.230000 0.040000 0.000000
0.230000 0.050000 0.000000
0.230000 0.060000 0.000000
0.230000 0.070000 0.000000
0.230000 0.080000 0.011704
0.230000 0.090000 0.011747
0.230000 0.100000 0.011927
0.230000 0.110000 0.012110
0.230000 0.120000 0.011029
0.230000 0.130000 0.011098
0.230000 0.140000 0.000000
0.230000 0.150000 0.011125
0.230000 0.160000 0.010660
0.230000 0.170000 0.010129
0.230000 0.180000 0.010112
0.230000 0.190000 0.000000
0.230000 0.200000 0.000000
0.230000 0.210000 0.009938
0.230000 0.220000 0.009273
0.230000 0.230000 0.009079
0.230000 0.240000 0.008774
0.230000 0.250000 0.007794
0.230000 0.260000 0.000000
0.230000 0.270000 0.000000
0.230000 0.280000 0.003984
0.230000 0.290000 0.002945
0.230000 0.300000 0.002657
0.230000 0.310000 0.002481
0.230000 0.320000 0.000000
0.230000 0.330000 0.001158
0.230000 0.340000 0.000719
0.230000 0.350000 0.000430
0.230000 0.360000 0.000091
0.230000 0.370000 -0.000718
0.230000 0.380000 -0.001343
0.230000 0.390000 -0.001699
0.230000 0.400000 0.000000
0.230000 0.410000 0.000000
0.230000 0.420000 0.000000
0.230000 0.430000 0.000000
0.230000 0.440000 0.000000
0.230000 0.450000 0.000000
0.230000 0.460000 0.000000
0.230000 0.470000 0.000000
0.230000 0.480000 0.000000
0.230000 0.490000 0.000000
0.240000 0.000000 0.000000
0.240000 0.010000 0.000000
0.240000 0.020000 0.000000
0.240000 0.030000 0.000000
0.240000 0.040000 0.000000
0.240000 0.050000 0.000000
0.240000 0.060000 0.000000
0.240000 0.070000 0.000000
0.240000 0.080000 0.000000
0.240000 0.090000 0.000000
0.240000 0.100000 0.000000
0.240000 0.110000 0.000000
0.240000 0.120000 0.009866
0.240000 0.130000 0.009752
0.240000 0.140000 0.009498
0.240000 0.150000 0.009245
0.240000 0.160000 0.009384
0.240000 0.170000 0.009143
0.240000 0.180000 0.009337
0.240000 0.190000 0.008957
0.240000 0.200000 0.008636
0.240000 0.210000 0.000000
0.240000 0.220000 0.008491
0.240000 0.230000 0.000000
0.240000 0.240000 0.000000
0.240000 0.250000 0.000000
0.240000 0.260000 0.000000
0.240000 0.270000 0.005197
0.240000 0.280000 0.004209
0.240000 0.290000 0.003024
0.240000 0.300000 0.002447
0.240000 0.310000 0.000000
0.240000 0.320000 0.000000
0.240000 0.330000 0.001234
0.240000 0.340000 0.000000
0.240000 0.350000 0.000238
0.240000 0.360000 -0.000063
0.240000 0.370000 -0.000483
0.240000 0.380000 0.000000
0.240000 0.390000 -0.001654
0.240000 0.400000 -0.001758
0.240000 0.410000 0.000000
0.240000 0.420000 0.000000
0.240000 0.430000 0.000000
0.240000 0.440000 0.000000
0.240000 0.450000 0.000000
0.240000 0.460000 0.000000
0.240000 0.470000 0.000000
0.240000 0.480000 0.000000
0.240000 0.490000 0.000000
0.250000 0.000000 0.000000
0.250000 0.010000 0.000000
0.250000 0.020000 0.000000
0.250000 0.030000 0.000000
0.250000 0.040000 0.000000
0.250000 0.050000 0.000000
0.250000 0.060000 0.000000
0.250000 0.070000 0.000000
0.250000 0.080000 0.000000
0.250000 0.090000 0.000000
0.250000 0.100000 0.000000
0.250000 0.110000 0.000000
0.250000 0.120000 0.000000
0.250000 0.130000 0.000000
0.250000 0.140000 0.000000
0.250000 0.150000 0.000000
0.250000 0.160000 0.008244
0.250000 0.170000 0.007975
0.250000 0.180000 0.007563
0.250000 0.190000 0.007344
0.250000 0.200000 0.007499
0.250000 0.210000 0.007426
0.250000 0.220000 0.007562
0.250000 0.230000 0.005763
0.250000 0.240000 0.005415
0.250000 0.250000 0.000000
0.250000 0.260000 0.000000
0.250000 0.270000 0.000000
0.250000 0.280000 0.000000
0.250000 0.290000 0.003029
0.250000 0.300000 0.002454
0.250000 0.310000 0.002338
0.250000 0.320000 0.001828
0.250000 0.330000 0.001225
0.250000 0.340000 0.000000
0.250000 0.350000 0.000156
0.250000 0.360000 -0.000049
0.250000 0.370000 -0.000425
0.250000 0.380000 0.000000
0.250000 0.390000 -0.001639
0.250000 0.400000 0.000000
0.250000 0.410000 0.000000
0.250000 0.420000 0.000000
0.250000 0.430000 0.000000
0.250000 0.440000 0.000000
0.250000 0.450000 0.000000
0.250000 0.460000 0.000000
0.250000 0.470000 -0.000000
0.250000 0.480000 0.000000
0.250000 0.490000 0.000000
0.260000 0.000000 0.000000
0.260000 0.010000 0.000000
0.260000 0.020000 0.000000
0.260000 0.030000 0.000000
0.260000 0.040000 0.000000
0.260000 0.050000 0.000000
0.260000 0.060000 0.000000
0.260000 0.070000 0.000000
0.260000 0.080000 0.000000
0.260000 0.090000 0.000000
0.260000 0.100000 0.000000
0.260000 0.110000 0.000000
0.260000 0.120000 0.000000
0.260000 0.130000 0.000000
0.260000 0.140000 0.000000
0.260000 0.150000 0.000000
0.260000 0.160000 0.008246
0.260000 0.170000 0.000000
0.260000 0.180000 0.000000
0.260000 0.190000 0.000000
0.260000 0.200000 0.006721
0.260000 0.210000 0.006195
0.260000 0.220000 0.005891
0.260000 0.230000 0.004125
0.260000 0.240000 0.003401
0.260000 0.250000 0.003133
0.260000 0.260000 0.003008
0.260000 0.270000 0.002945
0.260000 0.280000 0.000000
0.260000 0.290000 0.003007
0.260000 0.300000 0.000000
0.260000 0.310000 0.001735
0.260000 0.320000 0.001197
0.260000 0.330000 0.000800
0.260000 0.340000 0.000086
0.260000 0.350000 0.000000
0.260000 0.360000 0.000000
0.260000 0.370000 -0.000354
0.260000 0.380000 -0.000675
0.260000 0.390000 0.000000
0.260000 0.400000 -0.001883
0.260000 0.410000 -0.001878
0.260000 0.420000 0.000000
0.260000 0.430000 0.000000
0.260000 0.440000 0.000000
0.260000 0.450000 0.000000
0.260000 0.460000 0.000000
0.260000 0.470000 0.000000
0.260000 0.480000 0.000000
0.260000 0.490000 0.000000
0.270000 0.000000 0.000000
0.270000 0.010000 0.000000
0.270000 0.020000 0.000000
0.270000 0.030000 0.000000
0.270000 0.040000 0.000000
0.270000 0.050000 0.000000
0.270000 0.060000 0.000000
0.270000 0.070000 0.000000
0.270000 0.080000 0.000000
0.270000 0.090000 0.000000
0.270000 0.100000 0.000000
0.270000 0.110000 0.000000
0.270000 0.120000 0.000000
0.270000 0.130000 0.000000
0.270000 0.140000 0.000000
0.270000 0.150000 0.000000
0.270000 0.160000 0.000000
0.270000 0.170000 0.000000
0.270000 0.180000 0.000000
0.270000 0.190000 0.000000
0.270000 0.200000 0.000000
0.270000 0.210000 0.000000
0.270000 0.220000 0.000000
0.270000 0.230000 0.000000
0.270000 0.240000 0.003332
0.270000 0.250000 0.002398
0.270000 0.260000 0.002218
0.270000 0.270000 0.001191
0.270000 0.280000 0.000836
0.270000 0.290000 0.000406
0.270000 0.300000 0.000000
0.270000 0.310000 0.001553
0.270000 0.320000 0.001155
0.270000 0.330000 0.000000
0.270000 0.340000 0.000000
0.270000 0.350000 0.001115
0.270000 0.360000 0.000000
0.270000 0.370000 -0.000326
0.270000 0.380000 0.000000
0.270000 0.390000 -0.001141
0.270000 0.400000 -0.001580
0.270000 0.410000 -0.001775
0.270000 0.420000 0.000000
0.270000 0.430000 0.000000
0.270000 0.440000 0.000000
0.270000 0.450000 0.000000
0.270000 0.460000 0.000000
0.270000 0.470000 0.000000
0.270000 0.480000 0.000000
0.270000 0.490000 0.000000
0.280000 0.000000 0.000000
0.280000 0.010000 0.000000
0.280000 0.020000 0.000000
0.280000 0.030000 0.000000
0.280000 0.040000 0.000000
0.280000 0.050000 0.000000
0.280000 0.060000 0.000000
0.280000 0.070000 0.000000
0.280000 0.080000 0.000000
0.280000 0.090000 0.000000
0.280000 0.100000 0.000000
0.280000 0.110000 0.000000
0.280000 0.120000 0.000000
0.280000 0.130000 0.000000
0.280000 0.140000 0.000000
0.280000 0.150000 0.000000
0.280000 0.160000 0.000000
0.280000 0.170000 0.000000
0.280000 0.180000 0.000000
0.280000 0.190000 0.000000
0.280000 0.200000 0.000000
0.280000 0.210000 -0.000014
0.280000 0.220000 0.000000
0.280000 0.230000 0.000000
0.280000 0.240000 0.000000
0.280000 0.250000 0.002464
0.280000 0.260000 0.002189
0.280000 0.270000 0.000000
0.280000 0.280000 0.000429
0.280000 0.290000 0.000000
0.280000 0.300000 0.000000
0.280000 0.310000 0.000000
0.280000 0.320000 0.000000
0.280000 0.330000 0.001733
0.280000 0.340000 0.001367
0.280000 0.350000 0.000985
0.280000 0.360000 0.000000
0.280000 0.370000 -0.000391
0.280000 0.380000 -0.000677
0.280000 0.390000 -0.001003
0.280000 0.400000 -0.001463
0.280000 0.410000 -0.001751
0.280000 0.420000 0.000000
0.280000 0.430000 0.000000
0.280000 0.440000 0.000000
0.280000 0.450000 0.000000
0.280000 0.460000 0.000000
0.280000 0.470000 0.000000
0.280000 0.480000 0.000000
0.280000 0.490000 0.000000
0.290000 0.000000 0.000000
0.290000 0.010000 0.000000
0.290000 0.020000 0.000000
0.290000 0.030000 0.000000
0.290000 0.040000 0.000000
0.290000 0.050000 0.000000
0.290000 0.060000 0.000000
0.290000 0.070000 0.000000
0.290000 0.080000 0.000000
0.290000 0.090000 0.000000
0.290000 0.100000 0.000000
0.290000 0.110000 0.000000
0.290000 0.120000 0.000000
0.290000 0.130000 0.000000
0.290000 0.140000 0.000000
0.290000 0.150000 0.000000
0.290000 0.160000 0.000000
0.290000 0.170000 0.000000
0.290000 0.180000 0.000000
0.290000 0.190000 0.000000
0.290000 0.200000 0.000000
0.290000 0.210000 0.000000
0.290000 0.220000 0.000000
0.290000 0.230000 0.000000
0.290000 0.240000 0.000000
0.290000 0.250000 0.002584
0.290000 0.260000 0.002164
0.290000 0.270000 0.000000
0.290000 0.280000 0.000429
0.290000 0.290000 -0.000135
0.290000 0.300000 0.000000
0.290000 0.310000 0.000000
0.290000 0.320000 0.002050
0.290000 0.330000 0.000000
0.290000 0.340000 0.001370
0.290000 0.350000 0.000000
0.290000 0.360000 0.000000
0.290000 0.370000 -0.000339
0.290000 0.380000 -0.000540
0.290000 0.390000 0.000000
0.290000 0.400000 -0.001291
0.290000 0.410000 -0.001852
0.290000 0.420000 -0.002111
0.290000 0.430000 0.000000
0.290000 0.440000 0.000000
0.290000 0.450000 0.000000
0.290000 0.460000 0.000000
0.290000 0.470000 0.000000
0.290000 0.480000 0.000000
0.290000 0.490000 0.000000
0.300000 0.000000 0.000000
0.300000 0.010000 0.000000
0.300000 0.020000 0.000000
0.300000 0.030000 0.000000
0.300000 0.040000 0.000000
0.300000 0.050000 0.000000
0.300000 0.060000 0.000000
0.300000 0.070000 0.000000
0.300000 0.080000 0.000000
0.300000 0.090000 0.000000
0.300000 0.100000 0.000000
0.300000 0.110000 0.000000
0.300000 0.120000 0.000000
0.300000 0.130000 0.000000
0.300000 0.140000 0.000000
0.300000 0.150000 0.000000
0.300000 0.160000 0.000000
0.300000 0.170000 0.000000
0.300000 0.180000 0.000000
0.300000 0.190000 0.000000
0.300000 0.200000 0.000000
0.300000 0.210000 0.000000
0.300000 0.220000 0.000000
0.300000 0.230000 0.000000
0.300000 0.240000 0.000000
0.300000 0.250000 0.000000
0.300000 0.260000 0.002174
0.300000 0.270000 0.000000
0.300000 0.280000 0.000631
0.300000 0.290000 0.000000
0.300000 0.300000 0.000000
0.300000 0.310000 0.002284
0.300000 0.320000 0.002069
0.300000 0.330000 0.001770
0.300000 0.340000 0.001349
0.300000 0.350000 0.000964
0.300000 0.360000 0.000512
0.300000 0.370000 -0.000071
0.300000 0.380000 0.000000
0.300000 0.390000 -0.001054
0.300000 0.400000 -0.001391
0.300000 0.410000 -0.001725
0.300000 0.420000 -0.002295
0.300000 0.430000 -0.002749
0.300000 0.440000 -0.003067
0.300000 0.450000 -0.003231
0.300000 0.460000 0.000000
0.300000 0.470000 0.000000
0.300000 0.480000 0.000000
0.300000 0.490000 0.000000
0.310000 0.000000 0.000000
0.310000 0.010000 0.000000
0.310000 0.020000 0.000000
0.310000 0.030000 0.000000
0.310000 0.040000 0.000000
0.310000 0.050000 0.000000
0.310000 0.060000 0.000000
0.310000 0.070000 0.000000
0.310000 0.080000 0.000000
0.310000 0.090000 0.000000
0.310000 0.100000 0.000000
0.310000 0.110000 0.000000
0.310000 0.120000 0.000000
0.310000 0.130000 0.000000
0.310000 0.140000 0.000000
0.310000 0.150000 0.000000
0.310000 0.160000 0.000000
0.310000 0.170000 0.000000
0.310000 0.180000 0.000000
0.310000 0.190000 0.000000
0.310000 0.200000 0.000000
0.310000 0.210000 0.000000
0.310000 0.220000 0.000000
0.310000 0.230000 0.000000
0.310000 0.240000 0.000000
0.310000 0.250000 0.000000
0.310000 0.260000 0.000000
0.310000 0.270000 0.004079
0.310000 0.280000 0.000000
0.310000 0.290000 0.003227
0.310000 0.300000 0.002957
0.310000 0.310000 0.002363
0.310000 0.320000 0.002047
0.310000 0.330000 0.001720
0.310000 0.340000 0.001402
0.310000 0.350000 0.000917
0.310000 0.360000 0.000511
0.310000 0.370000 0.000000
0.310000 0.380000 -0.000258
0.310000 0.390000 -0.000901
0.310000 0.400000 -0.001325
0.310000 0.410000 -0.001520
0.310000 0.420000 -0.002078
0.310000 0.430000 -0.002860
0.310000 0.440000 -0.003089
0.310000 0.450000 -0.003198
0.310000 0.460000 -0.003151
0.310000 0.470000 0.000000
0.310000 0.480000 0.000000
0.310000 0.490000 0.000000
0.320000 0.000000 0.014013
0.320000 0.010000 0.013144
0.320000 0.020000 0.012768
0.320000 0.030000 0.012407
0.320000 0.040000 0.012051
0.320000 0.050000 0.011697
0.320000 0.060000 0.011344
0.320000 0.070000 0.010991
0.320000 0.080000 0.010638
0.320000 0.090000 0.010285
0.320000 0.100000 0.009932
0.320000 0.110000 0.009580
0.320000 0.120000 0.009227
0.320000 0.130000 0.008875
0.320000 0.140000 0.008523
0.320000 0.150000 0.008171
0.320000 0.160000 0.007820
0.320000 0.170000 0.007469
0.320000 0.180000 0.007118
0.320000 0.190000 0.006768
0.320000 0.200000 0.006418
0.320000 0.210000 0.006145
0.320000 0.220000 0.005798
0.320000 0.230000 0.005453
0.320000 0.240000 0.005107
0.320000 0.250000 0.004761
0.320000 0.260000 0.004417
0.320000 0.270000 0.004077
0.320000 0.280000 0.003748
0.320000 0.290000 0.003242
0.320000 0.300000 0.002966
0.320000 0.310000 0.000000
0.320000 0.320000 0.002226
0.320000 0.330000 0.001736
0.320000 0.340000 0.001371
0.320000 0.350000 0.000917
0.320000 0.360000 0.000475
0.320000 0.370000 0.000001
0.320000 0.380000 -0.000322
0.320000 0.390000 -0.000927
0.320000 0.400000 -0.001260
0.320000 0.410000 -0.001456
0.320000 0.420000 -0.001947
0.320000 0.430000 -0.002696
0.320000 0.440000 -0.003113
0.320000 0.450000 -0.002991
0.320000 0.460000 0.000000
0.320000 0.470000 0.000000
0.320000 0.480000 0.000000
0.320000 0.490000 0.000000
0.330000 0.000000 0.014133
0.330000 0.010000 0.013088
0.330000 0.020000 0.012753
0.330000 0.030000 0.012402
0.330000 0.040000 0.012049
0.330000 0.050000 0.011696
0.330000 0.060000 0.011343
0.330000 0.070000 0.010991
0.330000 0.080000 0.010638
0.330000 0.090000 0.010285
0.330000 0.100000 0.009932
0.330000 0.110000 0.009580
0.330000 0.120000 0.009227
0.330000 0.130000 0.008875
0.330000 0.140000 0.008523
0.330000 0.150000 0.008172
0.330000 0.160000 0.007820
0.330000 0.170000 0.007469
0.330000 0.180000 0.007119
0.330000 0.190000 0.006768
0.330000 0.200000 0.006418
0.330000 0.210000 0.006141
0.330000 0.220000 0.005796
0.330000 0.230000 0.005450
0.330000 0.240000 0.005104
0.330000 0.250000 0.004756
0.330000 0.260000 0.004409
0.330000 0.270000 0.004062
0.330000 0.280000 0.003720
0.330000 0.290000 0.003298
0.330000 0.300000 0.002964
0.330000 0.310000 0.002545
0.330000 0.320000 0.002220
0.330000 0.330000 0.001911
0.330000 0.340000 0.001441
0.330000 0.350000 0.000873
0.330000 0.360000 0.000440
0.330000 0.370000 0.000000
0.330000 0.380000 -0.000444
0.330000 0.390000 -0.000809
0.330000 0.400000 -0.001179
0.330000 0.410000 -0.001328
0.330000 0.420000 -0.001437
0.330000 0.430000 -0.001353
0.330000 0.440000 -0.001476
0.330000 0.450000 -0.002416
0.330000 0.460000 0.000000
0.330000 0.470000 0.000000
0.330000 0.480000 0.000000
0.330000 0.490000 0.000000
0.340000 0.000000 0.014093
0.340000 0.010000 0.013115
0.340000 0.020000 0.012752
0.340000 0.030000 0.012399
0.340000 0.040000 0.012048
0.340000 0.050000 0.011696
0.340000 0.060000 0.011343
0.340000 0.070000 0.010991
0.340000 0.080000 0.010638
0.340000 0.090000 0.010285
0.340000 0.100000 0.009933
0.340000 0.110000 0.009580
0.340000 0.120000 0.009228
0.340000 0.130000 0.008876
0.340000 0.140000 0.008524
0.340000 0.150000 0.008172
0.340000 0.160000 0.007821
0.340000 0.170000 0.007471
0.340000 0.180000 0.007120
0.340000 0.190000 0.006770
0.340000 0.200000 0.006418
0.340000 0.210000 0.006130
0.340000 0.220000 0.005793
0.340000 0.230000 0.005447
0.340000 0.240000 0.005099
0.340000 0.250000 0.004749
0.340000 0.260000 0.004396
0.340000 0.270000 0.004040
0.340000 0.280000 0.003675
0.340000 0.290000 0.003315
0.340000 0.300000 0.002977
0.340000 0.310000 0.002618
0.340000 0.320000 0.002261
0.340000 0.330000 0.002040
0.340000 0.340000 0.001426
0.340000 0.350000 0.000810
0.340000 0.360000 0.000000
0.340000 0.370000 0.000009
0.340000 0.380000 -0.000454
0.340000 0.390000 -0.000722
0.340000 0.400000 -0.001163
0.340000 0.410000 -0.001258
0.340000 0.420000 -0.001364
0.340000 0.430000 -0.001380
0.340000 0.440000 -0.001693
0.340000 0.450000 -0.002129
0.340000 0.460000 0.000000
0.340000 0.470000 0.000000
0.340000 0.480000 0.000000
0.340000 0.490000 0.000000
0.350000 0.000000 0.014141
0.350000 0.010000 0.013091
0.350000 0.020000 0.012743
0.350000 0.030000 0.012396
0.350000 0.040000 0.012046
0.350000 0.050000 0.011695
0.350000 0.060000 0.011343
0.350000 0.070000 0.010991
0.350000 0.080000 0.010639
0.350000 0.090000 0.010286
0.350000 0.100000 0.009933
0.350000 0.110000 0.009581
0.350000 0.120000 0.009228
0.350000 0.130000 0.008876
0.350000 0.140000 0.008525
0.350000 0.150000 0.008173
0.350000 0.160000 0.007822
0.350000 0.170000 0.007472
0.350000 0.180000 0.007123
0.350000 0.190000 0.006774
0.350000 0.200000 0.006428
0.350000 0.210000 0.006092
0.350000 0.220000 0.005797
0.350000 0.230000 0.005443
0.350000 0.240000 0.005094
0.350000 0.250000 0.004743
0.350000 0.260000 0.004386
0.350000 0.270000 0.004025
0.350000 0.280000 0.003693
0.350000 0.290000 0.003337
0.350000 0.300000 0.002979
0.350000 0.310000 0.002624
0.350000 0.320000 0.002278
0.350000 0.330000 0.001909
0.350000 0.340000 0.001470
0.350000 0.350000 0.001042
0.350000 0.360000 0.000577
0.350000 0.370000 0.000077
0.350000 0.380000 -0.000385
0.350000 0.390000 0.000000
0.350000 0.400000 -0.001150
0.350000 0.410000 -0.001300
0.350000 0.420000 0.000000
0.350000 0.430000 -0.001489
0.350000 0.440000 -0.001868
0.350000 0.450000 -0.002240
0.350000 0.460000 0.000000
0.350000 0.470000 0.000000
0.350000 0.480000 0.000000
0.350000 0.490000 0.000000
0.360000 0.000000 0.014245
0.360000 0.010000 0.013040
0.360000 0.020000 0.012734
0.360000 0.030000 0.012395
0.360000 0.040000 0.012047
0.360000 0.050000 0.011696
0.360000 0.060000 0.011344
0.360000 0.070000 0.010992
0.360000 0.080000 0.010639
0.360000 0.090000 0.010287
0.360000 0.100000 0.009934
0.360000 0.110000 0.009581
0.360000 0.120000 0.009229
0.360000 0.130000 0.008877
0.360000 0.140000 0.008525
0.360000 0.150000 0.008174
0.360000 0.160000 0.007823
0.360000 0.170000 0.007474
0.360000 0.180000 0.007125
0.360000 0.190000 0.006777
0.360000 0.200000 0.006431
0.360000 0.210000 0.006083
0.360000 0.220000 0.005787
0.360000 0.230000 0.005430
0.360000 0.240000 0.005089
0.360000 0.250000 0.004740
0.360000 0.260000 0.004376
0.360000 0.270000 0.004046
0.360000 0.280000 0.003698
0.360000 0.290000 0.003336
0.360000 0.300000 0.002976
0.360000 0.310000 0.002617
0.360000 0.320000 0.002254
0.360000 0.330000 0.001877
0.360000 0.340000 0.001480
0.360000 0.350000 0.001204
0.360000 0.360000 0.000692
0.360000 0.370000 0.000072
0.360000 0.380000 -0.000572
0.360000 0.390000 -0.000870
0.360000 0.400000 -0.001117
0.360000 0.410000 -0.001368
0.360000 0.420000 -0.001577
0.360000 0.430000 -0.001113
0.360000 0.440000 -0.001703
0.360000 0.450000 -0.002155
0.360000 0.460000 0.000000
0.360000 0.470000 0.000000
0.360000 0.480000 0.000000
0.360000 0.490000 0.000000
0.370000 0.000000 0.014127
0.370000 0.010000 0.013130
0.370000 0.020000 0.012757
0.370000 0.030000 0.012403
0.370000 0.040000 0.012050
0.370000 0.050000 0.011698
0.370000 0.060000 0.011346
0.370000 0.070000 0.010993
0.370000 0.080000 0.010640
0.370000 0.090000 0.010287
0.370000 0.100000 0.009935
0.370000 0.110000 0.009582
0.370000 0.120000 0.009230
0.370000 0.130000 0.008877
0.370000 0.140000 0.008526
0.370000 0.150000 0.008175
0.370000 0.160000 0.007824
0.370000 0.170000 0.007474
0.370000 0.180000 0.007126
0.370000 0.190000 0.006779
0.370000 0.200000 0.006435
0.370000 0.210000 0.006094
0.370000 0.220000 0.005762
0.370000 0.230000 0.005401
0.370000 0.240000 0.005092
0.370000 0.250000 0.004748
0.370000 0.260000 0.004398
0.370000 0.270000 0.004045
0.370000 0.280000 0.003692
0.370000 0.290000 0.003334
0.370000 0.300000 0.002974
0.370000 0.310000 0.002615
0.370000 0.320000 0.002252
0.370000 0.330000 0.001888
0.370000 0.340000 0.001560
0.370000 0.350000 0.001188
0.370000 0.360000 0.000932
0.370000 0.370000 0.000349
0.370000 0.380000 -0.000756
0.370000 0.390000 -0.001028
0.370000 0.400000 -0.001144
0.370000 0.410000 -0.001252
0.370000 0.420000 -0.001461
0.370000 0.430000 -0.001112
0.370000 0.440000 -0.001799
0.370000 0.450000 0.000000
0.370000 0.460000 0.000000
0.370000 0.470000 0.000000
0.370000 0.480000 0.000000
0.370000 0.490000 0.000000
0.380000 0.000000 0.014128
0.380000 0.010000 0.013108
0.380000 0.020000 0.012762
0.380000 0.030000 0.012408
0.380000 0.040000 0.012054
0.380000 0.050000 0.011700
0.380000 0.060000 0.011347
0.380000 0.070000 0.010994
0.380000 0.080000 0.010641
0.380000 0.090000 0.010288
0.380000 0.100000 0.009935
0.380000 0.110000 0.009583
0.380000 0.120000 0.009230
0.380000 0.130000 0.008878
0.380000 0.140000 0.008526
0.380000 0.150000 0.008175
0.380000 0.160000 0.007824
0.380000 0.170000 0.007474
0.380000 0.180000 0.007126
0.380000 0.190000 0.006780
0.380000 0.200000 0.006436
0.380000 0.210000 0.006096
0.380000 0.220000 0.005766
0.380000 0.230000 0.005390
0.380000 0.240000 0.005118
0.380000 0.250000 0.004722
0.380000 0.260000 0.004404
0.380000 0.270000 0.004041
0.380000 0.280000 0.003691
0.380000 0.290000 0.003333
0.380000 0.300000 0.002973
0.380000 0.310000 0.002616
0.380000 0.320000 0.002255
0.380000 0.330000 0.001901
0.380000 0.340000 0.001553
0.380000 0.350000 0.001189
0.380000 0.360000 0.000681
0.380000 0.370000 0.000278
0.380000 0.380000 -0.000359
0.380000 0.390000 -0.000766
0.380000 0.400000 -0.001118
0.380000 0.410000 -0.001300
0.380000 0.420000 -0.001484
0.380000 0.430000 -0.001495
0.380000 0.440000 -0.001748
0.380000 0.450000 -0.002102
0.380000 0.460000 0.000000
0.380000 0.470000 0.000000
0.380000 0.480000 0.000000
0.380000 0.490000 0.000000
0.390000 0.000000 0.014046
0.390000 0.010000 0.013162
0.390000 0.020000 0.012776
0.390000 0.030000 0.012413
0.390000 0.040000 0.012057
0.390000 0.050000 0.011702
0.390000 0.060000 0.011349
0.390000 0.070000 0.010995
0.390000 0.080000 0.010642
0.390000 0.090000 0.010289
0.390000 0.100000 0.009936
0.390000 0.110000 0.009583
0.390000 0.120000 0.009230
0.390000 0.130000 0.008878
0.390000 0.140000 0.008526
0.390000 0.150000 0.008174
0.390000 0.160000 0.007823
0.390000 0.170000 0.007473
0.390000 0.180000 0.007124
0.390000 0.190000 0.006778
0.390000 0.200000 0.006435
0.390000 0.210000 0.006090
0.390000 0.220000 0.005809
0.390000 0.230000 0.005413
0.390000 0.240000 0.005086
0.390000 0.250000 0.004731
0.390000 0.260000 0.004384
0.390000 0.270000 0.004022
0.390000 0.280000 0.003699
0.390000 0.290000 0.003334
0.390000 0.300000 0.002971
0.390000 0.310000 0.002622
0.390000 0.320000 0.002252
0.390000 0.330000 0.001909
0.390000 0.340000 0.001557
0.390000 0.350000 0.001176
0.390000 0.360000 0.000801
0.390000 0.370000 0.000281
0.390000 0.380000 -0.000063
0.390000 0.390000 -0.000473
0.390000 0.400000 -0.000871
0.390000 0.410000 -0.001204
0.390000 0.420000 -0.001540
0.390000 0.430000 -0.001746
0.390000 0.440000 -0.001752
0.390000 0.450000 -0.002155
0.390000 0.460000 0.000000
0.390000 0.470000 0.000000
0.390000 0.480000 0.000000
0.390000 0.490000 0.000000
0.400000 0.000000 0.014107
0.400000 0.010000 0.013119
0.400000 0.020000 0.012768
0.400000 0.030000 0.012412
0.400000 0.040000 0.012057
0.400000 0.050000 0.011703
0.400000 0.060000 0.011350
0.400000 0.070000 0.010996
0.400000 0.080000 0.010643
0.400000 0.090000 0.010290
0.400000 0.100000 0.009936
0.400000 0.110000 0.009583
0.400000 0.120000 0.009230
0.400000 0.130000 0.008878
0.400000 0.140000 0.008525
0.400000 0.150000 0.008173
0.400000 0.160000 0.007821
0.400000 0.170000 0.007471
0.400000 0.180000 0.007121
0.400000 0.190000 0.006772
0.400000 0.200000 0.006434
0.400000 0.210000 0.006156
0.400000 0.220000 0.005780
0.400000 0.230000 0.005425
0.400000 0.240000 0.005080
0.400000 0.250000 0.004730
0.400000 0.260000 0.004380
0.400000 0.270000 0.004030
0.400000 0.280000 0.003681
0.400000 0.290000 0.003334
0.400000 0.300000 0.002956
0.400000 0.310000 0.002652
0.400000 0.320000 0.002260
0.400000 0.330000 0.001913
0.400000 0.340000 0.001572
0.400000 0.350000 0.001099
0.400000 0.360000 0.000816
0.400000 0.370000 0.000417
0.400000 0.380000 -0.000007
0.400000 0.390000 -0.000448
0.400000 0.400000 -0.000820
0.400000 0.410000 -0.001266
0.400000 0.420000 -0.001629
0.400000 0.430000 0.000000
0.400000 0.440000 -0.001612
0.400000 0.450000 -0.001901
0.400000 0.460000 0.000000
0.400000 0.470000 0.000000
0.400000 0.480000 0.000000
0.400000 0.490000 0.000000
0.410000 0.000000 0.014123
0.410000 0.010000 0.013113
0.410000 0.020000 0.012763
0.410000 0.030000 0.012410
0.410000 0.040000 0.012057
0.410000 0.050000 0.011704
0.410000 0.060000 0.011350
0.410000 0.070000 0.010997
0.410000 0.080000 0.010644
0.410000 0.090000 0.010290
0.410000 0.100000 0.009937
0.410000 0.110000 0.009583
0.410000 0.120000 0.009230
0.410000 0.130000 0.008877
0.410000 0.140000 0.008524
0.410000 0.150000 0.008171
0.410000 0.160000 0.007819
0.410000 0.170000 0.007467
0.410000 0.180000 0.007115
0.410000 0.190000 0.006758
0.410000 0.200000 0.006511
0.410000 0.210000 0.006131
0.410000 0.220000 0.005780
0.410000 0.230000 0.005428
0.410000 0.240000 0.005079
0.410000 0.250000 0.004729
0.410000 0.260000 0.004377
0.410000 0.270000 0.004036
0.410000 0.280000 0.003662
0.410000 0.290000 0.003364
0.410000 0.300000 0.002971
0.410000 0.310000 0.002629
0.410000 0.320000 0.002267
0.410000 0.330000 0.001914
0.410000 0.340000 0.001561
0.410000 0.350000 0.001194
0.410000 0.360000 0.000851
0.410000 0.370000 0.000450
0.410000 0.380000 0.000037
0.410000 0.390000 -0.000329
0.410000 0.400000 -0.000588
0.410000 0.410000 -0.001367
0.410000 0.420000 -0.001421
0.410000 0.430000 -0.001552
0.410000 0.440000 -0.001650
0.410000 0.450000 -0.002159
0.410000 0.460000 0.000000
0.410000 0.470000 0.000000
0.410000 0.480000 0.000000
0.410000 0.490000 0.000000
0.420000 0.000000 0.014142
0.420000 0.010000 0.013116
0.420000 0.020000 0.012761
0.420000 0.030000 0.012409
0.420000 0.040000 0.012057
0.420000 0.050000 0.011704
0.420000 0.060000 0.011351
0.420000 0.070000 0.010998
0.420000 0.080000 0.010644
0.420000 0.090000 0.010291
0.420000 0.100000 0.009937
0.420000 0.110000 0.009583
0.420000 0.120000 0.009230
0.420000 0.130000 0.008876
0.420000 0.140000 0.008522
0.420000 0.150000 0.008169
0.420000 0.160000 0.007816
0.420000 0.170000 0.007464
0.420000 0.180000 0.007114
0.420000 0.190000 0.006778
0.420000 0.200000 0.006523
0.420000 0.210000 0.006128
0.420000 0.220000 0.005779
0.420000 0.230000 0.005428
0.420000 0.240000 0.005077
0.420000 0.250000 0.004730
0.420000 0.260000 0.004364
0.420000 0.270000 0.004072
0.420000 0.280000 0.003680
0.420000 0.290000 0.003340
0.420000 0.300000 0.002979
0.420000 0.310000 0.002625
0.420000 0.320000 0.002270
0.420000 0.330000 0.001918
0.420000 0.340000 0.001568
0.420000 0.350000 0.001220
0.420000 0.360000 0.000935
0.420000 0.370000 0.000445
0.420000 0.380000 0.000165
0.420000 0.390000 -0.000106
0.420000 0.400000 -0.000358
0.420000 0.410000 -0.001013
0.420000 0.420000 -0.001176
0.420000 0.430000 -0.001405
0.420000 0.440000 -0.001547
0.420000 0.450000 -0.001785
0.420000 0.460000 0.000000
0.420000 0.470000 0.000000
0.420000 0.480000 0.000000
0.420000 0.490000 0.000000
0.430000 0.000000 0.014199
0.430000 0.010000 0.013095
0.430000 0.020000 0.012757
0.430000 0.030000 0.012409
0.430000 0.040000 0.012058
0.430000 0.050000 0.011705
0.430000 0.060000 0.011352
0.430000 0.070000 0.010998
0.430000 0.080000 0.010645
0.430000 0.090000 0.010291
0.430000 0.100000 0.009937
0.430000 0.110000 0.009583
0.430000 0.120000 0.009229
0.430000 0.130000 0.008875
0.430000 0.140000 0.008520
0.430000 0.150000 0.008166
0.430000 0.160000 0.007812
0.430000 0.170000 0.007458
0.430000 0.180000 0.007100
0.430000 0.190000 0.006858
0.430000 0.200000 0.006485
0.430000 0.210000 0.006131
0.430000 0.220000 0.005781
0.430000 0.230000 0.005427
0.430000 0.240000 0.005073
0.430000 0.250000 0.004746
0.430000 0.260000 0.004396
0.430000 0.270000 0.004051
0.430000 0.280000 0.003689
0.430000 0.290000 0.003336
0.430000 0.300000 0.002980
0.430000 0.310000 0.002626
0.430000 0.320000 0.002273
0.430000 0.330000 0.001923
0.430000 0.340000 0.001578
0.430000 0.350000 0.001245
0.430000 0.360000 0.000925
0.430000 0.370000 0.000501
0.430000 0.380000 0.000200
0.430000 0.390000 -0.000079
0.430000 0.400000 -0.000420
0.430000 0.410000 -0.001119
0.430000 0.420000 -0.001335
0.430000 0.430000 0.000000
0.430000 0.440000 -0.001395
0.430000 0.450000 -0.001589
0.430000 0.460000 0.000000
0.430000 0.470000 0.000000
0.430000 0.480000 0.000000
0.430000 0.490000 0.000000
0.440000 0.000000 0.014169
0.440000 0.010000 0.013112
0.440000 0.020000 0.012762
0.440000 0.030000 0.012411
0.440000 0.040000 0.012059
0.440000 0.050000 0.011706
0.440000 0.060000 0.011353
0.440000 0.070000 0.010999
0.440000 0.080000 0.010645
0.440000 0.090000 0.010291
0.440000 0.100000 0.009937
0.440000 0.110000 0.009583
0.440000 0.120000 0.009228
0.440000 0.130000 0.008873
0.440000 0.140000 0.008518
0.440000 0.150000 0.008162
0.440000 0.160000 0.007807
0.440000 0.170000 0.007454
0.440000 0.180000 0.007120
0.440000 0.190000 0.006869
0.440000 0.200000 0.006476
0.440000 0.210000 0.006129
0.440000 0.220000 0.005786
0.440000 0.230000 0.005426
0.440000 0.240000 0.005097
0.440000 0.250000 0.004756
0.440000 0.260000 0.004399
0.440000 0.270000 0.004046
0.440000 0.280000 0.003690
0.440000 0.290000 0.003336
0.440000 0.300000 0.002981
0.440000 0.310000 0.002628
0.440000 0.320000 0.002276
0.440000 0.330000 0.001928
0.440000 0.340000 0.001585
0.440000 0.350000 0.001249
0.440000 0.360000 0.000927
0.440000 0.370000 0.000518
0.440000 0.380000 0.000190
0.440000 0.390000 -0.000176
0.440000 0.400000 -0.000471
0.440000 0.410000 -0.000887
0.440000 0.420000 -0.001294
0.440000 0.430000 -0.001735
0.440000 0.440000 0.000000
0.440000 0.450000 0.000000
0.440000 0.460000 0.000000
0.440000 0.470000 0.000000
0.440000 0.480000 0.000000
0.440000 0.490000 0.000000
0.450000 0.000000 0.014142
0.450000 0.010000 0.013111
0.450000 0.020000 0.012766
0.450000 0.030000 0.012414
0.450000 0.040000 0.012061
0.450000 0.050000 0.011707
0.450000 0.060000 0.011354
0.450000 0.070000 0.011000
0.450000 0.080000 0.010646
0.450000 0.090000 0.010291
0.450000 0.100000 0.009937
0.450000 0.110000 0.009583
0.450000 0.120000 0.009228
0.450000 0.130000 0.008872
0.450000 0.140000 0.008516
0.450000 0.150000 0.008158
0.450000 0.160000 0.007798
0.450000 0.170000 0.007433
0.450000 0.180000 0.007199
0.450000 0.190000 0.006828
0.450000 0.200000 0.006473
0.450000 0.210000 0.006124
0.450000 0.220000 0.005803
0.450000 0.230000 0.005454
0.450000 0.240000 0.005103
0.450000 0.250000 0.004753
0.450000 0.260000 0.004399
0.450000 0.270000 0.004045
0.450000 0.280000 0.003690
0.450000 0.290000 0.003336
0.450000 0.300000 0.002982
0.450000 0.310000 0.002629
0.450000 0.320000 0.002278
0.450000 0.330000 0.001930
0.450000 0.340000 0.001587
0.450000 0.350000 0.001249
0.450000 0.360000 0.000921
0.450000 0.370000 0.000529
0.450000 0.380000 0.000203
0.450000 0.390000 -0.000194
0.450000 0.400000 -0.000554
0.450000 0.410000 -0.000830
0.450000 0.420000 -0.001170
0.450000 0.430000 -0.001869
0.450000 0.440000 0.000000
0.450000 0.450000 -0.003310
0.450000 0.460000 0.000000
0.450000 0.470000 0.000000
0.450000 0.480000 0.000000
0.450000 0.490000 0.000000
0.460000 0.000000 0.014104
0.460000 0.010000 0.013128
0.460000 0.020000 0.012776
0.460000 0.030000 0.012419
0.460000 0.040000 0.012063
0.460000 0.050000 0.011709
0.460000 0.060000 0.011354
0.460000 0.070000 0.011000
0.460000 0.080000 0.010646
0.460000 0.090000 0.010292
0.460000 0.100000 0.009937
0.460000 0.110000 0.009582
0.460000 0.120000 0.009227
0.460000 0.130000 0.008871
0.460000 0.140000 0.008514
0.460000 0.150000 0.008156
0.460000 0.160000 0.007795
0.460000 0.170000 0.007430
0.460000 0.180000 0.007215
0.460000 0.190000 0.006819
0.460000 0.200000 0.006463
0.460000 0.210000 0.006150
0.460000 0.220000 0.005816
0.460000 0.230000 0.005460
0.460000 0.240000 0.005106
0.460000 0.250000 0.004753
0.460000 0.260000 0.004399
0.460000 0.270000 0.004045
0.460000 0.280000 0.003690
0.460000 0.290000 0.003336
0.460000 0.300000 0.002983
0.460000 0.310000 0.002630
0.460000 0.320000 0.002280
0.460000 0.330000 0.001932
0.460000 0.340000 0.001586
0.460000 0.350000 0.001243
0.460000 0.360000 0.000902
0.460000 0.370000 0.000550
0.460000 0.380000 0.000208
0.460000 0.390000 -0.000138
0.460000 0.400000 -0.000542
0.460000 0.410000 -0.000900
0.460000 0.420000 -0.001080
0.460000 0.430000 -0.001876
0.460000 0.440000 -0.002394
0.460000 0.450000 -0.003026
0.460000 0.460000 0.000000
0.460000 0.470000 0.000000
0.460000 0.480000 0.000000
0.460000 0.490000 0.000000
0.470000 0.000000 0.014018
0.470000 0.010000 0.013187
0.470000 0.020000 0.012789
0.470000 0.030000 0.012423
0.470000 0.040000 0.012065
0.470000 0.050000 0.011709
0.470000 0.060000 0.011355
0.470000 0.070000 0.011000
0.470000 0.080000 0.010646
0.470000 0.090000 0.010292
0.470000 0.100000 0.009937
0.470000 0.110000 0.009582
0.470000 0.120000 0.009227
0.470000 0.130000 0.008870
0.470000 0.140000 0.008513
0.470000 0.150000 0.008155
0.470000 0.160000 0.007794
0.470000 0.170000 0.007430
0.470000 0.180000 0.007208
0.470000 0.190000 0.006822
0.470000 0.200000 0.006472
0.470000 0.210000 0.006161
0.470000 0.220000 0.005821
0.470000 0.230000 0.005463
0.470000 0.240000 0.005107
0.470000 0.250000 0.004753
0.470000 0.260000 0.004399
0.470000 0.270000 0.004045
0.470000 0.280000 0.003690
0.470000 0.290000 0.003337
0.470000 0.300000 0.002983
0.470000 0.310000 0.002631
0.470000 0.320000 0.002281
0.470000 0.330000 0.001933
0.470000 0.340000 0.001586
0.470000 0.350000 0.001242
0.470000 0.360000 0.000898
0.470000 0.370000 0.000556
0.470000 0.380000 0.000219
0.470000 0.390000 -0.000118
0.470000 0.400000 -0.000541
0.470000 0.410000 -0.000867
0.470000 0.420000 -0.001085
0.470000 0.430000 -0.001740
0.470000 0.440000 0.000000
0.470000 0.450000 -0.002298
0.470000 0.460000 0.000000
0.470000 0.470000 0.000000
0.470000 0.480000 0.000000
0.470000 0.490000 0.000000
0.480000 0.000000 0.014109
0.480000 0.010000 0.013122
0.480000 0.020000 0.012772
0.480000 0.030000 0.012418
0.480000 0.040000 0.012063
0.480000 0.050000 0.011709
0.480000 0.060000 0.011355
0.480000 0.070000 0.011001
0.480000 0.080000 0.010646
0.480000 0.090000 0.010292
0.480000 0.100000 0.009937
0.480000 0.110000 0.009582
0.480000 0.120000 0.009226
0.480000 0.130000 0.008870
0.480000 0.140000 0.008513
0.480000 0.150000 0.008155
0.480000 0.160000 0.007796
0.480000 0.170000 0.007437
0.480000 0.180000 0.007162
0.480000 0.190000 0.006842
0.480000 0.200000 0.006502
0.480000 0.210000 0.006168
0.480000 0.220000 0.005816
0.480000 0.230000 0.005462
0.480000 0.240000 0.005108
0.480000 0.250000 0.004753
0.480000 0.260000 0.004399
0.480000 0.270000 0.004045
0.480000 0.280000 0.003691
0.480000 0.290000 0.003337
0.480000 0.300000 0.002984
0.480000 0.310000 0.002632
0.480000 0.320000 0.002282
0.480000 0.330000 0.001933
0.480000 0.340000 0.001587
0.480000 0.350000 0.001242
0.480000 0.360000 0.000899
0.480000 0.370000 0.000560
0.480000 0.380000 0.000225
0.480000 0.390000 -0.000099
0.480000 0.400000 -0.000549
0.480000 0.410000 -0.000766
0.480000 0.420000 -0.001135
0.480000 0.430000 -0.001571
0.480000 0.440000 -0.001648
0.480000 0.450000 -0.001746
0.480000 0.460000 0.000000
0.480000 0.470000 0.000000
0.480000 0.480000 0.000000
0.480000 0.490000 0.000000
0.490000 0.000000 0.014211
0.490000 0.010000 0.013095
0.490000 0.020000 0.012760
0.490000 0.030000 0.012413
0.490000 0.040000 0.012062
0.490000 0.050000 0.011709
0.490000 0.060000 0.011355
0.490000 0.070000 0.011001
0.490000 0.080000 0.010646
0.490000 0.090000 0.010292
0.490000 0.100000 0.009937
0.490000 0.110000 0.009582
0.490000 0.120000 0.009226
0.490000 0.130000 0.008870
0.490000 0.140000 0.008513
0.490000 0.150000 0.008156
0.490000 0.160000 0.007798
0.490000 0.170000 0.007442
0.490000 0.180000 0.007092
0.490000 0.190000 0.006925
0.490000 0.200000 0.006507
0.490000 0.210000 0.006163
0.490000 0.220000 0.005814
0.490000 0.230000 0.005461
0.490000 0.240000 0.005108
0.490000 0.250000 0.004753
0.490000 0.260000 0.004399
0.490000 0.270000 0.004045
0.490000 0.280000 0.003691
0.490000 0.290000 0.003337
0.490000 0.300000 0.002984
0.490000 0.310000 0.002632
0.490000 0.320000 0.002282
0.490000 0.330000 0.001934
0.490000 0.340000 0.001587
0.490000 0.350000 0.001243
0.490000 0.360000 0.000901
0.490000 0.370000 0.000560
0.490000 0.380000 0.000221
0.490000 0.390000 -0.000116
0.490000 0.400000 -0.000468
0.490000 0.410000 -0.000741
0.490000 0.420000 -0.001208
0.490000 0.430000 -0.001590
0.490000 0.440000 0.000000
0.490000 0.450000 -0.001735
0.490000 0.460000 0.000000
0.490000 0.470000 0.000000
0.490000 0.480000 0.000000
0.490000 0.490000 0.000000
