0.000000 0.000000 1.578045
0.000000 0.010000 0.581350
0.000000 0.020000 0.579540
0.000000 0.030000 0.000000
0.000000 0.040000 0.929990
0.000000 0.050000 0.929743
0.000000 0.060000 0.928262
0.000000 0.070000 0.927983
0.000000 0.080000 0.000000
0.000000 0.090000 0.002028
0.000000 0.100000 0.001470
0.000000 0.110000 0.001168
0.000000 0.120000 0.000000
0.000000 0.130000 0.000000
0.000000 0.140000 0.002834
0.000000 0.150000 0.002522
0.000000 0.160000 0.000000
0.000000 0.170000 0.015769
0.000000 0.180000 0.015710
0.000000 0.190000 0.000000
0.000000 0.200000 0.000000
0.000000 0.210000 0.000000
0.000000 0.220000 0.000000
0.000000 0.230000 0.000000
0.000000 0.240000 0.000000
0.000000 0.250000 0.000000
0.000000 0.260000 0.000000
0.000000 0.270000 0.230479
0.000000 0.280000 0.230657
0.000000 0.290000 0.230458
0.000000 0.300000 0.000000
0.000000 0.310000 0.000000
0.000000 0.320000 0.000000
0.000000 0.330000 0.001417
0.000000 0.340000 0.000000
0.000000 0.350000 0.000000
0.000000 0.360000 0.000000
0.000000 0.370000 -0.000946
0.000000 0.380000 -0.001434
0.000000 0.390000 0.000000
0.000000 0.400000 0.000000
0.000000 0.410000 0.008693
0.000000 0.420000 0.000000
0.000000 0.430000 0.000000
0.000000 0.440000 0.001073
0.000000 0.450000 0.000000
0.000000 0.460000 0.000000
0.000000 0.470000 -114.341188
0.000000 0.480000 -84.128345
0.000000 0.490000 91.986415
0.010000 0.000000 1.043005
0.010000 0.010000 0.841588
0.010000 0.020000 0.000000
0.010000 0.030000 0.000000
0.010000 0.040000 0.929799
0.010000 0.050000 0.926982
0.010000 0.060000 0.000000
0.010000 0.070000 0.000000
0.010000 0.080000 0.003153
0.010000 0.090000 0.002043
0.010000 0.100000 0.000950
0.010000 0.110000 0.000617
0.010000 0.120000 0.000383
0.010000 0.130000 0.000140
0.010000 0.140000 0.000000
0.010000 0.150000 -0.000215
0.010000 0.160000 -0.002372
0.010000 0.170000 0.000000
0.010000 0.180000 0.000000
0.010000 0.190000 0.000000
0.010000 0.200000 0.000000
0.010000 0.210000 0.000000
0.010000 0.220000 0.000000
0.010000 0.230000 0.000000
0.010000 0.240000 0.000000
0.010000 0.250000 0.000000
0.010000 0.260000 0.000000
0.010000 0.270000 0.000000
0.010000 0.280000 0.000000
0.010000 0.290000 0.000000
0.010000 0.300000 0.000000
0.010000 0.310000 0.000000
0.010000 0.320000 0.001052
0.010000 0.330000 0.000000
0.010000 0.340000 0.000000
0.010000 0.350000 0.000377
0.010000 0.360000 0.000000
0.010000 0.370000 0.000000
0.010000 0.380000 -0.001588
0.010000 0.390000 -0.001771
0.010000 0.400000 -0.001809
0.010000 0.410000 0.003287
0.010000 0.420000 0.000000
0.010000 0.430000 0.001034
0.010000 0.440000 0.000859
0.010000 0.450000 0.000000
0.010000 0.460000 0.000000
0.010000 0.470000 0.000000
0.010000 0.480000 -161.385437
0.010000 0.490000 118.874914
0.020000 0.000000 0.975090
0.020000 0.010000 0.903826
0.020000 0.020000 0.000000
0.020000 0.030000 0.000000
0.020000 0.040000 0.930070
0.020000 0.050000 0.000000
0.020000 0.060000 0.000000
0.020000 0.070000 0.000000
0.020000 0.080000 0.000000
0.020000 0.090000 0.000000
0.020000 0.100000 0.000000
0.020000 0.110000 -0.000464
0.020000 0.120000 0.000000
0.020000 0.130000 0.000000
0.020000 0.140000 0.000000
0.020000 0.150000 0.000000
0.020000 0.160000 0.000000
0.020000 0.170000 0.000000
0.020000 0.180000 0.000000
0.020000 0.190000 0.000000
0.020000 0.200000 0.000000
0.020000 0.210000 0.000000
0.020000 0.220000 0.000000
0.020000 0.230000 0.000000
0.020000 0.240000 0.000000
0.020000 0.250000 0.000000
0.020000 0.260000 0.000000
0.020000 0.270000 0.000000
0.020000 0.280000 0.000000
0.020000 0.290000 0.000000
0.020000 0.300000 0.000000
0.020000 0.310000 0.000000
0.020000 0.320000 0.000000
0.020000 0.330000 0.000000
0.020000 0.340000 0.000000
0.020000 0.350000 0.000000
0.020000 0.360000 0.000000
0.020000 0.370000 0.000000
0.020000 0.380000 -0.001402
0.020000 0.390000 0.000000
0.020000 0.400000 0.000000
0.020000 0.410000 0.000000
0.020000 0.420000 0.000000
0.020000 0.430000 0.000000
0.020000 0.440000 0.000859
0.020000 0.450000 0.000000
0.020000 0.460000 0.000000
0.020000 0.470000 0.000000
0.020000 0.480000 -68.567233
0.020000 0.490000 26.056710
0.030000 0.000000 0.000000
0.030000 0.010000 0.000000
0.030000 0.020000 0.000000
0.030000 0.030000 0.000000
0.030000 0.040000 0.000000
0.030000 0.050000 0.000000
0.030000 0.060000 0.000000
0.030000 0.070000 0.008342
0.030000 0.080000 0.000000
0.030000 0.090000 0.000000
0.030000 0.100000 0.000000
0.030000 0.110000 -0.000459
0.030000 0.120000 0.000000
0.030000 0.130000 0.000000
0.030000 0.140000 0.000000
0.030000 0.150000 0.000000
0.030000 0.160000 0.000000
0.030000 0.170000 0.000000
0.030000 0.180000 0.000000
0.030000 0.190000 0.000000
0.030000 0.200000 0.000000
0.030000 0.210000 0.000000
0.030000 0.220000 0.000000
0.030000 0.230000 0.000000
0.030000 0.240000 0.000000
0.030000 0.250000 0.000000
0.030000 0.260000 0.000000
0.030000 0.270000 0.000530
0.030000 0.280000 0.000000
0.030000 0.290000 0.000000
0.030000 0.300000 0.000000
0.030000 0.310000 0.000000
0.030000 0.320000 0.000000
0.030000 0.330000 0.000000
0.030000 0.340000 0.000000
0.030000 0.350000 0.000000
0.030000 0.360000 0.000000
0.030000 0.370000 0.000000
0.030000 0.380000 -0.001263
0.030000 0.390000 0.000000
0.030000 0.400000 0.000000
0.030000 0.410000 0.000000
0.030000 0.420000 0.000000
0.030000 0.430000 0.000000
0.030000 0.440000 0.000000
0.030000 0.450000 0.000000
0.030000 0.460000 0.000000
0.030000 0.470000 0.000000
0.030000 0.480000 -68.567233
0.030000 0.490000 0.000000
0.040000 0.000000 0.655628
0.040000 0.010000 0.000000
0.040000 0.020000 0.000000
0.040000 0.030000 0.000000
0.040000 0.040000 0.000000
0.040000 0.050000 0.000000
0.040000 0.060000 0.000000
0.040000 0.070000 0.008327
0.040000 0.080000 0.002689
0.040000 0.090000 -0.004068
0.040000 0.100000 0.000000
0.040000 0.110000 -0.000459
0.040000 0.120000 -0.001807
0.040000 0.130000 0.000000
0.040000 0.140000 0.000000
0.040000 0.150000 0.000000
0.040000 0.160000 0.000000
0.040000 0.170000 0.000000
0.040000 0.180000 0.000000
0.040000 0.190000 0.000000
0.040000 0.200000 0.003565
0.040000 0.210000 0.000000
0.040000 0.220000 0.000000
0.040000 0.230000 0.000000
0.040000 0.240000 0.000000
0.040000 0.250000 0.000000
0.040000 0.260000 0.000000
0.040000 0.270000 0.000000
0.040000 0.280000 0.000000
0.040000 0.290000 0.000000
0.040000 0.300000 0.000000
0.040000 0.310000 0.000000
0.040000 0.320000 0.000000
0.040000 0.330000 0.000000
0.040000 0.340000 0.000000
0.040000 0.350000 0.000000
0.040000 0.360000 0.000000
0.040000 0.370000 0.000000
0.040000 0.380000 0.000000
0.040000 0.390000 0.000000
0.040000 0.400000 0.000000
0.040000 0.410000 0.000000
0.040000 0.420000 0.000000
0.040000 0.430000 0.000000
0.040000 0.440000 0.000000
0.040000 0.450000 0.000000
0.040000 0.460000 0.000000
0.040000 0.470000 0.000000
0.040000 0.480000 0.000000
0.040000 0.490000 0.000000
0.050000 0.000000 0.654295
0.050000 0.010000 0.652856
0.050000 0.020000 0.000000
0.050000 0.030000 0.000000
0.050000 0.040000 0.000000
0.050000 0.050000 0.018904
0.050000 0.060000 0.018678
0.050000 0.070000 0.000000
0.050000 0.080000 0.000000
0.050000 0.090000 -0.007203
0.050000 0.100000 0.000000
0.050000 0.110000 -0.001056
0.050000 0.120000 0.000000
0.050000 0.130000 0.000000
0.050000 0.140000 0.000000
0.050000 0.150000 0.000000
0.050000 0.160000 0.000000
0.050000 0.170000 0.000000
0.050000 0.180000 0.000000
0.050000 0.190000 0.002386
0.050000 0.200000 0.001944
0.050000 0.210000 0.001634
0.050000 0.220000 0.000000
0.050000 0.230000 0.000000
0.050000 0.240000 0.000000
0.050000 0.250000 0.000000
0.050000 0.260000 0.000000
0.050000 0.270000 0.000000
0.050000 0.280000 0.000000
0.050000 0.290000 0.000000
0.050000 0.300000 0.000000
0.050000 0.310000 0.000000
0.050000 0.320000 0.000000
0.050000 0.330000 0.000000
0.050000 0.340000 0.000000
0.050000 0.350000 0.000000
0.050000 0.360000 0.000000
0.050000 0.370000 0.000000
0.050000 0.380000 0.000000
0.050000 0.390000 0.000000
0.050000 0.400000 0.000000
0.050000 0.410000 0.000000
0.050000 0.420000 0.012670
0.050000 0.430000 0.000000
0.050000 0.440000 0.000000
0.050000 0.450000 0.000000
0.050000 0.460000 0.000000
0.050000 0.470000 0.000000
0.050000 0.480000 0.000000
0.050000 0.490000 0.009388
0.060000 0.000000 0.649608
0.060000 0.010000 0.648646
0.060000 0.020000 0.000000
0.060000 0.030000 0.000000
0.060000 0.040000 0.000328
0.060000 0.050000 0.000000
0.060000 0.060000 0.018678
0.060000 0.070000 0.018076
0.060000 0.080000 0.016192
0.060000 0.090000 0.000000
0.060000 0.100000 0.000000
0.060000 0.110000 0.000000
0.060000 0.120000 0.000000
0.060000 0.130000 0.000000
0.060000 0.140000 0.000000
0.060000 0.150000 0.000000
0.060000 0.160000 0.000000
0.060000 0.170000 0.000000
0.060000 0.180000 0.003250
0.060000 0.190000 0.000557
0.060000 0.200000 0.000786
0.060000 0.210000 0.000703
0.060000 0.220000 0.000000
0.060000 0.230000 0.000000
0.060000 0.240000 0.000147
0.060000 0.250000 0.000000
0.060000 0.260000 0.000000
0.060000 0.270000 0.000000
0.060000 0.280000 0.000000
0.060000 0.290000 0.000000
0.060000 0.300000 0.000000
0.060000 0.310000 0.000000
0.060000 0.320000 0.000000
0.060000 0.330000 0.000000
0.060000 0.340000 0.000000
0.060000 0.350000 0.000000
0.060000 0.360000 0.000000
0.060000 0.370000 0.000000
0.060000 0.380000 0.000000
0.060000 0.390000 0.000000
0.060000 0.400000 0.000000
0.060000 0.410000 0.000000
0.060000 0.420000 0.004808
0.060000 0.430000 0.000000
0.060000 0.440000 0.000000
0.060000 0.450000 0.000000
0.060000 0.460000 0.000000
0.060000 0.470000 0.000000
0.060000 0.480000 0.000000
0.060000 0.490000 0.008263
0.070000 0.000000 0.000000
0.070000 0.010000 0.648473
0.070000 0.020000 0.648090
0.070000 0.030000 0.000000
0.070000 0.040000 0.000333
0.070000 0.050000 0.000000
0.070000 0.060000 0.000000
0.070000 0.070000 0.000000
0.070000 0.080000 0.010570
0.070000 0.090000 0.010254
0.070000 0.100000 0.000000
0.070000 0.110000 0.000000
0.070000 0.120000 0.000000
0.070000 0.130000 0.000000
0.070000 0.140000 0.000000
0.070000 0.150000 0.000704
0.070000 0.160000 0.000000
0.070000 0.170000 0.000000
0.070000 0.180000 0.003697
0.070000 0.190000 0.000000
0.070000 0.200000 0.000000
0.070000 0.210000 0.000000
0.070000 0.220000 0.000000
0.070000 0.230000 0.000000
0.070000 0.240000 0.000142
0.070000 0.250000 0.000000
0.070000 0.260000 0.000000
0.070000 0.270000 0.000000
0.070000 0.280000 0.000000
0.070000 0.290000 0.000000
0.070000 0.300000 0.000000
0.070000 0.310000 0.000000
0.070000 0.320000 0.000000
0.070000 0.330000 0.000000
0.070000 0.340000 0.000000
0.070000 0.350000 0.000000
0.070000 0.360000 0.000000
0.070000 0.370000 0.000000
0.070000 0.380000 0.000000
0.070000 0.390000 0.000000
0.070000 0.400000 0.000000
0.070000 0.410000 0.000000
0.070000 0.420000 0.000000
0.070000 0.430000 0.000000
0.070000 0.440000 0.000000
0.070000 0.450000 0.000000
0.070000 0.460000 0.000000
0.070000 0.470000 0.000000
0.070000 0.480000 0.000000
0.070000 0.490000 0.008263
0.080000 0.000000 0.651085
0.080000 0.010000 0.647657
0.080000 0.020000 0.000000
0.080000 0.030000 0.000000
0.080000 0.040000 0.000000
0.080000 0.050000 0.000000
0.080000 0.060000 0.000000
0.080000 0.070000 0.000000
0.080000 0.080000 0.000000
0.080000 0.090000 0.009779
0.080000 0.100000 0.000000
0.080000 0.110000 0.000000
0.080000 0.120000 0.000000
0.080000 0.130000 0.004669
0.080000 0.140000 0.000234
0.080000 0.150000 -0.000117
0.080000 0.160000 0.000000
0.080000 0.170000 0.001436
0.080000 0.180000 0.001036
0.080000 0.190000 0.000847
0.080000 0.200000 0.000099
0.080000 0.210000 0.000000
0.080000 0.220000 0.000000
0.080000 0.230000 0.000000
0.080000 0.240000 0.000142
0.080000 0.250000 0.000000
0.080000 0.260000 0.000000
0.080000 0.270000 0.000000
0.080000 0.280000 0.000000
0.080000 0.290000 0.000000
0.080000 0.300000 0.000000
0.080000 0.310000 0.000000
0.080000 0.320000 0.000000
0.080000 0.330000 0.000000
0.080000 0.340000 0.000000
0.080000 0.350000 0.000000
0.080000 0.360000 0.000000
0.080000 0.370000 0.000000
0.080000 0.380000 0.000000
0.080000 0.390000 0.000000
0.080000 0.400000 0.000000
0.080000 0.410000 0.000000
0.080000 0.420000 0.000000
0.080000 0.430000 0.000000
0.080000 0.440000 0.000000
0.080000 0.450000 0.000000
0.080000 0.460000 0.000000
0.080000 0.470000 0.000000
0.080000 0.480000 0.000000
0.080000 0.490000 0.006883
0.090000 0.000000 0.000000
0.090000 0.010000 0.641927
0.090000 0.020000 0.640598
0.090000 0.030000 0.000000
0.090000 0.040000 0.000000
0.090000 0.050000 0.000000
0.090000 0.060000 0.000000
0.090000 0.070000 0.000000
0.090000 0.080000 0.000000
0.090000 0.090000 0.008037
0.090000 0.100000 0.006488
0.090000 0.110000 0.000000
0.090000 0.120000 0.000000
0.090000 0.130000 0.000000
0.090000 0.140000 0.000000
0.090000 0.150000 0.000000
0.090000 0.160000 0.000000
0.090000 0.170000 0.000000
0.090000 0.180000 0.000084
0.090000 0.190000 -0.000120
0.090000 0.200000 -0.000244
0.090000 0.210000 0.000000
0.090000 0.220000 0.001645
0.090000 0.230000 0.000000
0.090000 0.240000 0.000193
0.090000 0.250000 0.000000
0.090000 0.260000 0.000000
0.090000 0.270000 0.000000
0.090000 0.280000 0.002869
0.090000 0.290000 0.002697
0.090000 0.300000 0.000667
0.090000 0.310000 0.000000
0.090000 0.320000 0.000000
0.090000 0.330000 0.000000
0.090000 0.340000 0.000000
0.090000 0.350000 0.000000
0.090000 0.360000 0.000000
0.090000 0.370000 0.000000
0.090000 0.380000 0.000000
0.090000 0.390000 0.000299
0.090000 0.400000 0.000000
0.090000 0.410000 0.000000
0.090000 0.420000 0.000000
0.090000 0.430000 0.000000
0.090000 0.440000 0.000000
0.090000 0.450000 0.000000
0.090000 0.460000 0.000000
0.090000 0.470000 0.000000
0.090000 0.480000 0.000000
0.090000 0.490000 0.000000
0.100000 0.000000 0.000000
0.100000 0.010000 0.630098
0.100000 0.020000 0.000000
0.100000 0.030000 0.628648
0.100000 0.040000 0.628923
0.100000 0.050000 0.000000
0.100000 0.060000 0.000000
0.100000 0.070000 0.000000
0.100000 0.080000 0.000000
0.100000 0.090000 0.007994
0.100000 0.100000 0.006562
0.100000 0.110000 0.006171
0.100000 0.120000 0.004511
0.100000 0.130000 0.004118
0.100000 0.140000 0.000000
0.100000 0.150000 -0.004471
0.100000 0.160000 0.000000
0.100000 0.170000 -0.009095
0.100000 0.180000 0.000000
0.100000 0.190000 -0.001316
0.100000 0.200000 0.000000
0.100000 0.210000 0.000000
0.100000 0.220000 0.000000
0.100000 0.230000 0.000000
0.100000 0.240000 0.000000
0.100000 0.250000 0.001126
0.100000 0.260000 0.000430
0.100000 0.270000 0.000000
0.100000 0.280000 0.000000
0.100000 0.290000 0.000000
0.100000 0.300000 -0.001133
0.100000 0.310000 -0.002231
0.100000 0.320000 0.000000
0.100000 0.330000 0.000000
0.100000 0.340000 0.000000
0.100000 0.350000 0.000000
0.100000 0.360000 0.000000
0.100000 0.370000 0.000000
0.100000 0.380000 0.000000
0.100000 0.390000 0.000000
0.100000 0.400000 0.000000
0.100000 0.410000 0.000000
0.100000 0.420000 0.000000
0.100000 0.430000 0.000000
0.100000 0.440000 0.000000
0.100000 0.450000 0.000000
0.100000 0.460000 0.000000
0.100000 0.470000 0.000000
0.100000 0.480000 0.000000
0.100000 0.490000 0.000000
0.110000 0.000000 0.651436
0.110000 0.010000 0.628303
0.110000 0.020000 0.626724
0.110000 0.030000 0.627871
0.110000 0.040000 0.629592
0.110000 0.050000 0.000000
0.110000 0.060000 -0.000030
0.110000 0.070000 0.000000
0.110000 0.080000 0.000000
0.110000 0.090000 0.006362
0.110000 0.100000 0.007417
0.110000 0.110000 0.005959
0.110000 0.120000 0.000000
0.110000 0.130000 -0.003488
0.110000 0.140000 -0.004404
0.110000 0.150000 -0.009622
0.110000 0.160000 -0.010048
0.110000 0.170000 -0.009841
0.110000 0.180000 0.000000
0.110000 0.190000 0.000000
0.110000 0.200000 0.000000
0.110000 0.210000 0.000000
0.110000 0.220000 0.000000
0.110000 0.230000 0.000000
0.110000 0.240000 0.000000
0.110000 0.250000 -0.000246
0.110000 0.260000 -0.000092
0.110000 0.270000 0.000000
0.110000 0.280000 0.000000
0.110000 0.290000 0.000000
0.110000 0.300000 0.000000
0.110000 0.310000 0.000000
0.110000 0.320000 0.000000
0.110000 0.330000 0.000000
0.110000 0.340000 0.000000
0.110000 0.350000 0.000000
0.110000 0.360000 0.000000
0.110000 0.370000 0.000000
0.110000 0.380000 0.000000
0.110000 0.390000 0.000000
0.110000 0.400000 0.000000
0.110000 0.410000 0.000000
0.110000 0.420000 0.000000
0.110000 0.430000 0.000000
0.110000 0.440000 0.000000
0.110000 0.450000 0.000000
0.110000 0.460000 0.000000
0.110000 0.470000 0.000000
0.110000 0.480000 0.000000
0.110000 0.490000 0.000000
0.120000 0.000000 0.647341
0.120000 0.010000 0.622596
0.120000 0.020000 0.623981
0.120000 0.030000 0.626718
0.120000 0.040000 0.629763
0.120000 0.050000 0.000000
0.120000 0.060000 0.000000
0.120000 0.070000 0.000000
0.120000 0.080000 0.000000
0.120000 0.090000 0.006354
0.120000 0.100000 0.000000
0.120000 0.110000 0.000000
0.120000 0.120000 0.000000
0.120000 0.130000 -0.004075
0.120000 0.140000 0.000000
0.120000 0.150000 -0.010003
0.120000 0.160000 0.000000
0.120000 0.170000 -0.010409
0.120000 0.180000 0.000000
0.120000 0.190000 0.003927
0.120000 0.200000 0.003781
0.120000 0.210000 0.000000
0.120000 0.220000 0.000368
0.120000 0.230000 0.000000
0.120000 0.240000 0.000000
0.120000 0.250000 0.000000
0.120000 0.260000 0.000000
0.120000 0.270000 0.000000
0.120000 0.280000 0.000538
0.120000 0.290000 0.000480
0.120000 0.300000 0.000000
0.120000 0.310000 0.001265
0.120000 0.320000 0.000000
0.120000 0.330000 0.000000
0.120000 0.340000 0.000000
0.120000 0.350000 0.000000
0.120000 0.360000 0.000000
0.120000 0.370000 0.000000
0.120000 0.380000 0.000000
0.120000 0.390000 0.000000
0.120000 0.400000 0.000000
0.120000 0.410000 0.000000
0.120000 0.420000 0.000000
0.120000 0.430000 0.000000
0.120000 0.440000 0.000000
0.120000 0.450000 0.000000
0.120000 0.460000 0.001796
0.120000 0.470000 0.000000
0.120000 0.480000 0.000000
0.120000 0.490000 0.000000
0.130000 0.000000 0.640899
0.130000 0.010000 0.625255
0.130000 0.020000 0.000000
0.130000 0.030000 0.000000
0.130000 0.040000 0.629491
0.130000 0.050000 0.000000
0.130000 0.060000 0.000000
0.130000 0.070000 0.000000
0.130000 0.080000 -0.017757
0.130000 0.090000 0.000000
0.130000 0.100000 0.000000
0.130000 0.110000 0.000000
0.130000 0.120000 -0.004667
0.130000 0.130000 -0.004784
0.130000 0.140000 0.000000
0.130000 0.150000 0.000000
0.130000 0.160000 0.000000
0.130000 0.170000 0.000000
0.130000 0.180000 0.000000
0.130000 0.190000 0.003925
0.130000 0.200000 0.000000
0.130000 0.210000 0.000000
0.130000 0.220000 0.000000
0.130000 0.230000 0.000000
0.130000 0.240000 0.001291
0.130000 0.250000 0.001108
0.130000 0.260000 0.000000
0.130000 0.270000 0.000723
0.130000 0.280000 0.000550
0.130000 0.290000 0.000479
0.130000 0.300000 0.000000
0.130000 0.310000 0.000000
0.130000 0.320000 0.000000
0.130000 0.330000 0.000000
0.130000 0.340000 0.000000
0.130000 0.350000 0.000000
0.130000 0.360000 0.000000
0.130000 0.370000 0.000000
0.130000 0.380000 0.000000
0.130000 0.390000 0.000000
0.130000 0.400000 0.000000
0.130000 0.410000 0.000000
0.130000 0.420000 0.000000
0.130000 0.430000 0.000000
0.130000 0.440000 0.000000
0.130000 0.450000 0.000000
0.130000 0.460000 0.001796
0.130000 0.470000 0.000000
0.130000 0.480000 0.000000
0.130000 0.490000 0.000000
0.140000 0.000000 0.000000
0.140000 0.010000 0.617951
0.140000 0.020000 0.000000
0.140000 0.030000 0.627974
0.140000 0.040000 0.628614
0.140000 0.050000 0.000000
0.140000 0.060000 0.000000
0.140000 0.070000 0.000000
0.140000 0.080000 -0.017757
0.140000 0.090000 0.000000
0.140000 0.100000 0.000000
0.140000 0.110000 -0.002493
0.140000 0.120000 -0.004742
0.140000 0.130000 -0.006195
0.140000 0.140000 -0.007440
0.140000 0.150000 0.000000
0.140000 0.160000 0.000000
0.140000 0.170000 0.000000
0.140000 0.180000 0.000000
0.140000 0.190000 0.000000
0.140000 0.200000 0.007339
0.140000 0.210000 0.000000
0.140000 0.220000 0.000000
0.140000 0.230000 0.000000
0.140000 0.240000 -0.000035
0.140000 0.250000 0.000000
0.140000 0.260000 0.000000
0.140000 0.270000 0.000000
0.140000 0.280000 0.000290
0.140000 0.290000 0.000015
0.140000 0.300000 -0.000562
0.140000 0.310000 0.000000
0.140000 0.320000 0.000000
0.140000 0.330000 0.000000
0.140000 0.340000 -0.000009
0.140000 0.350000 0.000000
0.140000 0.360000 0.000000
0.140000 0.370000 0.000000
0.140000 0.380000 0.000000
0.140000 0.390000 0.000000
0.140000 0.400000 0.000000
0.140000 0.410000 0.000000
0.140000 0.420000 0.000000
0.140000 0.430000 0.000000
0.140000 0.440000 0.000000
0.140000 0.450000 0.000000
0.140000 0.460000 -0.001796
0.140000 0.470000 0.000000
0.140000 0.480000 0.000000
0.140000 0.490000 0.000000
0.150000 0.000000 0.633133
0.150000 0.010000 0.617341
0.150000 0.020000 0.000000
0.150000 0.030000 0.623699
0.150000 0.040000 0.000000
0.150000 0.050000 0.000000
0.150000 0.060000 0.000000
0.150000 0.070000 0.000000
0.150000 0.080000 0.000000
0.150000 0.090000 -0.000745
0.150000 0.100000 -0.001679
0.150000 0.110000 -0.003031
0.150000 0.120000 -0.004204
0.150000 0.130000 0.000000
0.150000 0.140000 0.000000
0.150000 0.150000 0.005524
0.150000 0.160000 0.000000
0.150000 0.170000 0.000000
0.150000 0.180000 0.000000
0.150000 0.190000 0.007459
0.150000 0.200000 0.007339
0.150000 0.210000 0.000000
0.150000 0.220000 0.000000
0.150000 0.230000 0.000000
0.150000 0.240000 -0.000035
0.150000 0.250000 -0.001038
0.150000 0.260000 0.000000
0.150000 0.270000 0.000000
0.150000 0.280000 0.000000
0.150000 0.290000 0.000000
0.150000 0.300000 0.000000
0.150000 0.310000 0.000000
0.150000 0.320000 0.000000
0.150000 0.330000 0.000000
0.150000 0.340000 0.000000
0.150000 0.350000 0.000000
0.150000 0.360000 0.001163
0.150000 0.370000 0.000000
0.150000 0.380000 0.000000
0.150000 0.390000 0.000000
0.150000 0.400000 0.000000
0.150000 0.410000 0.001361
0.150000 0.420000 0.000000
0.150000 0.430000 0.000000
0.150000 0.440000 0.000000
0.150000 0.450000 0.000000
0.150000 0.460000 0.000000
0.150000 0.470000 0.000000
0.150000 0.480000 0.000000
0.150000 0.490000 0.000000
0.160000 0.000000 0.633861
0.160000 0.010000 0.617733
0.160000 0.020000 0.000000
0.160000 0.030000 0.622538
0.160000 0.040000 0.623025
0.160000 0.050000 0.625169
0.160000 0.060000 0.624689
0.160000 0.070000 0.000000
0.160000 0.080000 -0.001158
0.160000 0.090000 -0.000210
0.160000 0.100000 -0.000111
0.160000 0.110000 0.000000
0.160000 0.120000 -0.004204
0.160000 0.130000 -0.004397
0.160000 0.140000 0.000000
0.160000 0.150000 0.004986
0.160000 0.160000 0.004652
0.160000 0.170000 0.000000
0.160000 0.180000 0.000000
0.160000 0.190000 0.000000
0.160000 0.200000 0.006780
0.160000 0.210000 0.000000
0.160000 0.220000 0.000000
0.160000 0.230000 0.000000
0.160000 0.240000 0.000000
0.160000 0.250000 0.000000
0.160000 0.260000 0.000000
0.160000 0.270000 0.000000
0.160000 0.280000 0.000000
0.160000 0.290000 0.000000
0.160000 0.300000 0.000000
0.160000 0.310000 0.000000
0.160000 0.320000 0.000000
0.160000 0.330000 0.000000
0.160000 0.340000 0.000000
0.160000 0.350000 0.000000
0.160000 0.360000 -0.000074
0.160000 0.370000 0.000074
0.160000 0.380000 0.000000
0.160000 0.390000 0.000000
0.160000 0.400000 0.000000
0.160000 0.410000 -0.000000
0.160000 0.420000 0.000000
0.160000 0.430000 0.000000
0.160000 0.440000 0.000000
0.160000 0.450000 0.000000
0.160000 0.460000 0.000000
0.160000 0.470000 0.000000
0.160000 0.480000 0.000000
0.160000 0.490000 0.001231
0.170000 0.000000 0.631379
0.170000 0.010000 0.608159
0.170000 0.020000 0.000000
0.170000 0.030000 0.621076
0.170000 0.040000 0.621955
0.170000 0.050000 0.000000
0.170000 0.060000 0.624691
0.170000 0.070000 0.000000
0.170000 0.080000 0.000000
0.170000 0.090000 0.000000
0.170000 0.100000 0.003733
0.170000 0.110000 0.000000
0.170000 0.120000 0.000000
0.170000 0.130000 -0.004596
0.170000 0.140000 0.000000
0.170000 0.150000 0.000000
0.170000 0.160000 0.000000
0.170000 0.170000 0.000000
0.170000 0.180000 0.000000
0.170000 0.190000 0.006578
0.170000 0.200000 0.006467
0.170000 0.210000 0.006107
0.170000 0.220000 0.000000
0.170000 0.230000 0.000000
0.170000 0.240000 0.000000
0.170000 0.250000 0.000000
0.170000 0.260000 0.000000
0.170000 0.270000 0.000000
0.170000 0.280000 0.000000
0.170000 0.290000 0.000000
0.170000 0.300000 0.000000
0.170000 0.310000 0.000000
0.170000 0.320000 0.000000
0.170000 0.330000 0.000000
0.170000 0.340000 0.000000
0.170000 0.350000 0.000000
0.170000 0.360000 0.000000
0.170000 0.370000 0.000000
0.170000 0.380000 0.000890
0.170000 0.390000 0.000650
0.170000 0.400000 0.000000
0.170000 0.410000 0.000000
0.170000 0.420000 0.000000
0.170000 0.430000 0.003484
0.170000 0.440000 0.000000
0.170000 0.450000 0.000000
0.170000 0.460000 0.000000
0.170000 0.470000 0.000000
0.170000 0.480000 0.000000
0.170000 0.490000 0.000000
0.180000 0.000000 0.624116
0.180000 0.010000 0.613047
0.180000 0.020000 0.000000
0.180000 0.030000 0.623170
0.180000 0.040000 0.000000
0.180000 0.050000 0.000000
0.180000 0.060000 0.000000
0.180000 0.070000 0.000000
0.180000 0.080000 0.000000
0.180000 0.090000 0.000000
0.180000 0.100000 0.000000
0.180000 0.110000 0.000000
0.180000 0.120000 -0.004437
0.180000 0.130000 -0.004809
0.180000 0.140000 -0.005244
0.180000 0.150000 0.000000
0.180000 0.160000 0.000000
0.180000 0.170000 0.000000
0.180000 0.180000 0.000000
0.180000 0.190000 0.000000
0.180000 0.200000 0.000000
0.180000 0.210000 0.000000
0.180000 0.220000 0.000000
0.180000 0.230000 0.000000
0.180000 0.240000 0.000000
0.180000 0.250000 0.000000
0.180000 0.260000 0.000000
0.180000 0.270000 0.000000
0.180000 0.280000 0.001066
0.180000 0.290000 0.000000
0.180000 0.300000 0.000000
0.180000 0.310000 0.000000
0.180000 0.320000 0.000000
0.180000 0.330000 0.000000
0.180000 0.340000 0.000000
0.180000 0.350000 0.000000
0.180000 0.360000 0.000000
0.180000 0.370000 0.000000
0.180000 0.380000 -0.000027
0.180000 0.390000 0.000000
0.180000 0.400000 0.000000
0.180000 0.410000 0.000000
0.180000 0.420000 0.000000
0.180000 0.430000 0.000000
0.180000 0.440000 0.000000
0.180000 0.450000 0.000000
0.180000 0.460000 0.000000
0.180000 0.470000 0.000000
0.180000 0.480000 0.000000
0.180000 0.490000 0.000000
0.190000 0.000000 0.621519
0.190000 0.010000 0.613021
0.190000 0.020000 0.612684
0.190000 0.030000 0.000000
0.190000 0.040000 0.000000
0.190000 0.050000 0.000000
0.190000 0.060000 0.000000
0.190000 0.070000 0.000000
0.190000 0.080000 0.000000
0.190000 0.090000 0.000000
0.190000 0.100000 0.000000
0.190000 0.110000 0.000000
0.190000 0.120000 0.000000
0.190000 0.130000 -0.004622
0.190000 0.140000 -0.005367
0.190000 0.150000 0.000000
0.190000 0.160000 0.000000
0.190000 0.170000 0.000000
0.190000 0.180000 0.000000
0.190000 0.190000 0.000000
0.190000 0.200000 0.000000
0.190000 0.210000 0.000000
0.190000 0.220000 -0.003629
0.190000 0.230000 -0.003750
0.190000 0.240000 0.000000
0.190000 0.250000 0.000000
0.190000 0.260000 0.000000
0.190000 0.270000 0.000000
0.190000 0.280000 0.000000
0.190000 0.290000 0.000000
0.190000 0.300000 0.587889
0.190000 0.310000 0.000000
0.190000 0.320000 0.000000
0.190000 0.330000 0.000000
0.190000 0.340000 0.000000
0.190000 0.350000 0.001140
0.190000 0.360000 0.000000
0.190000 0.370000 0.000000
0.190000 0.380000 -0.000624
0.190000 0.390000 0.000000
0.190000 0.400000 0.000000
0.190000 0.410000 0.002723
0.190000 0.420000 0.000000
0.190000 0.430000 0.000000
0.190000 0.440000 0.000000
0.190000 0.450000 0.000000
0.190000 0.460000 0.000000
0.190000 0.470000 0.000000
0.190000 0.480000 0.000000
0.190000 0.490000 0.000000
0.200000 0.000000 0.619328
0.200000 0.010000 0.614673
0.200000 0.020000 0.613106
0.200000 0.030000 0.000000
0.200000 0.040000 0.000000
0.200000 0.050000 0.614976
0.200000 0.060000 0.614022
0.200000 0.070000 0.000000
0.200000 0.080000 0.000000
0.200000 0.090000 0.000000
0.200000 0.100000 0.000000
0.200000 0.110000 0.000000
0.200000 0.120000 0.000000
0.200000 0.130000 0.000000
0.200000 0.140000 0.000000
0.200000 0.150000 0.000000
0.200000 0.160000 0.000000
0.200000 0.170000 0.000000
0.200000 0.180000 0.000000
0.200000 0.190000 0.000000
0.200000 0.200000 0.003889
0.200000 0.210000 0.003465
0.200000 0.220000 0.000000
0.200000 0.230000 0.000000
0.200000 0.240000 0.000000
0.200000 0.250000 0.000000
0.200000 0.260000 0.009575
0.200000 0.270000 0.009402
0.200000 0.280000 0.000000
0.200000 0.290000 0.000000
0.200000 0.300000 0.587186
0.200000 0.310000 0.000000
0.200000 0.320000 0.000000
0.200000 0.330000 0.000000
0.200000 0.340000 0.000000
0.200000 0.350000 0.000000
0.200000 0.360000 0.000000
0.200000 0.370000 0.000000
0.200000 0.380000 0.000000
0.200000 0.390000 0.000000
0.200000 0.400000 0.000000
0.200000 0.410000 0.002260
0.200000 0.420000 0.000000
0.200000 0.430000 0.000000
0.200000 0.440000 0.000000
0.200000 0.450000 0.000000
0.200000 0.460000 0.000340
0.200000 0.470000 0.000053
0.200000 0.480000 0.000000
0.200000 0.490000 0.000000
0.210000 0.000000 0.622323
0.210000 0.010000 0.615509
0.210000 0.020000 0.613299
0.210000 0.030000 0.611636
0.210000 0.040000 0.611721
0.210000 0.050000 0.613547
0.210000 0.060000 0.000000
0.210000 0.070000 0.000000
0.210000 0.080000 0.000000
0.210000 0.090000 0.000000
0.210000 0.100000 0.000000
0.210000 0.110000 0.000000
0.210000 0.120000 0.000000
0.210000 0.130000 0.000000
0.210000 0.140000 0.000000
0.210000 0.150000 0.000000
0.210000 0.160000 0.000000
0.210000 0.170000 -0.008920
0.210000 0.180000 -0.008407
0.210000 0.190000 -0.008429
0.210000 0.200000 0.000000
0.210000 0.210000 0.000000
0.210000 0.220000 0.000000
0.210000 0.230000 0.000000
0.210000 0.240000 0.000000
0.210000 0.250000 0.000000
0.210000 0.260000 0.009575
0.210000 0.270000 0.000000
0.210000 0.280000 0.588251
0.210000 0.290000 0.000000
0.210000 0.300000 0.587102
0.210000 0.310000 0.000000
0.210000 0.320000 0.000000
0.210000 0.330000 0.000000
0.210000 0.340000 0.000000
0.210000 0.350000 0.000000
0.210000 0.360000 0.000000
0.210000 0.370000 0.000863
0.210000 0.380000 0.000000
0.210000 0.390000 0.000000
0.210000 0.400000 0.000000
0.210000 0.410000 0.000000
0.210000 0.420000 0.000000
0.210000 0.430000 0.000000
0.210000 0.440000 0.000000
0.210000 0.450000 0.000000
0.210000 0.460000 0.000000
0.210000 0.470000 0.000054
0.210000 0.480000 -0.000052
0.210000 0.490000 0.000000
0.220000 0.000000 0.622384
0.220000 0.010000 0.615958
0.220000 0.020000 0.000000
0.220000 0.030000 0.000000
0.220000 0.040000 0.000000
0.220000 0.050000 0.613547
0.220000 0.060000 0.613003
0.220000 0.070000 0.000000
0.220000 0.080000 0.000000
0.220000 0.090000 0.000000
0.220000 0.100000 0.000000
0.220000 0.110000 0.000000
0.220000 0.120000 0.000000
0.220000 0.130000 0.000000
0.220000 0.140000 0.000000
0.220000 0.150000 0.000000
0.220000 0.160000 -0.007871
0.220000 0.170000 -0.011673
0.220000 0.180000 0.000000
0.220000 0.190000 0.000000
0.220000 0.200000 0.000000
0.220000 0.210000 0.000000
0.220000 0.220000 0.000000
0.220000 0.230000 0.000000
0.220000 0.240000 0.000000
0.220000 0.250000 0.583574
0.220000 0.260000 0.000000
0.220000 0.270000 0.000000
0.220000 0.280000 0.587532
0.220000 0.290000 0.587190
0.220000 0.300000 0.587045
0.220000 0.310000 0.000000
0.220000 0.320000 0.000000
0.220000 0.330000 0.000000
0.220000 0.340000 0.000000
0.220000 0.350000 0.000000
0.220000 0.360000 0.000000
0.220000 0.370000 0.000000
0.220000 0.380000 0.000000
0.220000 0.390000 0.000000
0.220000 0.400000 0.000000
0.220000 0.410000 0.000000
0.220000 0.420000 0.000000
0.220000 0.430000 -0.000116
0.220000 0.440000 0.000000
0.220000 0.450000 0.000000
0.220000 0.460000 0.000000
0.220000 0.470000 0.000059
0.220000 0.480000 -0.000057
0.220000 0.490000 0.000000
0.230000 0.000000 0.619402
0.230000 0.010000 0.617358
0.230000 0.020000 0.000000
0.230000 0.030000 0.000000
0.230000 0.040000 0.000000
0.230000 0.050000 0.613311
0.230000 0.060000 0.612679
0.230000 0.070000 0.000000
0.230000 0.080000 0.000000
0.230000 0.090000 0.000000
0.230000 0.100000 0.000000
0.230000 0.110000 0.000000
0.230000 0.120000 0.000000
0.230000 0.130000 0.000000
0.230000 0.140000 0.000000
0.230000 0.150000 0.000000
0.230000 0.160000 -0.007563
0.230000 0.170000 0.000000
0.230000 0.180000 0.000000
0.230000 0.190000 -0.002081
0.230000 0.200000 0.000000
0.230000 0.210000 0.000000
0.230000 0.220000 0.000000
0.230000 0.230000 0.000000
0.230000 0.240000 0.000000
0.230000 0.250000 0.584126
0.230000 0.260000 0.000000
0.230000 0.270000 0.584554
0.230000 0.280000 0.000000
0.230000 0.290000 0.586605
0.230000 0.300000 0.000000
0.230000 0.310000 0.000000
0.230000 0.320000 0.000000
0.230000 0.330000 0.000000
0.230000 0.340000 0.000000
0.230000 0.350000 0.000000
0.230000 0.360000 0.000000
0.230000 0.370000 0.000000
0.230000 0.380000 0.000000
0.230000 0.390000 0.000000
0.230000 0.400000 0.000000
0.230000 0.410000 0.000000
0.230000 0.420000 0.000000
0.230000 0.430000 0.000000
0.230000 0.440000 -0.000000
0.230000 0.450000 0.000000
0.230000 0.460000 0.000000
0.230000 0.470000 0.000000
0.230000 0.480000 0.000000
0.230000 0.490000 0.000000
0.240000 0.000000 0.619492
0.240000 0.010000 0.617188
0.240000 0.020000 0.000000
0.240000 0.030000 0.000000
0.240000 0.040000 0.000000
0.240000 0.050000 0.000000
0.240000 0.060000 0.000000
0.240000 0.070000 0.000000
0.240000 0.080000 0.000000
0.240000 0.090000 0.000000
0.240000 0.100000 0.000000
0.240000 0.110000 0.000000
0.240000 0.120000 0.000000
0.240000 0.130000 0.000000
0.240000 0.140000 0.000000
0.240000 0.150000 -0.009251
0.240000 0.160000 0.000000
0.240000 0.170000 -0.002971
0.240000 0.180000 -0.002635
0.240000 0.190000 -0.002081
0.240000 0.200000 -0.002485
0.240000 0.210000 0.000000
0.240000 0.220000 0.000000
0.240000 0.230000 0.000000
0.240000 0.240000 0.584922
0.240000 0.250000 0.584265
0.240000 0.260000 0.584066
0.240000 0.270000 0.584427
0.240000 0.280000 0.586681
0.240000 0.290000 0.586466
0.240000 0.300000 0.000000
0.240000 0.310000 0.000393
0.240000 0.320000 0.000000
0.240000 0.330000 0.000000
0.240000 0.340000 0.000000
0.240000 0.350000 0.000000
0.240000 0.360000 0.000000
0.240000 0.370000 0.000000
0.240000 0.380000 0.000000
0.240000 0.390000 0.001453
0.240000 0.400000 0.001555
0.240000 0.410000 0.000000
0.240000 0.420000 0.000000
0.240000 0.430000 0.000000
0.240000 0.440000 0.000000
0.240000 0.450000 0.000000
0.240000 0.460000 0.000000
0.240000 0.470000 0.000000
0.240000 0.480000 0.000000
0.240000 0.490000 0.000000
0.250000 0.000000 0.619581
0.250000 0.010000 0.617600
0.250000 0.020000 0.000000
0.250000 0.030000 0.000000
0.250000 0.040000 0.000000
0.250000 0.050000 0.000000
0.250000 0.060000 0.000000
0.250000 0.070000 0.000000
0.250000 0.080000 0.000000
0.250000 0.090000 0.000000
0.250000 0.100000 0.000000
0.250000 0.110000 0.000000
0.250000 0.120000 0.000000
0.250000 0.130000 -0.008138
0.250000 0.140000 -0.008235
0.250000 0.150000 -0.008417
0.250000 0.160000 0.000000
0.250000 0.170000 -0.002971
0.250000 0.180000 0.000000
0.250000 0.190000 -0.002024
0.250000 0.200000 0.000000
0.250000 0.210000 0.000000
0.250000 0.220000 0.000000
0.250000 0.230000 0.000000
0.250000 0.240000 0.000000
0.250000 0.250000 0.000000
0.250000 0.260000 0.584227
0.250000 0.270000 0.000000
0.250000 0.280000 0.586479
0.250000 0.290000 0.000000
0.250000 0.300000 0.000000
0.250000 0.310000 0.000000
0.250000 0.320000 0.000000
0.250000 0.330000 0.000000
0.250000 0.340000 0.000000
0.250000 0.350000 0.000000
0.250000 0.360000 0.000000
0.250000 0.370000 0.000000
0.250000 0.380000 0.000000
0.250000 0.390000 0.000000
0.250000 0.400000 0.001481
0.250000 0.410000 0.000000
0.250000 0.420000 0.000000
0.250000 0.430000 0.000031
0.250000 0.440000 -0.000115
0.250000 0.450000 0.000000
0.250000 0.460000 0.000000
0.250000 0.470000 0.000000
0.250000 0.480000 0.000000
0.250000 0.490000 0.000000
0.260000 0.000000 0.619843
0.260000 0.010000 0.618209
0.260000 0.020000 0.617341
0.260000 0.030000 0.000000
0.260000 0.040000 -0.002984
0.260000 0.050000 0.000000
0.260000 0.060000 0.000000
0.260000 0.070000 0.000000
0.260000 0.080000 0.000000
0.260000 0.090000 0.000000
0.260000 0.100000 0.000000
0.260000 0.110000 0.000000
0.260000 0.120000 0.000000
0.260000 0.130000 0.000000
0.260000 0.140000 0.000000
0.260000 0.150000 0.000000
0.260000 0.160000 0.000000
0.260000 0.170000 0.000000
0.260000 0.180000 0.000000
0.260000 0.190000 0.000000
0.260000 0.200000 0.000000
0.260000 0.210000 0.000000
0.260000 0.220000 0.000000
0.260000 0.230000 -0.002248
0.260000 0.240000 -0.002596
0.260000 0.250000 0.000000
0.260000 0.260000 0.584499
0.260000 0.270000 0.586652
0.260000 0.280000 0.586235
0.260000 0.290000 0.586130
0.260000 0.300000 0.000000
0.260000 0.310000 0.000000
0.260000 0.320000 0.000000
0.260000 0.330000 0.000000
0.260000 0.340000 0.000000
0.260000 0.350000 0.000000
0.260000 0.360000 0.000000
0.260000 0.370000 0.000000
0.260000 0.380000 0.000000
0.260000 0.390000 0.001019
0.260000 0.400000 0.000285
0.260000 0.410000 -0.000228
0.260000 0.420000 0.000000
0.260000 0.430000 -0.000203
0.260000 0.440000 -0.000114
0.260000 0.450000 0.000000
0.260000 0.460000 0.000000
0.260000 0.470000 0.000000
0.260000 0.480000 0.000000
0.260000 0.490000 0.000000
0.270000 0.000000 0.622013
0.270000 0.010000 0.619298
0.270000 0.020000 0.000000
0.270000 0.030000 -0.005575
0.270000 0.040000 -0.004038
0.270000 0.050000 -0.003477
0.270000 0.060000 0.000000
0.270000 0.070000 0.000000
0.270000 0.080000 0.000000
0.270000 0.090000 -0.154821
0.270000 0.100000 0.000000
0.270000 0.110000 0.000000
0.270000 0.120000 0.000027
0.270000 0.130000 0.000000
0.270000 0.140000 0.000000
0.270000 0.150000 0.000000
0.270000 0.160000 0.000000
0.270000 0.170000 0.000000
0.270000 0.180000 0.000000
0.270000 0.190000 0.000000
0.270000 0.200000 0.000000
0.270000 0.210000 -0.001289
0.270000 0.220000 0.000000
0.270000 0.230000 -0.002169
0.270000 0.240000 0.000000
0.270000 0.250000 0.000000
0.270000 0.260000 0.585469
0.270000 0.270000 0.585862
0.270000 0.280000 0.585288
0.270000 0.290000 0.586912
0.270000 0.300000 0.000000
0.270000 0.310000 0.000000
0.270000 0.320000 0.000000
0.270000 0.330000 0.004616
0.270000 0.340000 0.004252
0.270000 0.350000 0.000000
0.270000 0.360000 0.000000
0.270000 0.370000 0.000815
0.270000 0.380000 0.000000
0.270000 0.390000 0.000000
0.270000 0.400000 0.000000
0.270000 0.410000 0.000000
0.270000 0.420000 0.000000
0.270000 0.430000 -0.000424
0.270000 0.440000 -0.000248
0.270000 0.450000 -0.000210
0.270000 0.460000 0.000000
0.270000 0.470000 0.000000
0.270000 0.480000 0.000000
0.270000 0.490000 0.000000
0.280000 0.000000 0.618294
0.280000 0.010000 0.618228
0.280000 0.020000 0.618360
0.280000 0.030000 0.000000
0.280000 0.040000 0.000000
0.280000 0.050000 0.000000
0.280000 0.060000 0.000000
0.280000 0.070000 0.000000
0.280000 0.080000 0.000000
0.280000 0.090000 -0.154821
0.280000 0.100000 0.000000
0.280000 0.110000 0.000000
0.280000 0.120000 0.000000
0.280000 0.130000 0.000000
0.280000 0.140000 0.000000
0.280000 0.150000 0.000000
0.280000 0.160000 0.000000
0.280000 0.170000 0.000000
0.280000 0.180000 0.000000
0.280000 0.190000 0.000000
0.280000 0.200000 0.000000
0.280000 0.210000 -0.001289
0.280000 0.220000 -0.001711
0.280000 0.230000 -0.000799
0.280000 0.240000 0.000000
0.280000 0.250000 0.585658
0.280000 0.260000 0.585578
0.280000 0.270000 0.585611
0.280000 0.280000 0.000000
0.280000 0.290000 0.586885
0.280000 0.300000 0.586259
0.280000 0.310000 0.588111
0.280000 0.320000 0.000000
0.280000 0.330000 0.000000
0.280000 0.340000 0.000000
0.280000 0.350000 0.000000
0.280000 0.360000 0.000144
0.280000 0.370000 -0.000072
0.280000 0.380000 0.000000
0.280000 0.390000 0.000000
0.280000 0.400000 0.000000
0.280000 0.410000 0.000000
0.280000 0.420000 0.000000
0.280000 0.430000 0.000000
0.280000 0.440000 0.000000
0.280000 0.450000 0.000000
0.280000 0.460000 0.000000
0.280000 0.470000 0.000000
0.280000 0.480000 0.000000
0.280000 0.490000 -0.000000
0.290000 0.000000 0.614944
0.290000 0.010000 0.614086
0.290000 0.020000 0.000000
0.290000 0.030000 0.000000
0.290000 0.040000 0.000000
0.290000 0.050000 0.000000
0.290000 0.060000 0.000000
0.290000 0.070000 0.000000
0.290000 0.080000 0.000000
0.290000 0.090000 -0.154821
0.290000 0.100000 -0.155219
0.290000 0.110000 -0.154235
0.290000 0.120000 0.000000
0.290000 0.130000 0.000000
0.290000 0.140000 0.000000
0.290000 0.150000 0.000000
0.290000 0.160000 0.000000
0.290000 0.170000 0.000000
0.290000 0.180000 0.000000
0.290000 0.190000 0.000000
0.290000 0.200000 0.000000
0.290000 0.210000 0.000000
0.290000 0.220000 0.000000
0.290000 0.230000 0.000000
0.290000 0.240000 0.000000
0.290000 0.250000 0.586256
0.290000 0.260000 0.585771
0.290000 0.270000 0.585622
0.290000 0.280000 0.585958
0.290000 0.290000 0.586640
0.290000 0.300000 0.586066
0.290000 0.310000 0.000000
0.290000 0.320000 0.000000
0.290000 0.330000 0.000000
0.290000 0.340000 0.000000
0.290000 0.350000 0.000000
0.290000 0.360000 0.000144
0.290000 0.370000 0.000000
0.290000 0.380000 -0.002006
0.290000 0.390000 -0.002177
0.290000 0.400000 0.002177
0.290000 0.410000 0.000000
0.290000 0.420000 0.000000
0.290000 0.430000 0.000000
0.290000 0.440000 0.000000
0.290000 0.450000 0.000000
0.290000 0.460000 0.000000
0.290000 0.470000 0.000000
0.290000 0.480000 0.000000
0.290000 0.490000 0.000000
0.300000 0.000000 0.612260
0.300000 0.010000 0.611419
0.300000 0.020000 0.611564
0.300000 0.030000 0.000000
0.300000 0.040000 0.000000
0.300000 0.050000 0.000000
0.300000 0.060000 0.000000
0.300000 0.070000 0.000000
0.300000 0.080000 0.000000
0.300000 0.090000 0.000000
0.300000 0.100000 0.000000
0.300000 0.110000 0.000000
0.300000 0.120000 0.000000
0.300000 0.130000 0.000000
0.300000 0.140000 0.000000
0.300000 0.150000 0.000000
0.300000 0.160000 0.000000
0.300000 0.170000 0.000000
0.300000 0.180000 0.000000
0.300000 0.190000 0.000000
0.300000 0.200000 0.000000
0.300000 0.210000 0.000000
0.300000 0.220000 0.000000
0.300000 0.230000 0.587628
0.300000 0.240000 0.586864
0.300000 0.250000 0.587079
0.300000 0.260000 0.000000
0.300000 0.270000 0.585270
0.300000 0.280000 0.586160
0.300000 0.290000 0.586334
0.300000 0.300000 0.000000
0.300000 0.310000 0.586585
0.300000 0.320000 0.000000
0.300000 0.330000 0.588088
0.300000 0.340000 0.000000
0.300000 0.350000 0.000000
0.300000 0.360000 0.000000
0.300000 0.370000 0.000000
0.300000 0.380000 0.000000
0.300000 0.390000 0.000000
0.300000 0.400000 0.000000
0.300000 0.410000 0.000000
0.300000 0.420000 -0.003318
0.300000 0.430000 0.000000
0.300000 0.440000 0.000000
0.300000 0.450000 0.000000
0.300000 0.460000 0.000000
0.300000 0.470000 0.000000
0.300000 0.480000 0.000000
0.300000 0.490000 0.045019
0.310000 0.000000 0.613070
0.310000 0.010000 0.607346
0.310000 0.020000 0.000000
0.310000 0.030000 0.000000
0.310000 0.040000 0.000000
0.310000 0.050000 0.000000
0.310000 0.060000 0.000000
0.310000 0.070000 0.000000
0.310000 0.080000 0.000000
0.310000 0.090000 0.000000
0.310000 0.100000 0.000000
0.310000 0.110000 0.000000
0.310000 0.120000 0.000000
0.310000 0.130000 0.000000
0.310000 0.140000 0.000000
0.310000 0.150000 0.000000
0.310000 0.160000 0.000000
0.310000 0.170000 0.000000
0.310000 0.180000 0.000000
0.310000 0.190000 0.000000
0.310000 0.200000 0.000000
0.310000 0.210000 0.589508
0.310000 0.220000 0.589210
0.310000 0.230000 0.588441
0.310000 0.240000 0.000000
0.310000 0.250000 0.586787
0.310000 0.260000 0.586344
0.310000 0.270000 0.000000
0.310000 0.280000 0.586675
0.310000 0.290000 0.586917
0.310000 0.300000 0.588118
0.310000 0.310000 0.587791
0.310000 0.320000 0.587484
0.310000 0.330000 0.588088
0.310000 0.340000 0.000000
0.310000 0.350000 0.000000
0.310000 0.360000 -0.003857
0.310000 0.370000 0.000000
0.310000 0.380000 0.000000
0.310000 0.390000 0.000000
0.310000 0.400000 0.000000
0.310000 0.410000 -0.006934
0.310000 0.420000 -0.003318
0.310000 0.430000 0.001612
0.310000 0.440000 0.000000
0.310000 0.450000 0.000000
0.310000 0.460000 0.000000
0.310000 0.470000 0.000000
0.310000 0.480000 0.000000
0.310000 0.490000 0.045021
0.320000 0.000000 0.603971
0.320000 0.010000 0.604336
0.320000 0.020000 0.604589
0.320000 0.030000 0.000000
0.320000 0.040000 0.000000
0.320000 0.050000 0.000000
0.320000 0.060000 0.599833
0.320000 0.070000 0.600975
0.320000 0.080000 0.000000
0.320000 0.090000 0.590156
0.320000 0.100000 0.591708
0.320000 0.110000 0.000000
0.320000 0.120000 0.000000
0.320000 0.130000 0.000000
0.320000 0.140000 0.000000
0.320000 0.150000 0.000000
0.320000 0.160000 0.000000
0.320000 0.170000 0.000000
0.320000 0.180000 0.000000
0.320000 0.190000 0.000000
0.320000 0.200000 0.000000
0.320000 0.210000 0.000000
0.320000 0.220000 0.589196
0.320000 0.230000 0.591250
0.320000 0.240000 0.000000
0.320000 0.250000 0.589179
0.320000 0.260000 0.000000
0.320000 0.270000 0.587630
0.320000 0.280000 0.587234
0.320000 0.290000 0.586946
0.320000 0.300000 0.000000
0.320000 0.310000 0.000000
0.320000 0.320000 0.000000
0.320000 0.330000 0.000000
0.320000 0.340000 0.000000
0.320000 0.350000 0.000000
0.320000 0.360000 0.000000
0.320000 0.370000 0.000000
0.320000 0.380000 0.000000
0.320000 0.390000 0.000000
0.320000 0.400000 0.000000
0.320000 0.410000 0.000000
0.320000 0.420000 0.000000
0.320000 0.430000 0.001011
0.320000 0.440000 0.000000
0.320000 0.450000 0.000000
0.320000 0.460000 0.000000
0.320000 0.470000 0.000000
0.320000 0.480000 0.000000
0.320000 0.490000 0.044905
0.330000 0.000000 0.603452
0.330000 0.010000 0.602137
0.330000 0.020000 0.000000
0.330000 0.030000 0.000000
0.330000 0.040000 0.000000
0.330000 0.050000 0.598473
0.330000 0.060000 0.599177
0.330000 0.070000 0.600248
0.330000 0.080000 0.600750
0.330000 0.090000 0.000000
0.330000 0.100000 0.591823
0.330000 0.110000 0.000000
0.330000 0.120000 -0.221935
0.330000 0.130000 -0.221937
0.330000 0.140000 0.000000
0.330000 0.150000 0.000000
0.330000 0.160000 0.000000
0.330000 0.170000 0.000000
0.330000 0.180000 0.000000
0.330000 0.190000 0.000000
0.330000 0.200000 0.000000
0.330000 0.210000 0.000000
0.330000 0.220000 0.590059
0.330000 0.230000 0.591219
0.330000 0.240000 0.591235
0.330000 0.250000 0.591347
0.330000 0.260000 0.000000
0.330000 0.270000 0.587630
0.330000 0.280000 0.000000
0.330000 0.290000 0.000000
0.330000 0.300000 0.000000
0.330000 0.310000 0.000000
0.330000 0.320000 0.000000
0.330000 0.330000 0.000000
0.330000 0.340000 0.000000
0.330000 0.350000 0.000000
0.330000 0.360000 0.000000
0.330000 0.370000 0.587923
0.330000 0.380000 0.587765
0.330000 0.390000 0.588457
0.330000 0.400000 0.588935
0.330000 0.410000 0.000000
0.330000 0.420000 0.000269
0.330000 0.430000 0.000501
0.330000 0.440000 0.000000
0.330000 0.450000 0.000000
0.330000 0.460000 0.000000
0.330000 0.470000 -0.044409
0.330000 0.480000 0.000000
0.330000 0.490000 0.044450
0.340000 0.000000 0.599737
0.340000 0.010000 0.600776
0.340000 0.020000 0.000000
0.340000 0.030000 0.000000
0.340000 0.040000 0.599482
0.340000 0.050000 0.598039
0.340000 0.060000 0.598477
0.340000 0.070000 0.000000
0.340000 0.080000 0.000000
0.340000 0.090000 0.000000
0.340000 0.100000 0.592111
0.340000 0.110000 0.592012
0.340000 0.120000 0.000000
0.340000 0.130000 0.000000
0.340000 0.140000 0.000000
0.340000 0.150000 0.000000
0.340000 0.160000 0.594556
0.340000 0.170000 0.594535
0.340000 0.180000 0.000000
0.340000 0.190000 0.000000
0.340000 0.200000 0.000000
0.340000 0.210000 0.589600
0.340000 0.220000 0.000000
0.340000 0.230000 0.590661
0.340000 0.240000 0.000000
0.340000 0.250000 0.000000
0.340000 0.260000 0.000000
0.340000 0.270000 0.000000
0.340000 0.280000 0.586002
0.340000 0.290000 0.000000
0.340000 0.300000 0.000000
0.340000 0.310000 0.000000
0.340000 0.320000 0.000000
0.340000 0.330000 0.000000
0.340000 0.340000 0.000000
0.340000 0.350000 0.000000
0.340000 0.360000 0.000000
0.340000 0.370000 0.587446
0.340000 0.380000 0.586991
0.340000 0.390000 0.000000
0.340000 0.400000 0.587818
0.340000 0.410000 0.000000
0.340000 0.420000 0.000149
0.340000 0.430000 0.000404
0.340000 0.440000 0.000663
0.340000 0.450000 0.000000
0.340000 0.460000 -0.044582
0.340000 0.470000 -0.045358
0.340000 0.480000 0.000000
0.340000 0.490000 0.044303
0.350000 0.000000 0.597246
0.350000 0.010000 0.000000
0.350000 0.020000 0.000000
0.350000 0.030000 0.000000
0.350000 0.040000 0.595756
0.350000 0.050000 0.596428
0.350000 0.060000 0.000000
0.350000 0.070000 0.000000
0.350000 0.080000 0.000000
0.350000 0.090000 0.000000
0.350000 0.100000 0.591985
0.350000 0.110000 0.591927
0.350000 0.120000 0.000000
0.350000 0.130000 0.590084
0.350000 0.140000 0.592302
0.350000 0.150000 0.591837
0.350000 0.160000 0.594186
0.350000 0.170000 0.000000
0.350000 0.180000 0.588738
0.350000 0.190000 0.589323
0.350000 0.200000 0.589416
0.350000 0.210000 0.589489
0.350000 0.220000 0.590250
0.350000 0.230000 0.590161
0.350000 0.240000 0.589681
0.350000 0.250000 0.000000
0.350000 0.260000 0.000000
0.350000 0.270000 0.000000
0.350000 0.280000 0.586952
0.350000 0.290000 0.000000
0.350000 0.300000 0.000000
0.350000 0.310000 0.000000
0.350000 0.320000 0.587040
0.350000 0.330000 0.000000
0.350000 0.340000 0.587656
0.350000 0.350000 0.586687
0.350000 0.360000 0.585996
0.350000 0.370000 0.587394
0.350000 0.380000 0.587108
0.350000 0.390000 0.585940
0.350000 0.400000 0.584611
0.350000 0.410000 0.000000
0.350000 0.420000 0.000121
0.350000 0.430000 0.000248
0.350000 0.440000 0.000814
0.350000 0.450000 0.000000
0.350000 0.460000 0.000000
0.350000 0.470000 -0.045071
0.350000 0.480000 0.000000
0.350000 0.490000 0.044070
0.360000 0.000000 0.600250
0.360000 0.010000 0.594803
0.360000 0.020000 0.000000
0.360000 0.030000 0.000000
0.360000 0.040000 0.596019
0.360000 0.050000 0.596097
0.360000 0.060000 0.595553
0.360000 0.070000 0.000000
0.360000 0.080000 0.000000
0.360000 0.090000 0.593139
0.360000 0.100000 0.590616
0.360000 0.110000 0.000000
0.360000 0.120000 0.590361
0.360000 0.130000 0.589947
0.360000 0.140000 0.591358
0.360000 0.150000 0.590947
0.360000 0.160000 0.000000
0.360000 0.170000 0.587407
0.360000 0.180000 0.588163
0.360000 0.190000 0.588581
0.360000 0.200000 0.588976
0.360000 0.210000 0.589288
0.360000 0.220000 0.589803
0.360000 0.230000 0.589711
0.360000 0.240000 0.589167
0.360000 0.250000 0.000000
0.360000 0.260000 0.000000
0.360000 0.270000 0.586062
0.360000 0.280000 0.586693
0.360000 0.290000 0.000000
0.360000 0.300000 0.000000
0.360000 0.310000 0.000000
0.360000 0.320000 0.587031
0.360000 0.330000 0.000000
0.360000 0.340000 0.000000
0.360000 0.350000 0.586868
0.360000 0.360000 0.586205
0.360000 0.370000 0.000000
0.360000 0.380000 0.000000
0.360000 0.390000 0.586076
0.360000 0.400000 0.000000
0.360000 0.410000 0.000000
0.360000 0.420000 -0.000481
0.360000 0.430000 0.000000
0.360000 0.440000 0.000000
0.360000 0.450000 0.000000
0.360000 0.460000 -0.045867
0.360000 0.470000 -0.045184
0.360000 0.480000 -0.044252
0.360000 0.490000 0.044145
0.370000 0.000000 0.612189
0.370000 0.010000 0.596642
0.370000 0.020000 0.596182
0.370000 0.030000 0.595972
0.370000 0.040000 0.595657
0.370000 0.050000 0.595798
0.370000 0.060000 0.595313
0.370000 0.070000 0.593804
0.370000 0.080000 0.592498
0.370000 0.090000 0.592296
0.370000 0.100000 0.591291
0.370000 0.110000 0.590771
0.370000 0.120000 0.590657
0.370000 0.130000 0.590395
0.370000 0.140000 0.590542
0.370000 0.150000 0.590258
0.370000 0.160000 0.000000
0.370000 0.170000 0.588409
0.370000 0.180000 0.588154
0.370000 0.190000 0.587971
0.370000 0.200000 0.588089
0.370000 0.210000 0.589563
0.370000 0.220000 0.000000
0.370000 0.230000 0.000000
0.370000 0.240000 0.588069
0.370000 0.250000 0.000000
0.370000 0.260000 0.000000
0.370000 0.270000 0.585528
0.370000 0.280000 0.586253
0.370000 0.290000 0.586673
0.370000 0.300000 0.000000
0.370000 0.310000 0.000000
0.370000 0.320000 0.587023
0.370000 0.330000 0.000000
0.370000 0.340000 0.587118
0.370000 0.350000 0.586868
0.370000 0.360000 0.000000
0.370000 0.370000 -0.001791
0.370000 0.380000 0.000000
0.370000 0.390000 0.585446
0.370000 0.400000 0.000000
0.370000 0.410000 -0.000802
0.370000 0.420000 -0.000948
0.370000 0.430000 0.000000
0.370000 0.440000 0.000000
0.370000 0.450000 0.000000
0.370000 0.460000 0.000000
0.370000 0.470000 0.000000
0.370000 0.480000 0.000000
0.370000 0.490000 0.044020
0.380000 0.000000 0.616385
0.380000 0.010000 0.594406
0.380000 0.020000 0.000000
0.380000 0.030000 0.000000
0.380000 0.040000 0.000000
0.380000 0.050000 0.000000
0.380000 0.060000 0.000000
0.380000 0.070000 0.000000
0.380000 0.080000 0.592394
0.380000 0.090000 0.591980
0.380000 0.100000 0.591761
0.380000 0.110000 0.590624
0.380000 0.120000 0.000000
0.380000 0.130000 0.590182
0.380000 0.140000 0.589436
0.380000 0.150000 0.589468
0.380000 0.160000 0.587661
0.380000 0.170000 0.588183
0.380000 0.180000 0.588425
0.380000 0.190000 0.000000
0.380000 0.200000 0.586952
0.380000 0.210000 0.589377
0.380000 0.220000 0.589640
0.380000 0.230000 0.589417
0.380000 0.240000 0.588260
0.380000 0.250000 0.587870
0.380000 0.260000 0.587404
0.380000 0.270000 0.586489
0.380000 0.280000 0.586556
0.380000 0.290000 0.587510
0.380000 0.300000 0.000000
0.380000 0.310000 0.586702
0.380000 0.320000 0.586662
0.380000 0.330000 0.586711
0.380000 0.340000 0.587071
0.380000 0.350000 0.586779
0.380000 0.360000 0.000000
0.380000 0.370000 0.000024
0.380000 0.380000 -0.000024
0.380000 0.390000 0.000000
0.380000 0.400000 0.000000
0.380000 0.410000 0.000000
0.380000 0.420000 0.000000
0.380000 0.430000 0.000000
0.380000 0.440000 0.000000
0.380000 0.450000 0.000000
0.380000 0.460000 0.000000
0.380000 0.470000 0.000000
0.380000 0.480000 0.000000
0.380000 0.490000 0.043693
0.390000 0.000000 0.614326
0.390000 0.010000 0.598126
0.390000 0.020000 0.598383
0.390000 0.030000 0.602383
0.390000 0.040000 0.000000
0.390000 0.050000 0.000000
0.390000 0.060000 0.000000
0.390000 0.070000 0.594553
0.390000 0.080000 0.592986
0.390000 0.090000 0.591873
0.390000 0.100000 0.591850
0.390000 0.110000 0.591105
0.390000 0.120000 0.590968
0.390000 0.130000 0.588923
0.390000 0.140000 0.000000
0.390000 0.150000 0.589541
0.390000 0.160000 0.589214
0.390000 0.170000 0.589433
0.390000 0.180000 0.588867
0.390000 0.190000 0.588214
0.390000 0.200000 0.588167
0.390000 0.210000 0.588934
0.390000 0.220000 0.589275
0.390000 0.230000 0.589315
0.390000 0.240000 0.588200
0.390000 0.250000 0.587819
0.390000 0.260000 0.587275
0.390000 0.270000 0.586508
0.390000 0.280000 0.586643
0.390000 0.290000 0.000000
0.390000 0.300000 0.588575
0.390000 0.310000 0.587291
0.390000 0.320000 0.586940
0.390000 0.330000 0.586627
0.390000 0.340000 0.586077
0.390000 0.350000 0.000000
0.390000 0.360000 0.000000
0.390000 0.370000 0.000000
0.390000 0.380000 0.000000
0.390000 0.390000 0.000000
0.390000 0.400000 0.000000
0.390000 0.410000 0.000000
0.390000 0.420000 0.000000
0.390000 0.430000 0.000000
0.390000 0.440000 0.000000
0.390000 0.450000 0.000000
0.390000 0.460000 0.000000
0.390000 0.470000 0.000000
0.390000 0.480000 0.000000
0.390000 0.490000 0.043262
0.400000 0.000000 0.000000
0.400000 0.010000 0.000000
0.400000 0.020000 0.000000
0.400000 0.030000 0.601667
0.400000 0.040000 0.000000
0.400000 0.050000 0.000000
0.400000 0.060000 0.000000
0.400000 0.070000 0.000000
0.400000 0.080000 0.593235
0.400000 0.090000 0.592128
0.400000 0.100000 0.591586
0.400000 0.110000 0.591139
0.400000 0.120000 0.590990
0.400000 0.130000 0.000000
0.400000 0.140000 0.596213
0.400000 0.150000 0.000000
0.400000 0.160000 0.000000
0.400000 0.170000 0.000000
0.400000 0.180000 0.590285
0.400000 0.190000 0.589803
0.400000 0.200000 0.589453
0.400000 0.210000 0.589301
0.400000 0.220000 0.589895
0.400000 0.230000 0.589253
0.400000 0.240000 0.588602
0.400000 0.250000 0.587846
0.400000 0.260000 0.586934
0.400000 0.270000 0.585350
0.400000 0.280000 0.585098
0.400000 0.290000 0.584697
0.400000 0.300000 0.586951
0.400000 0.310000 0.586916
0.400000 0.320000 0.586514
0.400000 0.330000 0.586557
0.400000 0.340000 0.584818
0.400000 0.350000 0.583494
0.400000 0.360000 0.580697
0.400000 0.370000 0.000000
0.400000 0.380000 0.000000
0.400000 0.390000 0.000000
0.400000 0.400000 0.000000
0.400000 0.410000 0.000000
0.400000 0.420000 0.000000
0.400000 0.430000 0.000000
0.400000 0.440000 0.000000
0.400000 0.450000 0.000000
0.400000 0.460000 0.000000
0.400000 0.470000 0.000000
0.400000 0.480000 0.000000
0.400000 0.490000 0.043053
0.410000 0.000000 0.000000
0.410000 0.010000 -0.153321
0.410000 0.020000 0.000000
0.410000 0.030000 0.000000
0.410000 0.040000 -0.000601
0.410000 0.050000 0.000000
0.410000 0.060000 0.000000
0.410000 0.070000 0.596724
0.410000 0.080000 0.593733
0.410000 0.090000 0.000000
0.410000 0.100000 0.591407
0.410000 0.110000 0.590906
0.410000 0.120000 0.000000
0.410000 0.130000 0.000000
0.410000 0.140000 0.597003
0.410000 0.150000 0.594241
0.410000 0.160000 0.594061
0.410000 0.170000 0.592298
0.410000 0.180000 0.590908
0.410000 0.190000 0.589034
0.410000 0.200000 0.589594
0.410000 0.210000 0.590403
0.410000 0.220000 0.590329
0.410000 0.230000 0.589720
0.410000 0.240000 0.589222
0.410000 0.250000 0.588039
0.410000 0.260000 0.000000
0.410000 0.270000 0.584733
0.410000 0.280000 0.584975
0.410000 0.290000 0.585337
0.410000 0.300000 0.585691
0.410000 0.310000 0.585920
0.410000 0.320000 0.585986
0.410000 0.330000 0.586428
0.410000 0.340000 0.585419
0.410000 0.350000 0.584102
0.410000 0.360000 0.000000
0.410000 0.370000 0.000000
0.410000 0.380000 0.000000
0.410000 0.390000 0.000000
0.410000 0.400000 0.000000
0.410000 0.410000 0.000000
0.410000 0.420000 0.000000
0.410000 0.430000 0.000000
0.410000 0.440000 0.000000
0.410000 0.450000 0.000000
0.410000 0.460000 0.000000
0.410000 0.470000 0.000000
0.410000 0.480000 0.000000
0.410000 0.490000 0.043075
0.420000 0.000000 0.000000
0.420000 0.010000 -0.153586
0.420000 0.020000 -0.154675
0.420000 0.030000 0.000000
0.420000 0.040000 0.000000
0.420000 0.050000 0.000000
0.420000 0.060000 0.603217
0.420000 0.070000 0.598035
0.420000 0.080000 0.594181
0.420000 0.090000 0.000000
0.420000 0.100000 0.000000
0.420000 0.110000 0.590511
0.420000 0.120000 0.000000
0.420000 0.130000 0.596335
0.420000 0.140000 0.596289
0.420000 0.150000 0.595129
0.420000 0.160000 0.594656
0.420000 0.170000 0.594432
0.420000 0.180000 0.591736
0.420000 0.190000 0.590611
0.420000 0.200000 0.590029
0.420000 0.210000 0.589760
0.420000 0.220000 0.590130
0.420000 0.230000 0.589960
0.420000 0.240000 0.590778
0.420000 0.250000 0.000000
0.420000 0.260000 0.584331
0.420000 0.270000 0.583769
0.420000 0.280000 0.584129
0.420000 0.290000 0.584589
0.420000 0.300000 0.584769
0.420000 0.310000 0.585275
0.420000 0.320000 0.585621
0.420000 0.330000 0.587113
0.420000 0.340000 0.586962
0.420000 0.350000 0.585383
0.420000 0.360000 0.584112
0.420000 0.370000 0.000000
0.420000 0.380000 0.000000
0.420000 0.390000 0.000000
0.420000 0.400000 0.000000
0.420000 0.410000 0.000000
0.420000 0.420000 0.000000
0.420000 0.430000 0.000000
0.420000 0.440000 0.000000
0.420000 0.450000 0.000000
0.420000 0.460000 0.037485
0.420000 0.470000 0.037362
0.420000 0.480000 0.000000
0.420000 0.490000 0.042933
0.430000 0.000000 -0.118599
0.430000 0.010000 -0.154294
0.430000 0.020000 0.000000
0.430000 0.030000 0.000000
0.430000 0.040000 0.000000
0.430000 0.050000 0.000000
0.430000 0.060000 0.000000
0.430000 0.070000 0.000000
0.430000 0.080000 0.000000
0.430000 0.090000 0.000000
0.430000 0.100000 0.000000
0.430000 0.110000 0.000000
0.430000 0.120000 0.000000
0.430000 0.130000 0.000000
0.430000 0.140000 0.000000
0.430000 0.150000 0.000000
0.430000 0.160000 0.594938
0.430000 0.170000 0.593939
0.430000 0.180000 0.592014
0.430000 0.190000 0.591365
0.430000 0.200000 0.590532
0.430000 0.210000 0.589674
0.430000 0.220000 0.589515
0.430000 0.230000 0.589967
0.430000 0.240000 0.000000
0.430000 0.250000 0.585811
0.430000 0.260000 0.585720
0.430000 0.270000 0.000000
0.430000 0.280000 0.000000
0.430000 0.290000 0.583801
0.430000 0.300000 0.583961
0.430000 0.310000 0.584891
0.430000 0.320000 0.585649
0.430000 0.330000 0.586843
0.430000 0.340000 0.587007
0.430000 0.350000 0.000000
0.430000 0.360000 0.000000
0.430000 0.370000 0.000000
0.430000 0.380000 0.000000
0.430000 0.390000 0.000000
0.430000 0.400000 0.000000
0.430000 0.410000 0.000000
0.430000 0.420000 0.000000
0.430000 0.430000 0.000000
0.430000 0.440000 0.000000
0.430000 0.450000 0.037824
0.430000 0.460000 0.037430
0.430000 0.470000 0.000000
0.430000 0.480000 0.000000
0.430000 0.490000 0.042783
0.440000 0.000000 -0.128677
0.440000 0.010000 -0.143022
0.440000 0.020000 0.000000
0.440000 0.030000 0.000000
0.440000 0.040000 0.000000
0.440000 0.050000 0.000000
0.440000 0.060000 0.000000
0.440000 0.070000 0.000000
0.440000 0.080000 0.000000
0.440000 0.090000 0.000000
0.440000 0.100000 -0.036418
0.440000 0.110000 0.000000
0.440000 0.120000 0.000000
0.440000 0.130000 -0.039211
0.440000 0.140000 0.000000
0.440000 0.150000 0.000000
0.440000 0.160000 0.595295
0.440000 0.170000 0.594163
0.440000 0.180000 0.593561
0.440000 0.190000 0.591885
0.440000 0.200000 0.589500
0.440000 0.210000 0.589607
0.440000 0.220000 0.589230
0.440000 0.230000 0.000000
0.440000 0.240000 0.000000
0.440000 0.250000 0.586486
0.440000 0.260000 0.586412
0.440000 0.270000 0.000000
0.440000 0.280000 0.583932
0.440000 0.290000 0.582972
0.440000 0.300000 0.581146
0.440000 0.310000 0.000000
0.440000 0.320000 0.000000
0.440000 0.330000 0.000000
0.440000 0.340000 0.000000
0.440000 0.350000 0.000000
0.440000 0.360000 0.000000
0.440000 0.370000 0.000000
0.440000 0.380000 0.000000
0.440000 0.390000 0.000000
0.440000 0.400000 0.000000
0.440000 0.410000 0.000000
0.440000 0.420000 0.000000
0.440000 0.430000 0.000000
0.440000 0.440000 0.000000
0.440000 0.450000 0.000000
0.440000 0.460000 0.000000
0.440000 0.470000 -0.134689
0.440000 0.480000 -0.134812
0.440000 0.490000 0.043125
0.450000 0.000000 0.000000
0.450000 0.010000 0.000000
0.450000 0.020000 0.000000
0.450000 0.030000 0.000000
0.450000 0.040000 0.000000
0.450000 0.050000 0.000000
0.450000 0.060000 -0.004564
0.450000 0.070000 0.000000
0.450000 0.080000 0.000000
0.450000 0.090000 0.000000
0.450000 0.100000 -0.036404
0.450000 0.110000 -0.037344
0.450000 0.120000 0.000000
0.450000 0.130000 -0.039111
0.450000 0.140000 0.000000
0.450000 0.150000 0.000000
0.450000 0.160000 0.595525
0.450000 0.170000 0.594832
0.450000 0.180000 0.593025
0.450000 0.190000 0.589515
0.450000 0.200000 0.588689
0.450000 0.210000 0.588936
0.450000 0.220000 0.588814
0.450000 0.230000 0.587990
0.450000 0.240000 0.587849
0.450000 0.250000 0.587925
0.450000 0.260000 0.587312
0.450000 0.270000 0.585875
0.450000 0.280000 0.584824
0.450000 0.290000 0.000000
0.450000 0.300000 0.576871
0.450000 0.310000 0.575043
0.450000 0.320000 0.000000
0.450000 0.330000 0.562146
0.450000 0.340000 0.000000
0.450000 0.350000 0.000000
0.450000 0.360000 0.000000
0.450000 0.370000 0.000000
0.450000 0.380000 0.000000
0.450000 0.390000 0.000000
0.450000 0.400000 0.000000
0.450000 0.410000 0.000000
0.450000 0.420000 0.000000
0.450000 0.430000 0.000000
0.450000 0.440000 0.000000
0.450000 0.450000 0.000000
0.450000 0.460000 0.000000
0.450000 0.470000 -0.134666
0.450000 0.480000 0.000000
0.450000 0.490000 0.043231
0.460000 0.000000 0.000000
0.460000 0.010000 -108.453916
0.460000 0.020000 -108.454230
0.460000 0.030000 0.000000
0.460000 0.040000 0.000000
0.460000 0.050000 0.000000
0.460000 0.060000 0.000000
0.460000 0.070000 0.000000
0.460000 0.080000 0.000000
0.460000 0.090000 0.000000
0.460000 0.100000 -0.036383
0.460000 0.110000 -0.037092
0.460000 0.120000 -0.038347
0.460000 0.130000 -0.038933
0.460000 0.140000 -0.039449
0.460000 0.150000 0.000000
0.460000 0.160000 0.000000
0.460000 0.170000 0.000000
0.460000 0.180000 0.000000
0.460000 0.190000 0.587197
0.460000 0.200000 0.588013
0.460000 0.210000 0.587725
0.460000 0.220000 0.588259
0.460000 0.230000 0.587265
0.460000 0.240000 0.588587
0.460000 0.250000 0.589308
0.460000 0.260000 0.588647
0.460000 0.270000 0.585559
0.460000 0.280000 0.000000
0.460000 0.290000 0.576777
0.460000 0.300000 0.576945
0.460000 0.310000 0.574709
0.460000 0.320000 0.569010
0.460000 0.330000 0.562238
0.460000 0.340000 0.541016
0.460000 0.350000 0.519658
0.460000 0.360000 0.519995
0.460000 0.370000 0.000000
0.460000 0.380000 0.000000
0.460000 0.390000 0.000000
0.460000 0.400000 0.000000
0.460000 0.410000 0.000000
0.460000 0.420000 0.000000
0.460000 0.430000 0.000000
0.460000 0.440000 0.000000
0.460000 0.450000 0.000000
0.460000 0.460000 0.000000
0.460000 0.470000 0.000000
0.460000 0.480000 0.000000
0.460000 0.490000 0.042479
0.470000 0.000000 -75.335764
0.470000 0.010000 -108.449273
0.470000 0.020000 0.000000
0.470000 0.030000 0.000000
0.470000 0.040000 0.000000
0.470000 0.050000 0.000000
0.470000 0.060000 0.000000
0.470000 0.070000 0.000000
0.470000 0.080000 0.000000
0.470000 0.090000 0.000000
0.470000 0.100000 0.000000
0.470000 0.110000 0.000000
0.470000 0.120000 0.000000
0.470000 0.130000 -0.038933
0.470000 0.140000 0.000000
0.470000 0.150000 0.000000
0.470000 0.160000 0.000000
0.470000 0.170000 0.000000
0.470000 0.180000 0.000000
0.470000 0.190000 0.000000
0.470000 0.200000 0.588049
0.470000 0.210000 0.587708
0.470000 0.220000 0.587915
0.470000 0.230000 0.588397
0.470000 0.240000 0.589561
0.470000 0.250000 0.591641
0.470000 0.260000 0.592244
0.470000 0.270000 0.582409
0.470000 0.280000 0.572256
0.470000 0.290000 0.574123
0.470000 0.300000 0.579157
0.470000 0.310000 0.578217
0.470000 0.320000 0.572210
0.470000 0.330000 0.576901
0.470000 0.340000 0.000000
0.470000 0.350000 0.498641
0.470000 0.360000 0.000000
0.470000 0.370000 0.000000
0.470000 0.380000 0.520820
0.470000 0.390000 0.533280
0.470000 0.400000 0.000000
0.470000 0.410000 0.000000
0.470000 0.420000 0.000000
0.470000 0.430000 0.000000
0.470000 0.440000 0.000000
0.470000 0.450000 0.000000
0.470000 0.460000 0.000000
0.470000 0.470000 0.000000
0.470000 0.480000 0.000000
0.470000 0.490000 0.042452
0.480000 0.000000 -41.443119
0.480000 0.010000 -50.240011
0.480000 0.020000 0.000000
0.480000 0.030000 0.000000
0.480000 0.040000 0.000000
0.480000 0.050000 0.000000
0.480000 0.060000 0.000000
0.480000 0.070000 0.000000
0.480000 0.080000 0.670630
0.480000 0.090000 0.000000
0.480000 0.100000 0.000000
0.480000 0.110000 0.000000
0.480000 0.120000 0.000000
0.480000 0.130000 0.000000
0.480000 0.140000 0.000000
0.480000 0.150000 0.000000
0.480000 0.160000 0.000000
0.480000 0.170000 0.000000
0.480000 0.180000 0.000000
0.480000 0.190000 0.000000
0.480000 0.200000 0.000000
0.480000 0.210000 0.000000
0.480000 0.220000 0.000000
0.480000 0.230000 0.000000
0.480000 0.240000 0.000000
0.480000 0.250000 0.595950
0.480000 0.260000 0.606308
0.480000 0.270000 0.579392
0.480000 0.280000 0.559198
0.480000 0.290000 0.568361
0.480000 0.300000 0.587032
0.480000 0.310000 0.587959
0.480000 0.320000 0.560090
0.480000 0.330000 0.596614
0.480000 0.340000 0.000000
0.480000 0.350000 0.477536
0.480000 0.360000 0.480803
0.480000 0.370000 0.550537
0.480000 0.380000 0.507971
0.480000 0.390000 0.545888
0.480000 0.400000 0.000000
0.480000 0.410000 0.000000
0.480000 0.420000 0.000000
0.480000 0.430000 0.000000
0.480000 0.440000 -0.037631
0.480000 0.450000 0.000000
0.480000 0.460000 0.000000
0.480000 0.470000 0.000000
0.480000 0.480000 -0.491464
0.480000 0.490000 0.042102
0.490000 0.000000 59.640538
0.490000 0.010000 0.722454
0.490000 0.020000 0.721736
0.490000 0.030000 0.720965
0.490000 0.040000 0.720634
0.490000 0.050000 0.720400
0.490000 0.060000 0.721764
0.490000 0.070000 0.721982
0.490000 0.080000 0.721607
0.490000 0.090000 0.720406
0.490000 0.100000 0.719150
0.490000 0.110000 0.718498
0.490000 0.120000 0.718178
0.490000 0.130000 0.715105
0.490000 0.140000 0.711448
0.490000 0.150000 0.708549
0.490000 0.160000 0.703550
0.490000 0.170000 0.699763
0.490000 0.180000 0.699616
0.490000 0.190000 0.698517
0.490000 0.200000 0.696382
0.490000 0.210000 0.686392
0.490000 0.220000 0.681142
0.490000 0.230000 0.674266
0.490000 0.240000 0.669769
0.490000 0.250000 0.665651
0.490000 0.260000 0.658270
0.490000 0.270000 0.701736
0.490000 0.280000 0.733672
0.490000 0.290000 0.723984
0.490000 0.300000 0.699075
0.490000 0.310000 0.696421
0.490000 0.320000 0.734216
0.490000 0.330000 0.699537
0.490000 0.340000 0.720724
0.490000 0.350000 0.740272
0.490000 0.360000 0.734559
0.490000 0.370000 0.662997
0.490000 0.380000 0.702422
0.490000 0.390000 0.648869
0.490000 0.400000 0.000000
0.490000 0.410000 0.007229
0.490000 0.420000 0.006939
0.490000 0.430000 0.006586
0.490000 0.440000 0.006427
0.490000 0.450000 0.000000
0.490000 0.460000 0.000000
0.490000 0.470000 -0.310908
0.490000 0.480000 -0.311092
0.490000 0.490000 1.221680
