0.000000 0.000000 0.007576
0.000000 0.010000 0.007290
0.000000 0.020000 0.006739
0.000000 0.030000 0.005590
0.000000 0.040000 0.004699
0.000000 0.050000 0.000000
0.000000 0.060000 0.000356
0.000000 0.070000 0.000000
0.000000 0.080000 0.000000
0.000000 0.090000 0.000000
0.000000 0.100000 0.017346
0.000000 0.110000 0.017065
0.000000 0.120000 0.016798
0.000000 0.130000 0.016521
0.000000 0.140000 0.016240
0.000000 0.150000 0.015933
0.000000 0.160000 0.015639
0.000000 0.170000 0.000000
0.000000 0.180000 0.000000
0.000000 0.190000 0.000000
0.000000 0.200000 0.000000
0.000000 0.210000 0.000000
0.000000 0.220000 0.000000
0.000000 0.230000 0.000000
0.000000 0.240000 0.000000
0.000000 0.250000 0.000000
0.000000 0.260000 0.000000
0.000000 0.270000 0.000000
0.000000 0.280000 0.000000
0.000000 0.290000 0.000000
0.000000 0.300000 0.000000
0.000000 0.310000 0.000000
0.000000 0.320000 0.000000
0.000000 0.330000 0.000000
0.000000 0.340000 0.000000
0.000000 0.350000 0.000000
0.000000 0.360000 0.000000
0.000000 0.370000 0.000000
0.000000 0.380000 0.000000
0.000000 0.390000 0.000000
0.000000 0.400000 0.000000
0.000000 0.410000 0.000000
0.000000 0.420000 0.000000
0.000000 0.430000 0.000000
0.000000 0.440000 0.000000
0.000000 0.450000 0.000000
0.000000 0.460000 0.000000
0.000000 0.470000 0.000000
0.000000 0.480000 0.000000
0.000000 0.490000 0.000000
0.010000 0.000000 0.007576
0.010000 0.010000 0.000000
0.010000 0.020000 0.000000
0.010000 0.030000 0.000000
0.010000 0.040000 0.000000
0.010000 0.050000 0.000000
0.010000 0.060000 0.000000
0.010000 0.070000 0.000000
0.010000 0.080000 0.000000
0.010000 0.090000 0.000000
0.010000 0.100000 0.000000
0.010000 0.110000 0.000000
0.010000 0.120000 0.000000
0.010000 0.130000 0.000000
0.010000 0.140000 0.000000
0.010000 0.150000 0.000000
0.010000 0.160000 0.000000
0.010000 0.170000 0.000000
0.010000 0.180000 0.000000
0.010000 0.190000 0.000000
0.010000 0.200000 0.000000
0.010000 0.210000 0.000000
0.010000 0.220000 0.000000
0.010000 0.230000 0.000000
0.010000 0.240000 0.000000
0.010000 0.250000 0.000000
0.010000 0.260000 0.000000
0.010000 0.270000 0.000000
0.010000 0.280000 0.000000
0.010000 0.290000 0.000000
0.010000 0.300000 0.000000
0.010000 0.310000 0.000000
0.010000 0.320000 0.000000
0.010000 0.330000 0.000000
0.010000 0.340000 0.000000
0.010000 0.350000 0.000000
0.010000 0.360000 0.000000
0.010000 0.370000 0.000000
0.010000 0.380000 0.000000
0.010000 0.390000 0.000000
0.010000 0.400000 0.000000
0.010000 0.410000 0.000000
0.010000 0.420000 0.000000
0.010000 0.430000 0.000000
0.010000 0.440000 0.000000
0.010000 0.450000 0.000000
0.010000 0.460000 0.000000
0.010000 0.470000 0.000000
0.010000 0.480000 0.000000
0.010000 0.490000 0.000000
0.020000 0.000000 0.007575
0.020000 0.010000 0.000000
0.020000 0.020000 0.000000
0.020000 0.030000 0.000000
0.020000 0.040000 0.000000
0.020000 0.050000 0.000000
0.020000 0.060000 0.000000
0.020000 0.070000 0.000000
0.020000 0.080000 0.000000
0.020000 0.090000 0.000000
0.020000 0.100000 0.000000
0.020000 0.110000 0.000000
0.020000 0.120000 0.000000
0.020000 0.130000 0.000000
0.020000 0.140000 0.000000
0.020000 0.150000 0.000000
0.020000 0.160000 0.000000
0.020000 0.170000 0.000000
0.020000 0.180000 0.000000
0.020000 0.190000 0.000000
0.020000 0.200000 0.000000
0.020000 0.210000 0.000000
0.020000 0.220000 0.000000
0.020000 0.230000 0.000000
0.020000 0.240000 0.000000
0.020000 0.250000 0.000000
0.020000 0.260000 0.000000
0.020000 0.270000 0.000000
0.020000 0.280000 0.000000
0.020000 0.290000 0.000000
0.020000 0.300000 0.000000
0.020000 0.310000 0.000000
0.020000 0.320000 0.000000
0.020000 0.330000 0.000000
0.020000 0.340000 0.000000
0.020000 0.350000 0.000000
0.020000 0.360000 0.000000
0.020000 0.370000 0.000000
0.020000 0.380000 0.000000
0.020000 0.390000 0.000000
0.020000 0.400000 0.000000
0.020000 0.410000 0.000000
0.020000 0.420000 0.000000
0.020000 0.430000 0.000000
0.020000 0.440000 0.000000
0.020000 0.450000 0.000000
0.020000 0.460000 0.000000
0.020000 0.470000 0.000000
0.020000 0.480000 0.000000
0.020000 0.490000 0.000000
0.030000 0.000000 0.007574
0.030000 0.010000 0.000000
0.030000 0.020000 0.000000
0.030000 0.030000 0.000000
0.030000 0.040000 0.000000
0.030000 0.050000 0.000000
0.030000 0.060000 0.000000
0.030000 0.070000 0.000000
0.030000 0.080000 0.000000
0.030000 0.090000 0.000000
0.030000 0.100000 0.000000
0.030000 0.110000 0.000000
0.030000 0.120000 0.000000
0.030000 0.130000 0.000000
0.030000 0.140000 0.000000
0.030000 0.150000 0.000000
0.030000 0.160000 0.000000
0.030000 0.170000 0.000000
0.030000 0.180000 0.000000
0.030000 0.190000 0.000000
0.030000 0.200000 0.000000
0.030000 0.210000 0.000000
0.030000 0.220000 0.000000
0.030000 0.230000 0.000000
0.030000 0.240000 0.000000
0.030000 0.250000 0.000000
0.030000 0.260000 0.000000
0.030000 0.270000 0.000000
0.030000 0.280000 0.000000
0.030000 0.290000 0.000000
0.030000 0.300000 0.000000
0.030000 0.310000 0.000000
0.030000 0.320000 0.000000
0.030000 0.330000 0.000000
0.030000 0.340000 0.000000
0.030000 0.350000 0.000000
0.030000 0.360000 0.000000
0.030000 0.370000 0.000000
0.030000 0.380000 0.000000
0.030000 0.390000 0.000000
0.030000 0.400000 0.000000
0.030000 0.410000 0.000000
0.030000 0.420000 0.000000
0.030000 0.430000 0.000000
0.030000 0.440000 0.000000
0.030000 0.450000 0.000000
0.030000 0.460000 0.000000
0.030000 0.470000 0.000000
0.030000 0.480000 0.000000
0.030000 0.490000 0.000000
0.040000 0.000000 0.007574
0.040000 0.010000 0.000000
0.040000 0.020000 0.000000
0.040000 0.030000 0.000000
0.040000 0.040000 0.000000
0.040000 0.050000 0.000000
0.040000 0.060000 0.000000
0.040000 0.070000 0.000000
0.040000 0.080000 0.000000
0.040000 0.090000 0.000000
0.040000 0.100000 0.000000
0.040000 0.110000 0.000000
0.040000 0.120000 0.000000
0.040000 0.130000 0.000000
0.040000 0.140000 0.000000
0.040000 0.150000 0.000000
0.040000 0.160000 0.000000
0.040000 0.170000 0.000000
0.040000 0.180000 0.000000
0.040000 0.190000 0.000000
0.040000 0.200000 0.000000
0.040000 0.210000 0.000000
0.040000 0.220000 0.000000
0.040000 0.230000 0.000000
0.040000 0.240000 0.000000
0.040000 0.250000 0.000000
0.040000 0.260000 0.000000
0.040000 0.270000 0.000000
0.040000 0.280000 0.000000
0.040000 0.290000 0.000000
0.040000 0.300000 0.000000
0.040000 0.310000 0.000000
0.040000 0.320000 0.000000
0.040000 0.330000 0.000000
0.040000 0.340000 0.000000
0.040000 0.350000 0.000000
0.040000 0.360000 0.000000
0.040000 0.370000 0.000000
0.040000 0.380000 0.000000
0.040000 0.390000 0.000000
0.040000 0.400000 0.000000
0.040000 0.410000 0.000000
0.040000 0.420000 0.000000
0.040000 0.430000 0.000000
0.040000 0.440000 0.000000
0.040000 0.450000 0.000000
0.040000 0.460000 0.000000
0.040000 0.470000 0.000000
0.040000 0.480000 0.000000
0.040000 0.490000 0.000000
0.050000 0.000000 0.007574
0.050000 0.010000 0.000000
0.050000 0.020000 0.000000
0.050000 0.030000 0.000000
0.050000 0.040000 0.000000
0.050000 0.050000 0.000000
0.050000 0.060000 0.000000
0.050000 0.070000 0.000000
0.050000 0.080000 0.000000
0.050000 0.090000 0.000000
0.050000 0.100000 0.000000
0.050000 0.110000 0.000000
0.050000 0.120000 0.000000
0.050000 0.130000 0.000000
0.050000 0.140000 0.000000
0.050000 0.150000 0.000000
0.050000 0.160000 0.000000
0.050000 0.170000 0.000000
0.050000 0.180000 0.000000
0.050000 0.190000 0.000000
0.050000 0.200000 0.000000
0.050000 0.210000 0.000000
0.050000 0.220000 0.000000
0.050000 0.230000 0.000000
0.050000 0.240000 0.000000
0.050000 0.250000 0.000000
0.050000 0.260000 0.000000
0.050000 0.270000 0.000000
0.050000 0.280000 0.000000
0.050000 0.290000 0.000000
0.050000 0.300000 0.000000
0.050000 0.310000 0.000000
0.050000 0.320000 0.000000
0.050000 0.330000 0.000000
0.050000 0.340000 0.000000
0.050000 0.350000 0.000000
0.050000 0.360000 0.000000
0.050000 0.370000 0.000000
0.050000 0.380000 0.000000
0.050000 0.390000 0.000000
0.050000 0.400000 0.000000
0.050000 0.410000 0.000000
0.050000 0.420000 0.000000
0.050000 0.430000 0.000000
0.050000 0.440000 0.000000
0.050000 0.450000 0.000000
0.050000 0.460000 0.000000
0.050000 0.470000 0.000000
0.050000 0.480000 0.000000
0.050000 0.490000 0.000000
0.060000 0.000000 0.007574
0.060000 0.010000 0.000000
0.060000 0.020000 0.000000
0.060000 0.030000 0.000000
0.060000 0.040000 0.000000
0.060000 0.050000 0.000000
0.060000 0.060000 0.000000
0.060000 0.070000 0.000000
0.060000 0.080000 0.000000
0.060000 0.090000 0.000000
0.060000 0.100000 0.000000
0.060000 0.110000 0.000000
0.060000 0.120000 0.000000
0.060000 0.130000 0.000000
0.060000 0.140000 0.000000
0.060000 0.150000 0.000000
0.060000 0.160000 0.000000
0.060000 0.170000 0.000000
0.060000 0.180000 0.000000
0.060000 0.190000 0.000000
0.060000 0.200000 0.000000
0.060000 0.210000 0.000000
0.060000 0.220000 0.000000
0.060000 0.230000 0.000000
0.060000 0.240000 0.000000
0.060000 0.250000 0.000000
0.060000 0.260000 0.000000
0.060000 0.270000 0.000000
0.060000 0.280000 0.000000
0.060000 0.290000 0.000000
0.060000 0.300000 0.000000
0.060000 0.310000 0.000000
0.060000 0.320000 0.000000
0.060000 0.330000 0.000000
0.060000 0.340000 0.000000
0.060000 0.350000 0.000000
0.060000 0.360000 0.000000
0.060000 0.370000 0.000000
0.060000 0.380000 0.000000
0.060000 0.390000 0.000000
0.060000 0.400000 0.000000
0.060000 0.410000 0.000000
0.060000 0.420000 0.000000
0.060000 0.430000 0.000000
0.060000 0.440000 0.000000
0.060000 0.450000 0.000000
0.060000 0.460000 0.000000
0.060000 0.470000 0.000000
0.060000 0.480000 0.000000
0.060000 0.490000 0.000000
0.070000 0.000000 0.007574
0.070000 0.010000 0.000000
0.070000 0.020000 0.000000
0.070000 0.030000 0.000000
0.070000 0.040000 0.000000
0.070000 0.050000 0.000000
0.070000 0.060000 0.000000
0.070000 0.070000 0.000000
0.070000 0.080000 0.000000
0.070000 0.090000 0.000000
0.070000 0.100000 0.000000
0.070000 0.110000 0.000000
0.070000 0.120000 0.000000
0.070000 0.130000 0.000000
0.070000 0.140000 0.000000
0.070000 0.150000 0.000000
0.070000 0.160000 0.000000
0.070000 0.170000 0.000000
0.070000 0.180000 0.000000
0.070000 0.190000 0.000000
0.070000 0.200000 0.000000
0.070000 0.210000 0.000000
0.070000 0.220000 0.000000
0.070000 0.230000 0.000000
0.070000 0.240000 0.000000
0.070000 0.250000 0.000000
0.070000 0.260000 0.000000
0.070000 0.270000 0.000000
0.070000 0.280000 0.000000
0.070000 0.290000 0.000000
0.070000 0.300000 0.000000
0.070000 0.310000 0.000000
0.070000 0.320000 0.000000
0.070000 0.330000 0.000000
0.070000 0.340000 0.000000
0.070000 0.350000 0.000000
0.070000 0.360000 0.000000
0.070000 0.370000 0.000000
0.070000 0.380000 0.000000
0.070000 0.390000 0.000000
0.070000 0.400000 0.000000
0.070000 0.410000 0.000000
0.070000 0.420000 0.000000
0.070000 0.430000 0.000000
0.070000 0.440000 0.000000
0.070000 0.450000 0.000000
0.070000 0.460000 0.000000
0.070000 0.470000 0.000000
0.070000 0.480000 0.000000
0.070000 0.490000 0.000000
0.080000 0.000000 0.007573
0.080000 0.010000 0.000000
0.080000 0.020000 0.000000
0.080000 0.030000 0.000000
0.080000 0.040000 0.000000
0.080000 0.050000 0.000000
0.080000 0.060000 0.000000
0.080000 0.070000 0.000000
0.080000 0.080000 0.000000
0.080000 0.090000 0.000000
0.080000 0.100000 0.000000
0.080000 0.110000 0.000000
0.080000 0.120000 0.000000
0.080000 0.130000 0.000000
0.080000 0.140000 0.000000
0.080000 0.150000 0.000000
0.080000 0.160000 0.000000
0.080000 0.170000 0.000000
0.080000 0.180000 0.000000
0.080000 0.190000 0.000000
0.080000 0.200000 0.000000
0.080000 0.210000 0.000000
0.080000 0.220000 0.000000
0.080000 0.230000 0.000000
0.080000 0.240000 0.000000
0.080000 0.250000 0.000000
0.080000 0.260000 0.000000
0.080000 0.270000 0.000000
0.080000 0.280000 0.000000
0.080000 0.290000 0.000000
0.080000 0.300000 0.000000
0.080000 0.310000 0.000000
0.080000 0.320000 0.000000
0.080000 0.330000 0.000000
0.080000 0.340000 0.000000
0.080000 0.350000 0.000000
0.080000 0.360000 0.000000
0.080000 0.370000 0.000000
0.080000 0.380000 0.000000
0.080000 0.390000 0.000000
0.080000 0.400000 0.000000
0.080000 0.410000 0.000000
0.080000 0.420000 0.000000
0.080000 0.430000 0.000000
0.080000 0.440000 0.000000
0.080000 0.450000 0.000000
0.080000 0.460000 0.000000
0.080000 0.470000 0.000000
0.080000 0.480000 0.000000
0.080000 0.490000 0.000000
0.090000 0.000000 0.007573
0.090000 0.010000 0.000000
0.090000 0.020000 0.000000
0.090000 0.030000 0.000000
0.090000 0.040000 0.000000
0.090000 0.050000 0.000000
0.090000 0.060000 0.000000
0.090000 0.070000 0.000000
0.090000 0.080000 0.000000
0.090000 0.090000 0.000000
0.090000 0.100000 0.000000
0.090000 0.110000 0.000000
0.090000 0.120000 0.000000
0.090000 0.130000 0.000000
0.090000 0.140000 0.000000
0.090000 0.150000 0.000000
0.090000 0.160000 0.000000
0.090000 0.170000 0.000000
0.090000 0.180000 0.000000
0.090000 0.190000 0.000000
0.090000 0.200000 0.000000
0.090000 0.210000 0.000000
0.090000 0.220000 0.000000
0.090000 0.230000 0.000000
0.090000 0.240000 0.000000
0.090000 0.250000 0.000000
0.090000 0.260000 0.000000
0.090000 0.270000 0.000000
0.090000 0.280000 0.000000
0.090000 0.290000 0.000000
0.090000 0.300000 0.000000
0.090000 0.310000 0.000000
0.090000 0.320000 0.000000
0.090000 0.330000 0.000000
0.090000 0.340000 0.000000
0.090000 0.350000 0.000000
0.090000 0.360000 0.000000
0.090000 0.370000 0.000000
0.090000 0.380000 0.000000
0.090000 0.390000 0.000000
0.090000 0.400000 0.000000
0.090000 0.410000 0.000000
0.090000 0.420000 0.000000
0.090000 0.430000 0.000000
0.090000 0.440000 0.000000
0.090000 0.450000 0.000000
0.090000 0.460000 0.000000
0.090000 0.470000 0.000000
0.090000 0.480000 0.000000
0.090000 0.490000 0.000000
0.100000 0.000000 0.007571
0.100000 0.010000 0.000000
0.100000 0.020000 0.000000
0.100000 0.030000 0.000000
0.100000 0.040000 0.000000
0.100000 0.050000 0.000000
0.100000 0.060000 0.000000
0.100000 0.070000 0.000000
0.100000 0.080000 0.000000
0.100000 0.090000 0.000000
0.100000 0.100000 0.000000
0.100000 0.110000 0.000000
0.100000 0.120000 0.000000
0.100000 0.130000 0.000000
0.100000 0.140000 0.000000
0.100000 0.150000 0.000000
0.100000 0.160000 0.000000
0.100000 0.170000 0.000000
0.100000 0.180000 0.000000
0.100000 0.190000 0.000000
0.100000 0.200000 0.000000
0.100000 0.210000 0.000000
0.100000 0.220000 0.000000
0.100000 0.230000 0.000000
0.100000 0.240000 0.000000
0.100000 0.250000 0.000000
0.100000 0.260000 0.000000
0.100000 0.270000 0.000000
0.100000 0.280000 0.000000
0.100000 0.290000 0.000000
0.100000 0.300000 0.000000
0.100000 0.310000 0.000000
0.100000 0.320000 0.000000
0.100000 0.330000 0.000000
0.100000 0.340000 0.000000
0.100000 0.350000 0.000000
0.100000 0.360000 0.000000
0.100000 0.370000 0.000000
0.100000 0.380000 0.000000
0.100000 0.390000 0.000000
0.100000 0.400000 0.000000
0.100000 0.410000 0.000000
0.100000 0.420000 0.000000
0.100000 0.430000 0.000000
0.100000 0.440000 0.000000
0.100000 0.450000 0.000000
0.100000 0.460000 0.000000
0.100000 0.470000 0.000000
0.100000 0.480000 0.000000
0.100000 0.490000 0.000000
0.110000 0.000000 0.007571
0.110000 0.010000 0.000000
0.110000 0.020000 0.000000
0.110000 0.030000 0.000000
0.110000 0.040000 0.000000
0.110000 0.050000 0.000000
0.110000 0.060000 0.000000
0.110000 0.070000 0.000000
0.110000 0.080000 0.000000
0.110000 0.090000 0.000000
0.110000 0.100000 0.000000
0.110000 0.110000 0.000000
0.110000 0.120000 0.000000
0.110000 0.130000 0.000000
0.110000 0.140000 0.000000
0.110000 0.150000 0.000000
0.110000 0.160000 0.000000
0.110000 0.170000 0.000000
0.110000 0.180000 0.000000
0.110000 0.190000 0.000000
0.110000 0.200000 0.000000
0.110000 0.210000 0.000000
0.110000 0.220000 0.000000
0.110000 0.230000 0.000000
0.110000 0.240000 0.000000
0.110000 0.250000 0.000000
0.110000 0.260000 0.000000
0.110000 0.270000 0.000000
0.110000 0.280000 0.000000
0.110000 0.290000 0.000000
0.110000 0.300000 0.000000
0.110000 0.310000 0.000000
0.110000 0.320000 0.000000
0.110000 0.330000 0.000000
0.110000 0.340000 0.000000
0.110000 0.350000 0.000000
0.110000 0.360000 0.000000
0.110000 0.370000 0.000000
0.110000 0.380000 0.000000
0.110000 0.390000 0.000000
0.110000 0.400000 0.000000
0.110000 0.410000 0.000000
0.110000 0.420000 0.000000
0.110000 0.430000 0.000000
0.110000 0.440000 0.000000
0.110000 0.450000 0.000000
0.110000 0.460000 0.000000
0.110000 0.470000 0.000000
0.110000 0.480000 0.000000
0.110000 0.490000 0.000000
0.120000 0.000000 0.007571
0.120000 0.010000 0.000000
0.120000 0.020000 0.000000
0.120000 0.030000 0.000000
0.120000 0.040000 0.000000
0.120000 0.050000 0.000000
0.120000 0.060000 0.000000
0.120000 0.070000 0.000000
0.120000 0.080000 0.000000
0.120000 0.090000 0.000000
0.120000 0.100000 0.000000
0.120000 0.110000 0.000000
0.120000 0.120000 0.000000
0.120000 0.130000 0.000000
0.120000 0.140000 0.000000
0.120000 0.150000 0.000000
0.120000 0.160000 0.000000
0.120000 0.170000 0.000000
0.120000 0.180000 0.000000
0.120000 0.190000 0.000000
0.120000 0.200000 0.000000
0.120000 0.210000 0.000000
0.120000 0.220000 0.000000
0.120000 0.230000 0.000000
0.120000 0.240000 0.000000
0.120000 0.250000 0.000000
0.120000 0.260000 0.000000
0.120000 0.270000 0.000000
0.120000 0.280000 0.000000
0.120000 0.290000 0.000000
0.120000 0.300000 0.000000
0.120000 0.310000 0.000000
0.120000 0.320000 0.000000
0.120000 0.330000 0.000000
0.120000 0.340000 0.000000
0.120000 0.350000 0.000000
0.120000 0.360000 0.000000
0.120000 0.370000 0.000000
0.120000 0.380000 0.000000
0.120000 0.390000 0.000000
0.120000 0.400000 0.000000
0.120000 0.410000 0.000000
0.120000 0.420000 0.000000
0.120000 0.430000 0.000000
0.120000 0.440000 0.000000
0.120000 0.450000 0.000000
0.120000 0.460000 0.000000
0.120000 0.470000 0.000000
0.120000 0.480000 0.000000
0.120000 0.490000 0.000000
0.130000 0.000000 0.007570
0.130000 0.010000 0.000000
0.130000 0.020000 0.000000
0.130000 0.030000 0.000000
0.130000 0.040000 0.000000
0.130000 0.050000 0.000000
0.130000 0.060000 0.000000
0.130000 0.070000 0.000000
0.130000 0.080000 0.000000
0.130000 0.090000 0.000000
0.130000 0.100000 0.000000
0.130000 0.110000 0.000000
0.130000 0.120000 0.000000
0.130000 0.130000 0.000000
0.130000 0.140000 0.000000
0.130000 0.150000 0.000000
0.130000 0.160000 0.000000
0.130000 0.170000 0.000000
0.130000 0.180000 0.000000
0.130000 0.190000 0.000000
0.130000 0.200000 0.000000
0.130000 0.210000 0.000000
0.130000 0.220000 0.000000
0.130000 0.230000 0.000000
0.130000 0.240000 0.000000
0.130000 0.250000 0.000000
0.130000 0.260000 0.000000
0.130000 0.270000 0.000000
0.130000 0.280000 0.000000
0.130000 0.290000 0.000000
0.130000 0.300000 0.000000
0.130000 0.310000 0.000000
0.130000 0.320000 0.000000
0.130000 0.330000 0.000000
0.130000 0.340000 0.000000
0.130000 0.350000 0.000000
0.130000 0.360000 0.000000
0.130000 0.370000 0.000000
0.130000 0.380000 0.000000
0.130000 0.390000 0.000000
0.130000 0.400000 0.000000
0.130000 0.410000 0.000000
0.130000 0.420000 0.000000
0.130000 0.430000 0.000000
0.130000 0.440000 0.000000
0.130000 0.450000 0.000000
0.130000 0.460000 0.000000
0.130000 0.470000 0.000000
0.130000 0.480000 0.000000
0.130000 0.490000 0.000000
0.140000 0.000000 0.007570
0.140000 0.010000 0.000000
0.140000 0.020000 0.000000
0.140000 0.030000 0.000000
0.140000 0.040000 0.000000
0.140000 0.050000 0.000000
0.140000 0.060000 0.000000
0.140000 0.070000 0.000000
0.140000 0.080000 0.000000
0.140000 0.090000 0.000000
0.140000 0.100000 0.000000
0.140000 0.110000 0.000000
0.140000 0.120000 0.000000
0.140000 0.130000 0.000000
0.140000 0.140000 0.000000
0.140000 0.150000 0.000000
0.140000 0.160000 0.000000
0.140000 0.170000 0.000000
0.140000 0.180000 0.000000
0.140000 0.190000 0.000000
0.140000 0.200000 0.000000
0.140000 0.210000 0.000000
0.140000 0.220000 0.000000
0.140000 0.230000 0.000000
0.140000 0.240000 0.000000
0.140000 0.250000 0.000000
0.140000 0.260000 0.000000
0.140000 0.270000 0.000000
0.140000 0.280000 0.000000
0.140000 0.290000 0.000000
0.140000 0.300000 0.000000
0.140000 0.310000 0.000000
0.140000 0.320000 0.000000
0.140000 0.330000 0.000000
0.140000 0.340000 0.000000
0.140000 0.350000 0.000000
0.140000 0.360000 0.000000
0.140000 0.370000 0.000000
0.140000 0.380000 0.000000
0.140000 0.390000 0.000000
0.140000 0.400000 0.000000
0.140000 0.410000 0.000000
0.140000 0.420000 0.000000
0.140000 0.430000 0.000000
0.140000 0.440000 0.000000
0.140000 0.450000 0.000000
0.140000 0.460000 0.000000
0.140000 0.470000 0.000000
0.140000 0.480000 0.000000
0.140000 0.490000 0.000000
0.150000 0.000000 0.007568
0.150000 0.010000 0.000000
0.150000 0.020000 0.000000
0.150000 0.030000 0.000000
0.150000 0.040000 0.000000
0.150000 0.050000 0.000000
0.150000 0.060000 0.000000
0.150000 0.070000 0.000000
0.150000 0.080000 0.000000
0.150000 0.090000 0.000000
0.150000 0.100000 0.000000
0.150000 0.110000 0.000000
0.150000 0.120000 0.000000
0.150000 0.130000 0.000000
0.150000 0.140000 0.000000
0.150000 0.150000 0.000000
0.150000 0.160000 0.000000
0.150000 0.170000 0.000000
0.150000 0.180000 0.000000
0.150000 0.190000 0.000000
0.150000 0.200000 0.000000
0.150000 0.210000 0.000000
0.150000 0.220000 0.000000
0.150000 0.230000 0.000000
0.150000 0.240000 0.000000
0.150000 0.250000 0.000000
0.150000 0.260000 0.000000
0.150000 0.270000 0.000000
0.150000 0.280000 0.000000
0.150000 0.290000 0.000000
0.150000 0.300000 0.000000
0.150000 0.310000 0.000000
0.150000 0.320000 0.000000
0.150000 0.330000 0.000000
0.150000 0.340000 0.000000
0.150000 0.350000 0.000000
0.150000 0.360000 0.000000
0.150000 0.370000 0.000000
0.150000 0.380000 0.000000
0.150000 0.390000 0.000000
0.150000 0.400000 0.000000
0.150000 0.410000 0.000000
0.150000 0.420000 0.000000
0.150000 0.430000 0.000000
0.150000 0.440000 0.000000
0.150000 0.450000 0.000000
0.150000 0.460000 0.000000
0.150000 0.470000 0.000000
0.150000 0.480000 0.000000
0.150000 0.490000 0.000000
0.160000 0.000000 0.007567
0.160000 0.010000 0.000000
0.160000 0.020000 0.000000
0.160000 0.030000 0.000000
0.160000 0.040000 0.000000
0.160000 0.050000 0.000000
0.160000 0.060000 0.000000
0.160000 0.070000 0.000000
0.160000 0.080000 0.000000
0.160000 0.090000 0.000000
0.160000 0.100000 0.000000
0.160000 0.110000 0.000000
0.160000 0.120000 0.000000
0.160000 0.130000 0.000000
0.160000 0.140000 0.000000
0.160000 0.150000 0.000000
0.160000 0.160000 0.000000
0.160000 0.170000 0.000000
0.160000 0.180000 0.000000
0.160000 0.190000 0.000000
0.160000 0.200000 0.000000
0.160000 0.210000 0.000000
0.160000 0.220000 0.000000
0.160000 0.230000 0.000000
0.160000 0.240000 0.000000
0.160000 0.250000 0.000000
0.160000 0.260000 0.000000
0.160000 0.270000 0.000000
0.160000 0.280000 0.000000
0.160000 0.290000 0.000000
0.160000 0.300000 0.000000
0.160000 0.310000 0.000000
0.160000 0.320000 0.000000
0.160000 0.330000 0.000000
0.160000 0.340000 0.000000
0.160000 0.350000 0.000000
0.160000 0.360000 0.000000
0.160000 0.370000 0.000000
0.160000 0.380000 0.000000
0.160000 0.390000 0.000000
0.160000 0.400000 0.000000
0.160000 0.410000 0.000000
0.160000 0.420000 0.000000
0.160000 0.430000 0.000000
0.160000 0.440000 0.000000
0.160000 0.450000 0.000000
0.160000 0.460000 0.000000
0.160000 0.470000 0.000000
0.160000 0.480000 0.000000
0.160000 0.490000 0.000000
0.170000 0.000000 0.007567
0.170000 0.010000 0.000000
0.170000 0.020000 0.000000
0.170000 0.030000 0.000000
0.170000 0.040000 0.000000
0.170000 0.050000 0.000000
0.170000 0.060000 0.000000
0.170000 0.070000 0.000000
0.170000 0.080000 0.000000
0.170000 0.090000 0.000000
0.170000 0.100000 0.000000
0.170000 0.110000 0.000000
0.170000 0.120000 0.000000
0.170000 0.130000 0.000000
0.170000 0.140000 0.000000
0.170000 0.150000 0.000000
0.170000 0.160000 0.000000
0.170000 0.170000 0.000000
0.170000 0.180000 0.000000
0.170000 0.190000 0.000000
0.170000 0.200000 0.000000
0.170000 0.210000 0.000000
0.170000 0.220000 0.000000
0.170000 0.230000 0.000000
0.170000 0.240000 0.000000
0.170000 0.250000 0.000000
0.170000 0.260000 0.000000
0.170000 0.270000 0.000000
0.170000 0.280000 0.000000
0.170000 0.290000 0.000000
0.170000 0.300000 0.000000
0.170000 0.310000 0.000000
0.170000 0.320000 0.000000
0.170000 0.330000 0.000000
0.170000 0.340000 0.000000
0.170000 0.350000 0.000000
0.170000 0.360000 0.000000
0.170000 0.370000 0.000000
0.170000 0.380000 0.000000
0.170000 0.390000 0.000000
0.170000 0.400000 0.000000
0.170000 0.410000 0.000000
0.170000 0.420000 0.000000
0.170000 0.430000 0.000000
0.170000 0.440000 0.000000
0.170000 0.450000 0.000000
0.170000 0.460000 0.000000
0.170000 0.470000 0.000000
0.170000 0.480000 0.000000
0.170000 0.490000 0.000000
0.180000 0.000000 0.007566
0.180000 0.010000 0.000000
0.180000 0.020000 0.000000
0.180000 0.030000 0.000000
0.180000 0.040000 0.000000
0.180000 0.050000 0.000000
0.180000 0.060000 0.000000
0.180000 0.070000 0.000000
0.180000 0.080000 0.000000
0.180000 0.090000 0.000000
0.180000 0.100000 0.000000
0.180000 0.110000 0.000000
0.180000 0.120000 0.000000
0.180000 0.130000 0.000000
0.180000 0.140000 0.000000
0.180000 0.150000 0.000000
0.180000 0.160000 0.000000
0.180000 0.170000 0.000000
0.180000 0.180000 0.000000
0.180000 0.190000 0.000000
0.180000 0.200000 0.000000
0.180000 0.210000 0.000000
0.180000 0.220000 0.000000
0.180000 0.230000 0.000000
0.180000 0.240000 0.000000
0.180000 0.250000 0.000000
0.180000 0.260000 0.000000
0.180000 0.270000 0.000000
0.180000 0.280000 0.000000
0.180000 0.290000 0.000000
0.180000 0.300000 0.000000
0.180000 0.310000 0.000000
0.180000 0.320000 0.000000
0.180000 0.330000 0.000000
0.180000 0.340000 0.000000
0.180000 0.350000 0.000000
0.180000 0.360000 0.000000
0.180000 0.370000 0.000000
0.180000 0.380000 0.000000
0.180000 0.390000 0.000000
0.180000 0.400000 0.000000
0.180000 0.410000 0.000000
0.180000 0.420000 0.000000
0.180000 0.430000 0.000000
0.180000 0.440000 0.000000
0.180000 0.450000 0.000000
0.180000 0.460000 0.000000
0.180000 0.470000 0.000000
0.180000 0.480000 0.000000
0.180000 0.490000 0.000000
0.190000 0.000000 0.007566
0.190000 0.010000 0.000000
0.190000 0.020000 0.000000
0.190000 0.030000 0.000000
0.190000 0.040000 0.000000
0.190000 0.050000 0.000000
0.190000 0.060000 0.000000
0.190000 0.070000 0.000000
0.190000 0.080000 0.000000
0.190000 0.090000 0.000000
0.190000 0.100000 0.000000
0.190000 0.110000 0.000000
0.190000 0.120000 0.000000
0.190000 0.130000 0.000000
0.190000 0.140000 0.000000
0.190000 0.150000 0.000000
0.190000 0.160000 0.000000
0.190000 0.170000 0.000000
0.190000 0.180000 0.000000
0.190000 0.190000 0.000000
0.190000 0.200000 0.000000
0.190000 0.210000 0.000000
0.190000 0.220000 0.000000
0.190000 0.230000 0.000000
0.190000 0.240000 0.000000
0.190000 0.250000 0.000000
0.190000 0.260000 0.000000
0.190000 0.270000 0.000000
0.190000 0.280000 0.000000
0.190000 0.290000 0.000000
0.190000 0.300000 0.000000
0.190000 0.310000 0.000000
0.190000 0.320000 0.000000
0.190000 0.330000 0.000000
0.190000 0.340000 0.000000
0.190000 0.350000 0.000000
0.190000 0.360000 0.000000
0.190000 0.370000 0.000000
0.190000 0.380000 0.000000
0.190000 0.390000 0.000000
0.190000 0.400000 0.000000
0.190000 0.410000 0.000000
0.190000 0.420000 0.000000
0.190000 0.430000 0.000000
0.190000 0.440000 0.000000
0.190000 0.450000 0.000000
0.190000 0.460000 0.000000
0.190000 0.470000 0.000000
0.190000 0.480000 0.000000
0.190000 0.490000 0.000000
0.200000 0.000000 0.007566
0.200000 0.010000 0.000000
0.200000 0.020000 0.000000
0.200000 0.030000 0.000000
0.200000 0.040000 0.000000
0.200000 0.050000 0.000000
0.200000 0.060000 0.000000
0.200000 0.070000 0.000000
0.200000 0.080000 0.000000
0.200000 0.090000 0.000000
0.200000 0.100000 0.000000
0.200000 0.110000 0.000000
0.200000 0.120000 0.000000
0.200000 0.130000 0.000000
0.200000 0.140000 0.000000
0.200000 0.150000 0.000000
0.200000 0.160000 0.000000
0.200000 0.170000 0.000000
0.200000 0.180000 0.000000
0.200000 0.190000 0.000000
0.200000 0.200000 0.000000
0.200000 0.210000 0.000000
0.200000 0.220000 0.000000
0.200000 0.230000 0.000000
0.200000 0.240000 0.000000
0.200000 0.250000 0.000000
0.200000 0.260000 0.000000
0.200000 0.270000 0.000000
0.200000 0.280000 0.000000
0.200000 0.290000 0.000000
0.200000 0.300000 0.000000
0.200000 0.310000 0.000000
0.200000 0.320000 0.000000
0.200000 0.330000 0.000000
0.200000 0.340000 0.000000
0.200000 0.350000 0.000000
0.200000 0.360000 0.000000
0.200000 0.370000 0.000000
0.200000 0.380000 0.000000
0.200000 0.390000 0.000000
0.200000 0.400000 0.000000
0.200000 0.410000 0.000000
0.200000 0.420000 0.000000
0.200000 0.430000 0.000000
0.200000 0.440000 0.000000
0.200000 0.450000 0.000000
0.200000 0.460000 0.000000
0.200000 0.470000 0.000000
0.200000 0.480000 0.000000
0.200000 0.490000 0.000000
0.210000 0.000000 0.007566
0.210000 0.010000 0.000000
0.210000 0.020000 0.000000
0.210000 0.030000 0.000000
0.210000 0.040000 0.000000
0.210000 0.050000 0.000000
0.210000 0.060000 0.000000
0.210000 0.070000 0.000000
0.210000 0.080000 0.000000
0.210000 0.090000 0.000000
0.210000 0.100000 0.000000
0.210000 0.110000 0.000000
0.210000 0.120000 0.000000
0.210000 0.130000 0.000000
0.210000 0.140000 0.000000
0.210000 0.150000 0.000000
0.210000 0.160000 0.000000
0.210000 0.170000 0.000000
0.210000 0.180000 0.000000
0.210000 0.190000 0.000000
0.210000 0.200000 0.000000
0.210000 0.210000 0.000000
0.210000 0.220000 0.000000
0.210000 0.230000 0.000000
0.210000 0.240000 0.000000
0.210000 0.250000 0.000000
0.210000 0.260000 0.000000
0.210000 0.270000 0.000000
0.210000 0.280000 0.000000
0.210000 0.290000 0.000000
0.210000 0.300000 0.000000
0.210000 0.310000 0.000000
0.210000 0.320000 0.000000
0.210000 0.330000 0.000000
0.210000 0.340000 0.000000
0.210000 0.350000 0.000000
0.210000 0.360000 0.000000
0.210000 0.370000 0.000000
0.210000 0.380000 0.000000
0.210000 0.390000 0.000000
0.210000 0.400000 0.000000
0.210000 0.410000 0.000000
0.210000 0.420000 0.000000
0.210000 0.430000 0.000000
0.210000 0.440000 0.000000
0.210000 0.450000 0.000000
0.210000 0.460000 0.000000
0.210000 0.470000 0.000000
0.210000 0.480000 0.000000
0.210000 0.490000 0.000000
0.220000 0.000000 0.007566
0.220000 0.010000 0.000000
0.220000 0.020000 0.000000
0.220000 0.030000 0.000000
0.220000 0.040000 0.000000
0.220000 0.050000 0.000000
0.220000 0.060000 0.000000
0.220000 0.070000 0.000000
0.220000 0.080000 0.000000
0.220000 0.090000 0.000000
0.220000 0.100000 0.000000
0.220000 0.110000 0.000000
0.220000 0.120000 0.000000
0.220000 0.130000 0.000000
0.220000 0.140000 0.000000
0.220000 0.150000 0.000000
0.220000 0.160000 0.000000
0.220000 0.170000 0.000000
0.220000 0.180000 0.000000
0.220000 0.190000 0.000000
0.220000 0.200000 0.000000
0.220000 0.210000 0.000000
0.220000 0.220000 0.000000
0.220000 0.230000 0.000000
0.220000 0.240000 0.000000
0.220000 0.250000 0.000000
0.220000 0.260000 0.000000
0.220000 0.270000 0.000000
0.220000 0.280000 0.000000
0.220000 0.290000 0.000000
0.220000 0.300000 0.000000
0.220000 0.310000 0.000000
0.220000 0.320000 0.000000
0.220000 0.330000 0.000000
0.220000 0.340000 0.000000
0.220000 0.350000 0.000000
0.220000 0.360000 0.000000
0.220000 0.370000 0.000000
0.220000 0.380000 0.000000
0.220000 0.390000 0.000000
0.220000 0.400000 0.000000
0.220000 0.410000 0.000000
0.220000 0.420000 0.000000
0.220000 0.430000 0.000000
0.220000 0.440000 0.000000
0.220000 0.450000 0.000000
0.220000 0.460000 0.000000
0.220000 0.470000 0.000000
0.220000 0.480000 0.000000
0.220000 0.490000 0.000000
0.230000 0.000000 0.007564
0.230000 0.010000 0.000000
0.230000 0.020000 0.000000
0.230000 0.030000 0.000000
0.230000 0.040000 0.000000
0.230000 0.050000 0.000000
0.230000 0.060000 0.000000
0.230000 0.070000 0.000000
0.230000 0.080000 0.000000
0.230000 0.090000 0.000000
0.230000 0.100000 0.000000
0.230000 0.110000 0.000000
0.230000 0.120000 0.000000
0.230000 0.130000 0.000000
0.230000 0.140000 0.000000
0.230000 0.150000 0.000000
0.230000 0.160000 0.000000
0.230000 0.170000 0.000000
0.230000 0.180000 0.000000
0.230000 0.190000 0.000000
0.230000 0.200000 0.000000
0.230000 0.210000 0.000000
0.230000 0.220000 0.000000
0.230000 0.230000 0.000000
0.230000 0.240000 0.000000
0.230000 0.250000 0.000000
0.230000 0.260000 0.000000
0.230000 0.270000 0.000000
0.230000 0.280000 0.000000
0.230000 0.290000 0.000000
0.230000 0.300000 0.000000
0.230000 0.310000 0.000000
0.230000 0.320000 0.000000
0.230000 0.330000 0.000000
0.230000 0.340000 0.000000
0.230000 0.350000 0.000000
0.230000 0.360000 0.000000
0.230000 0.370000 0.000000
0.230000 0.380000 0.000000
0.230000 0.390000 0.000000
0.230000 0.400000 0.000000
0.230000 0.410000 0.000000
0.230000 0.420000 0.000000
0.230000 0.430000 0.000000
0.230000 0.440000 0.000000
0.230000 0.450000 0.000000
0.230000 0.460000 0.000000
0.230000 0.470000 0.000000
0.230000 0.480000 0.000000
0.230000 0.490000 0.000000
0.240000 0.000000 0.007563
0.240000 0.010000 0.000000
0.240000 0.020000 0.000000
0.240000 0.030000 0.000000
0.240000 0.040000 0.000000
0.240000 0.050000 0.000000
0.240000 0.060000 0.000000
0.240000 0.070000 0.000000
0.240000 0.080000 0.000000
0.240000 0.090000 0.000000
0.240000 0.100000 0.000000
0.240000 0.110000 0.000000
0.240000 0.120000 0.000000
0.240000 0.130000 0.000000
0.240000 0.140000 0.000000
0.240000 0.150000 0.000000
0.240000 0.160000 0.000000
0.240000 0.170000 0.000000
0.240000 0.180000 0.000000
0.240000 0.190000 0.000000
0.240000 0.200000 0.000000
0.240000 0.210000 0.000000
0.240000 0.220000 0.000000
0.240000 0.230000 0.000000
0.240000 0.240000 0.000000
0.240000 0.250000 0.000000
0.240000 0.260000 0.000000
0.240000 0.270000 0.000000
0.240000 0.280000 0.000000
0.240000 0.290000 0.000000
0.240000 0.300000 0.000000
0.240000 0.310000 0.000000
0.240000 0.320000 0.000000
0.240000 0.330000 0.000000
0.240000 0.340000 0.000000
0.240000 0.350000 0.000000
0.240000 0.360000 0.000000
0.240000 0.370000 0.000000
0.240000 0.380000 0.000000
0.240000 0.390000 0.000000
0.240000 0.400000 0.000000
0.240000 0.410000 0.000000
0.240000 0.420000 0.000000
0.240000 0.430000 0.000000
0.240000 0.440000 0.000000
0.240000 0.450000 0.000000
0.240000 0.460000 0.000000
0.240000 0.470000 0.000000
0.240000 0.480000 0.000000
0.240000 0.490000 0.000000
0.250000 0.000000 0.005248
0.250000 0.010000 0.000000
0.250000 0.020000 0.000000
0.250000 0.030000 0.000000
0.250000 0.040000 0.000000
0.250000 0.050000 0.000000
0.250000 0.060000 0.000000
0.250000 0.070000 0.000000
0.250000 0.080000 0.000000
0.250000 0.090000 0.000000
0.250000 0.100000 0.000000
0.250000 0.110000 0.000000
0.250000 0.120000 0.000000
0.250000 0.130000 0.000000
0.250000 0.140000 0.000000
0.250000 0.150000 0.000000
0.250000 0.160000 0.000000
0.250000 0.170000 0.000000
0.250000 0.180000 0.000000
0.250000 0.190000 0.000000
0.250000 0.200000 0.000000
0.250000 0.210000 0.000000
0.250000 0.220000 0.000000
0.250000 0.230000 0.000000
0.250000 0.240000 0.000000
0.250000 0.250000 0.000000
0.250000 0.260000 0.000000
0.250000 0.270000 0.000000
0.250000 0.280000 0.000000
0.250000 0.290000 0.000000
0.250000 0.300000 0.000000
0.250000 0.310000 0.000000
0.250000 0.320000 0.000000
0.250000 0.330000 0.000000
0.250000 0.340000 0.000000
0.250000 0.350000 0.000000
0.250000 0.360000 0.000000
0.250000 0.370000 0.000000
0.250000 0.380000 0.000000
0.250000 0.390000 0.000000
0.250000 0.400000 0.000000
0.250000 0.410000 0.000000
0.250000 0.420000 0.000000
0.250000 0.430000 0.000000
0.250000 0.440000 0.000000
0.250000 0.450000 0.000000
0.250000 0.460000 0.000000
0.250000 0.470000 0.000000
0.250000 0.480000 0.000000
0.250000 0.490000 0.000000
0.260000 0.000000 0.005248
0.260000 0.010000 0.000000
0.260000 0.020000 0.000000
0.260000 0.030000 0.000000
0.260000 0.040000 0.000000
0.260000 0.050000 0.000000
0.260000 0.060000 0.000000
0.260000 0.070000 0.000000
0.260000 0.080000 0.000000
0.260000 0.090000 0.000000
0.260000 0.100000 0.000000
0.260000 0.110000 0.000000
0.260000 0.120000 0.000000
0.260000 0.130000 0.000000
0.260000 0.140000 0.000000
0.260000 0.150000 0.000000
0.260000 0.160000 0.000000
0.260000 0.170000 0.000000
0.260000 0.180000 0.000000
0.260000 0.190000 0.000000
0.260000 0.200000 0.000000
0.260000 0.210000 0.000000
0.260000 0.220000 0.000000
0.260000 0.230000 0.000000
0.260000 0.240000 0.000000
0.260000 0.250000 0.000000
0.260000 0.260000 0.000000
0.260000 0.270000 0.000000
0.260000 0.280000 0.000000
0.260000 0.290000 0.000000
0.260000 0.300000 0.000000
0.260000 0.310000 0.000000
0.260000 0.320000 0.000000
0.260000 0.330000 0.000000
0.260000 0.340000 0.000000
0.260000 0.350000 0.000000
0.260000 0.360000 0.000000
0.260000 0.370000 0.000000
0.260000 0.380000 0.000000
0.260000 0.390000 0.000000
0.260000 0.400000 0.000000
0.260000 0.410000 0.000000
0.260000 0.420000 0.000000
0.260000 0.430000 0.000000
0.260000 0.440000 0.000000
0.260000 0.450000 0.000000
0.260000 0.460000 0.000000
0.260000 0.470000 0.000000
0.260000 0.480000 0.000000
0.260000 0.490000 0.000000
0.270000 0.000000 0.005248
0.270000 0.010000 0.000000
0.270000 0.020000 0.000000
0.270000 0.030000 0.000000
0.270000 0.040000 0.000000
0.270000 0.050000 0.000000
0.270000 0.060000 0.000000
0.270000 0.070000 0.000000
0.270000 0.080000 0.000000
0.270000 0.090000 0.000000
0.270000 0.100000 0.000000
0.270000 0.110000 0.000000
0.270000 0.120000 0.000000
0.270000 0.130000 0.000000
0.270000 0.140000 0.000000
0.270000 0.150000 0.000000
0.270000 0.160000 0.000000
0.270000 0.170000 0.000000
0.270000 0.180000 0.000000
0.270000 0.190000 0.000000
0.270000 0.200000 0.000000
0.270000 0.210000 0.000000
0.270000 0.220000 0.000000
0.270000 0.230000 0.000000
0.270000 0.240000 0.000000
0.270000 0.250000 0.000000
0.270000 0.260000 0.000000
0.270000 0.270000 0.000000
0.270000 0.280000 0.000000
0.270000 0.290000 0.000000
0.270000 0.300000 0.000000
0.270000 0.310000 0.000000
0.270000 0.320000 0.000000
0.270000 0.330000 0.000000
0.270000 0.340000 0.000000
0.270000 0.350000 0.000000
0.270000 0.360000 0.000000
0.270000 0.370000 0.000000
0.270000 0.380000 0.000000
0.270000 0.390000 0.000000
0.270000 0.400000 0.000000
0.270000 0.410000 0.000000
0.270000 0.420000 0.000000
0.270000 0.430000 0.000000
0.270000 0.440000 0.000000
0.270000 0.450000 0.000000
0.270000 0.460000 0.000000
0.270000 0.470000 0.000000
0.270000 0.480000 0.000000
0.270000 0.490000 0.000000
0.280000 0.000000 0.005247
0.280000 0.010000 0.000000
0.280000 0.020000 0.000000
0.280000 0.030000 0.000000
0.280000 0.040000 0.000000
0.280000 0.050000 0.000000
0.280000 0.060000 0.000000
0.280000 0.070000 0.000000
0.280000 0.080000 0.000000
0.280000 0.090000 0.000000
0.280000 0.100000 0.000000
0.280000 0.110000 0.000000
0.280000 0.120000 0.000000
0.280000 0.130000 0.000000
0.280000 0.140000 0.000000
0.280000 0.150000 0.000000
0.280000 0.160000 0.000000
0.280000 0.170000 0.000000
0.280000 0.180000 0.000000
0.280000 0.190000 0.000000
0.280000 0.200000 0.000000
0.280000 0.210000 0.000000
0.280000 0.220000 0.000000
0.280000 0.230000 0.000000
0.280000 0.240000 0.000000
0.280000 0.250000 0.000000
0.280000 0.260000 0.000000
0.280000 0.270000 0.000000
0.280000 0.280000 0.000000
0.280000 0.290000 0.000000
0.280000 0.300000 0.000000
0.280000 0.310000 0.000000
0.280000 0.320000 0.000000
0.280000 0.330000 0.000000
0.280000 0.340000 0.000000
0.280000 0.350000 0.000000
0.280000 0.360000 0.000000
0.280000 0.370000 0.000000
0.280000 0.380000 0.000000
0.280000 0.390000 0.000000
0.280000 0.400000 0.000000
0.280000 0.410000 0.000000
0.280000 0.420000 0.000000
0.280000 0.430000 0.000000
0.280000 0.440000 0.000000
0.280000 0.450000 0.000000
0.280000 0.460000 0.000000
0.280000 0.470000 0.000000
0.280000 0.480000 0.000000
0.280000 0.490000 0.000000
0.290000 0.000000 0.005247
0.290000 0.010000 0.000000
0.290000 0.020000 0.000000
0.290000 0.030000 0.000000
0.290000 0.040000 0.000000
0.290000 0.050000 0.000000
0.290000 0.060000 0.000000
0.290000 0.070000 0.000000
0.290000 0.080000 0.000000
0.290000 0.090000 0.000000
0.290000 0.100000 0.000000
0.290000 0.110000 0.000000
0.290000 0.120000 0.000000
0.290000 0.130000 0.000000
0.290000 0.140000 0.000000
0.290000 0.150000 0.000000
0.290000 0.160000 0.000000
0.290000 0.170000 0.000000
0.290000 0.180000 0.000000
0.290000 0.190000 0.000000
0.290000 0.200000 0.000000
0.290000 0.210000 0.000000
0.290000 0.220000 0.000000
0.290000 0.230000 0.000000
0.290000 0.240000 0.000000
0.290000 0.250000 0.000000
0.290000 0.260000 0.000000
0.290000 0.270000 0.000000
0.290000 0.280000 0.000000
0.290000 0.290000 0.000000
0.290000 0.300000 0.000000
0.290000 0.310000 0.000000
0.290000 0.320000 0.000000
0.290000 0.330000 0.000000
0.290000 0.340000 0.000000
0.290000 0.350000 0.000000
0.290000 0.360000 0.000000
0.290000 0.370000 0.000000
0.290000 0.380000 0.000000
0.290000 0.390000 0.000000
0.290000 0.400000 0.000000
0.290000 0.410000 0.000000
0.290000 0.420000 0.000000
0.290000 0.430000 0.000000
0.290000 0.440000 0.000000
0.290000 0.450000 0.000000
0.290000 0.460000 0.000000
0.290000 0.470000 0.000000
0.290000 0.480000 0.000000
0.290000 0.490000 0.000000
0.300000 0.000000 0.005247
0.300000 0.010000 0.000000
0.300000 0.020000 0.000000
0.300000 0.030000 0.000000
0.300000 0.040000 0.000000
0.300000 0.050000 0.000000
0.300000 0.060000 0.000000
0.300000 0.070000 0.000000
0.300000 0.080000 0.000000
0.300000 0.090000 0.000000
0.300000 0.100000 0.000000
0.300000 0.110000 0.000000
0.300000 0.120000 0.000000
0.300000 0.130000 0.000000
0.300000 0.140000 0.000000
0.300000 0.150000 0.000000
0.300000 0.160000 0.000000
0.300000 0.170000 0.000000
0.300000 0.180000 0.000000
0.300000 0.190000 0.000000
0.300000 0.200000 0.000000
0.300000 0.210000 0.000000
0.300000 0.220000 0.000000
0.300000 0.230000 0.000000
0.300000 0.240000 0.000000
0.300000 0.250000 0.000000
0.300000 0.260000 0.000000
0.300000 0.270000 0.000000
0.300000 0.280000 0.000000
0.300000 0.290000 0.000000
0.300000 0.300000 0.000000
0.300000 0.310000 0.000000
0.300000 0.320000 0.000000
0.300000 0.330000 0.000000
0.300000 0.340000 0.000000
0.300000 0.350000 0.000000
0.300000 0.360000 0.000000
0.300000 0.370000 0.000000
0.300000 0.380000 0.000000
0.300000 0.390000 0.000000
0.300000 0.400000 0.000000
0.300000 0.410000 0.000000
0.300000 0.420000 0.000000
0.300000 0.430000 0.000000
0.300000 0.440000 0.000000
0.300000 0.450000 0.000000
0.300000 0.460000 0.000000
0.300000 0.470000 0.000000
0.300000 0.480000 0.000000
0.300000 0.490000 0.000000
0.310000 0.000000 0.005246
0.310000 0.010000 0.000000
0.310000 0.020000 0.000000
0.310000 0.030000 0.000000
0.310000 0.040000 0.000000
0.310000 0.050000 0.000000
0.310000 0.060000 0.000000
0.310000 0.070000 0.000000
0.310000 0.080000 0.000000
0.310000 0.090000 0.000000
0.310000 0.100000 0.000000
0.310000 0.110000 0.000000
0.310000 0.120000 0.000000
0.310000 0.130000 0.000000
0.310000 0.140000 0.000000
0.310000 0.150000 0.000000
0.310000 0.160000 0.000000
0.310000 0.170000 0.000000
0.310000 0.180000 0.000000
0.310000 0.190000 0.000000
0.310000 0.200000 0.000000
0.310000 0.210000 0.000000
0.310000 0.220000 0.000000
0.310000 0.230000 0.000000
0.310000 0.240000 0.000000
0.310000 0.250000 0.000000
0.310000 0.260000 0.000000
0.310000 0.270000 0.000000
0.310000 0.280000 0.000000
0.310000 0.290000 0.000000
0.310000 0.300000 0.000000
0.310000 0.310000 0.000000
0.310000 0.320000 0.000000
0.310000 0.330000 0.000000
0.310000 0.340000 0.000000
0.310000 0.350000 0.000000
0.310000 0.360000 0.000000
0.310000 0.370000 0.000000
0.310000 0.380000 0.000000
0.310000 0.390000 0.000000
0.310000 0.400000 0.000000
0.310000 0.410000 0.000000
0.310000 0.420000 0.000000
0.310000 0.430000 0.000000
0.310000 0.440000 0.000000
0.310000 0.450000 0.000000
0.310000 0.460000 0.000000
0.310000 0.470000 0.000000
0.310000 0.480000 0.000000
0.310000 0.490000 0.000000
0.320000 0.000000 0.005245
0.320000 0.010000 0.000000
0.320000 0.020000 0.000000
0.320000 0.030000 0.000000
0.320000 0.040000 0.000000
0.320000 0.050000 0.000000
0.320000 0.060000 0.000000
0.320000 0.070000 0.000000
0.320000 0.080000 0.000000
0.320000 0.090000 0.000000
0.320000 0.100000 0.000000
0.320000 0.110000 0.000000
0.320000 0.120000 0.000000
0.320000 0.130000 0.000000
0.320000 0.140000 0.000000
0.320000 0.150000 0.000000
0.320000 0.160000 0.000000
0.320000 0.170000 0.000000
0.320000 0.180000 0.000000
0.320000 0.190000 0.000000
0.320000 0.200000 0.000000
0.320000 0.210000 0.000000
0.320000 0.220000 0.000000
0.320000 0.230000 0.000000
0.320000 0.240000 0.000000
0.320000 0.250000 0.000000
0.320000 0.260000 0.000000
0.320000 0.270000 0.000000
0.320000 0.280000 0.000000
0.320000 0.290000 0.000000
0.320000 0.300000 0.000000
0.320000 0.310000 0.000000
0.320000 0.320000 0.000000
0.320000 0.330000 0.000000
0.320000 0.340000 0.000000
0.320000 0.350000 0.000000
0.320000 0.360000 0.000000
0.320000 0.370000 0.000000
0.320000 0.380000 0.000000
0.320000 0.390000 0.000000
0.320000 0.400000 0.000000
0.320000 0.410000 0.000000
0.320000 0.420000 0.000000
0.320000 0.430000 0.000000
0.320000 0.440000 0.000000
0.320000 0.450000 0.000000
0.320000 0.460000 0.000000
0.320000 0.470000 0.000000
0.320000 0.480000 0.000000
0.320000 0.490000 0.000000
0.330000 0.000000 0.005245
0.330000 0.010000 0.000000
0.330000 0.020000 0.000000
0.330000 0.030000 0.000000
0.330000 0.040000 0.000000
0.330000 0.050000 0.000000
0.330000 0.060000 0.000000
0.330000 0.070000 0.000000
0.330000 0.080000 0.000000
0.330000 0.090000 0.000000
0.330000 0.100000 0.000000
0.330000 0.110000 0.000000
0.330000 0.120000 0.000000
0.330000 0.130000 0.000000
0.330000 0.140000 0.000000
0.330000 0.150000 0.000000
0.330000 0.160000 0.000000
0.330000 0.170000 0.000000
0.330000 0.180000 0.000000
0.330000 0.190000 0.000000
0.330000 0.200000 0.000000
0.330000 0.210000 0.000000
0.330000 0.220000 0.000000
0.330000 0.230000 0.000000
0.330000 0.240000 0.000000
0.330000 0.250000 0.000000
0.330000 0.260000 0.000000
0.330000 0.270000 0.000000
0.330000 0.280000 0.000000
0.330000 0.290000 0.000000
0.330000 0.300000 0.000000
0.330000 0.310000 0.000000
0.330000 0.320000 0.000000
0.330000 0.330000 0.000000
0.330000 0.340000 0.000000
0.330000 0.350000 0.000000
0.330000 0.360000 0.000000
0.330000 0.370000 0.000000
0.330000 0.380000 0.000000
0.330000 0.390000 0.000000
0.330000 0.400000 0.000000
0.330000 0.410000 0.000000
0.330000 0.420000 0.000000
0.330000 0.430000 0.000000
0.330000 0.440000 0.000000
0.330000 0.450000 0.000000
0.330000 0.460000 0.000000
0.330000 0.470000 0.000000
0.330000 0.480000 0.000000
0.330000 0.490000 0.000000
0.340000 0.000000 0.005244
0.340000 0.010000 0.000000
0.340000 0.020000 0.000000
0.340000 0.030000 0.000000
0.340000 0.040000 0.000000
0.340000 0.050000 0.000000
0.340000 0.060000 0.000000
0.340000 0.070000 0.000000
0.340000 0.080000 0.000000
0.340000 0.090000 0.000000
0.340000 0.100000 0.000000
0.340000 0.110000 0.000000
0.340000 0.120000 0.000000
0.340000 0.130000 0.000000
0.340000 0.140000 0.000000
0.340000 0.150000 0.000000
0.340000 0.160000 0.000000
0.340000 0.170000 0.000000
0.340000 0.180000 0.000000
0.340000 0.190000 0.000000
0.340000 0.200000 0.000000
0.340000 0.210000 0.000000
0.340000 0.220000 0.000000
0.340000 0.230000 0.000000
0.340000 0.240000 0.000000
0.340000 0.250000 0.000000
0.340000 0.260000 0.000000
0.340000 0.270000 0.000000
0.340000 0.280000 0.000000
0.340000 0.290000 0.000000
0.340000 0.300000 0.000000
0.340000 0.310000 0.000000
0.340000 0.320000 0.000000
0.340000 0.330000 0.000000
0.340000 0.340000 0.000000
0.340000 0.350000 0.000000
0.340000 0.360000 0.000000
0.340000 0.370000 0.000000
0.340000 0.380000 0.000000
0.340000 0.390000 0.000000
0.340000 0.400000 0.000000
0.340000 0.410000 0.000000
0.340000 0.420000 0.000000
0.340000 0.430000 0.000000
0.340000 0.440000 0.000000
0.340000 0.450000 0.000000
0.340000 0.460000 0.000000
0.340000 0.470000 0.000000
0.340000 0.480000 0.000000
0.340000 0.490000 0.000000
0.350000 0.000000 0.005244
0.350000 0.010000 0.000000
0.350000 0.020000 0.000000
0.350000 0.030000 0.000000
0.350000 0.040000 0.000000
0.350000 0.050000 0.000000
0.350000 0.060000 0.000000
0.350000 0.070000 0.000000
0.350000 0.080000 0.000000
0.350000 0.090000 0.000000
0.350000 0.100000 0.000000
0.350000 0.110000 0.000000
0.350000 0.120000 0.000000
0.350000 0.130000 0.000000
0.350000 0.140000 0.000000
0.350000 0.150000 0.000000
0.350000 0.160000 0.000000
0.350000 0.170000 0.000000
0.350000 0.180000 0.000000
0.350000 0.190000 0.000000
0.350000 0.200000 0.000000
0.350000 0.210000 0.000000
0.350000 0.220000 0.000000
0.350000 0.230000 0.000000
0.350000 0.240000 0.000000
0.350000 0.250000 0.000000
0.350000 0.260000 0.000000
0.350000 0.270000 0.000000
0.350000 0.280000 0.000000
0.350000 0.290000 0.000000
0.350000 0.300000 0.000000
0.350000 0.310000 0.000000
0.350000 0.320000 0.000000
0.350000 0.330000 0.000000
0.350000 0.340000 0.000000
0.350000 0.350000 0.000000
0.350000 0.360000 0.000000
0.350000 0.370000 0.000000
0.350000 0.380000 0.000000
0.350000 0.390000 0.000000
0.350000 0.400000 0.000000
0.350000 0.410000 0.000000
0.350000 0.420000 0.000000
0.350000 0.430000 0.000000
0.350000 0.440000 0.000000
0.350000 0.450000 0.000000
0.350000 0.460000 0.000000
0.350000 0.470000 0.000000
0.350000 0.480000 0.000000
0.350000 0.490000 0.000000
0.360000 0.000000 0.005244
0.360000 0.010000 0.000000
0.360000 0.020000 0.000000
0.360000 0.030000 0.000000
0.360000 0.040000 0.000000
0.360000 0.050000 0.000000
0.360000 0.060000 0.000000
0.360000 0.070000 0.000000
0.360000 0.080000 0.000000
0.360000 0.090000 0.000000
0.360000 0.100000 0.000000
0.360000 0.110000 0.000000
0.360000 0.120000 0.000000
0.360000 0.130000 0.000000
0.360000 0.140000 0.000000
0.360000 0.150000 0.000000
0.360000 0.160000 0.000000
0.360000 0.170000 0.000000
0.360000 0.180000 0.000000
0.360000 0.190000 0.000000
0.360000 0.200000 0.000000
0.360000 0.210000 0.000000
0.360000 0.220000 0.000000
0.360000 0.230000 0.000000
0.360000 0.240000 0.000000
0.360000 0.250000 0.000000
0.360000 0.260000 0.000000
0.360000 0.270000 0.000000
0.360000 0.280000 0.000000
0.360000 0.290000 0.000000
0.360000 0.300000 0.000000
0.360000 0.310000 0.000000
0.360000 0.320000 0.000000
0.360000 0.330000 0.000000
0.360000 0.340000 0.000000
0.360000 0.350000 0.000000
0.360000 0.360000 0.000000
0.360000 0.370000 0.000000
0.360000 0.380000 0.000000
0.360000 0.390000 0.000000
0.360000 0.400000 0.000000
0.360000 0.410000 0.000000
0.360000 0.420000 0.000000
0.360000 0.430000 0.000000
0.360000 0.440000 0.000000
0.360000 0.450000 0.000000
0.360000 0.460000 0.000000
0.360000 0.470000 0.000000
0.360000 0.480000 0.000000
0.360000 0.490000 0.000000
0.370000 0.000000 0.005243
0.370000 0.010000 0.000000
0.370000 0.020000 0.000000
0.370000 0.030000 0.000000
0.370000 0.040000 0.000000
0.370000 0.050000 0.000000
0.370000 0.060000 0.000000
0.370000 0.070000 0.000000
0.370000 0.080000 0.000000
0.370000 0.090000 0.000000
0.370000 0.100000 0.000000
0.370000 0.110000 0.000000
0.370000 0.120000 0.000000
0.370000 0.130000 0.000000
0.370000 0.140000 0.000000
0.370000 0.150000 0.000000
0.370000 0.160000 0.000000
0.370000 0.170000 0.000000
0.370000 0.180000 0.000000
0.370000 0.190000 0.000000
0.370000 0.200000 0.000000
0.370000 0.210000 0.000000
0.370000 0.220000 0.000000
0.370000 0.230000 0.000000
0.370000 0.240000 0.000000
0.370000 0.250000 0.000000
0.370000 0.260000 0.000000
0.370000 0.270000 0.000000
0.370000 0.280000 0.000000
0.370000 0.290000 0.000000
0.370000 0.300000 0.000000
0.370000 0.310000 0.000000
0.370000 0.320000 0.000000
0.370000 0.330000 0.000000
0.370000 0.340000 0.000000
0.370000 0.350000 0.000000
0.370000 0.360000 0.000000
0.370000 0.370000 0.000000
0.370000 0.380000 0.000000
0.370000 0.390000 0.000000
0.370000 0.400000 0.000000
0.370000 0.410000 0.000000
0.370000 0.420000 0.000000
0.370000 0.430000 0.000000
0.370000 0.440000 0.000000
0.370000 0.450000 0.000000
0.370000 0.460000 0.000000
0.370000 0.470000 0.000000
0.370000 0.480000 0.000000
0.370000 0.490000 0.000000
0.380000 0.000000 0.005243
0.380000 0.010000 0.000000
0.380000 0.020000 0.000000
0.380000 0.030000 0.000000
0.380000 0.040000 0.000000
0.380000 0.050000 0.000000
0.380000 0.060000 0.000000
0.380000 0.070000 0.000000
0.380000 0.080000 0.000000
0.380000 0.090000 0.000000
0.380000 0.100000 0.000000
0.380000 0.110000 0.000000
0.380000 0.120000 0.000000
0.380000 0.130000 0.000000
0.380000 0.140000 0.000000
0.380000 0.150000 0.000000
0.380000 0.160000 0.000000
0.380000 0.170000 0.000000
0.380000 0.180000 0.000000
0.380000 0.190000 0.000000
0.380000 0.200000 0.000000
0.380000 0.210000 0.000000
0.380000 0.220000 0.000000
0.380000 0.230000 0.000000
0.380000 0.240000 0.000000
0.380000 0.250000 0.000000
0.380000 0.260000 0.000000
0.380000 0.270000 0.000000
0.380000 0.280000 0.000000
0.380000 0.290000 0.000000
0.380000 0.300000 0.000000
0.380000 0.310000 0.000000
0.380000 0.320000 0.000000
0.380000 0.330000 0.000000
0.380000 0.340000 0.000000
0.380000 0.350000 0.000000
0.380000 0.360000 0.000000
0.380000 0.370000 0.000000
0.380000 0.380000 0.000000
0.380000 0.390000 0.000000
0.380000 0.400000 0.000000
0.380000 0.410000 0.000000
0.380000 0.420000 0.000000
0.380000 0.430000 0.000000
0.380000 0.440000 0.000000
0.380000 0.450000 0.000000
0.380000 0.460000 0.000000
0.380000 0.470000 0.000000
0.380000 0.480000 0.000000
0.380000 0.490000 0.000000
0.390000 0.000000 0.005243
0.390000 0.010000 0.000000
0.390000 0.020000 0.000000
0.390000 0.030000 0.000000
0.390000 0.040000 0.000000
0.390000 0.050000 0.000000
0.390000 0.060000 0.000000
0.390000 0.070000 0.000000
0.390000 0.080000 0.000000
0.390000 0.090000 0.000000
0.390000 0.100000 0.000000
0.390000 0.110000 0.000000
0.390000 0.120000 0.000000
0.390000 0.130000 0.000000
0.390000 0.140000 0.000000
0.390000 0.150000 0.000000
0.390000 0.160000 0.000000
0.390000 0.170000 0.000000
0.390000 0.180000 0.000000
0.390000 0.190000 0.000000
0.390000 0.200000 0.000000
0.390000 0.210000 0.000000
0.390000 0.220000 0.000000
0.390000 0.230000 0.000000
0.390000 0.240000 0.000000
0.390000 0.250000 0.000000
0.390000 0.260000 0.000000
0.390000 0.270000 0.000000
0.390000 0.280000 0.000000
0.390000 0.290000 0.000000
0.390000 0.300000 0.000000
0.390000 0.310000 0.000000
0.390000 0.320000 0.000000
0.390000 0.330000 0.000000
0.390000 0.340000 0.000000
0.390000 0.350000 0.000000
0.390000 0.360000 0.000000
0.390000 0.370000 0.000000
0.390000 0.380000 0.000000
0.390000 0.390000 0.000000
0.390000 0.400000 0.000000
0.390000 0.410000 0.000000
0.390000 0.420000 0.000000
0.390000 0.430000 0.000000
0.390000 0.440000 0.000000
0.390000 0.450000 0.000000
0.390000 0.460000 0.000000
0.390000 0.470000 0.000000
0.390000 0.480000 0.000000
0.390000 0.490000 0.000000
0.400000 0.000000 0.005242
0.400000 0.010000 0.000000
0.400000 0.020000 0.000000
0.400000 0.030000 0.000000
0.400000 0.040000 0.000000
0.400000 0.050000 0.000000
0.400000 0.060000 0.000000
0.400000 0.070000 0.000000
0.400000 0.080000 0.000000
0.400000 0.090000 0.000000
0.400000 0.100000 0.000000
0.400000 0.110000 0.000000
0.400000 0.120000 0.000000
0.400000 0.130000 0.000000
0.400000 0.140000 0.000000
0.400000 0.150000 0.000000
0.400000 0.160000 0.000000
0.400000 0.170000 0.000000
0.400000 0.180000 0.000000
0.400000 0.190000 0.000000
0.400000 0.200000 0.000000
0.400000 0.210000 0.000000
0.400000 0.220000 0.000000
0.400000 0.230000 0.000000
0.400000 0.240000 0.000000
0.400000 0.250000 0.000000
0.400000 0.260000 0.000000
0.400000 0.270000 0.000000
0.400000 0.280000 0.000000
0.400000 0.290000 0.000000
0.400000 0.300000 0.000000
0.400000 0.310000 0.000000
0.400000 0.320000 0.000000
0.400000 0.330000 0.000000
0.400000 0.340000 0.000000
0.400000 0.350000 0.000000
0.400000 0.360000 0.000000
0.400000 0.370000 0.000000
0.400000 0.380000 0.000000
0.400000 0.390000 0.000000
0.400000 0.400000 0.000000
0.400000 0.410000 0.000000
0.400000 0.420000 0.000000
0.400000 0.430000 0.000000
0.400000 0.440000 0.000000
0.400000 0.450000 0.000000
0.400000 0.460000 0.000000
0.400000 0.470000 0.000000
0.400000 0.480000 0.000000
0.400000 0.490000 0.000000
0.410000 0.000000 0.005242
0.410000 0.010000 0.000000
0.410000 0.020000 0.000000
0.410000 0.030000 0.000000
0.410000 0.040000 0.000000
0.410000 0.050000 0.000000
0.410000 0.060000 0.000000
0.410000 0.070000 0.000000
0.410000 0.080000 0.000000
0.410000 0.090000 0.000000
0.410000 0.100000 0.000000
0.410000 0.110000 0.000000
0.410000 0.120000 0.000000
0.410000 0.130000 0.000000
0.410000 0.140000 0.000000
0.410000 0.150000 0.000000
0.410000 0.160000 0.000000
0.410000 0.170000 0.000000
0.410000 0.180000 0.000000
0.410000 0.190000 0.000000
0.410000 0.200000 0.000000
0.410000 0.210000 0.000000
0.410000 0.220000 0.000000
0.410000 0.230000 0.000000
0.410000 0.240000 0.000000
0.410000 0.250000 0.000000
0.410000 0.260000 0.000000
0.410000 0.270000 0.000000
0.410000 0.280000 0.000000
0.410000 0.290000 0.000000
0.410000 0.300000 0.000000
0.410000 0.310000 0.000000
0.410000 0.320000 0.000000
0.410000 0.330000 0.000000
0.410000 0.340000 0.000000
0.410000 0.350000 0.000000
0.410000 0.360000 0.000000
0.410000 0.370000 0.000000
0.410000 0.380000 0.000000
0.410000 0.390000 0.000000
0.410000 0.400000 0.000000
0.410000 0.410000 0.000000
0.410000 0.420000 0.000000
0.410000 0.430000 0.000000
0.410000 0.440000 0.000000
0.410000 0.450000 0.000000
0.410000 0.460000 0.000000
0.410000 0.470000 0.000000
0.410000 0.480000 0.000000
0.410000 0.490000 0.000000
0.420000 0.000000 0.005242
0.420000 0.010000 0.000000
0.420000 0.020000 0.000000
0.420000 0.030000 0.000000
0.420000 0.040000 0.000000
0.420000 0.050000 0.000000
0.420000 0.060000 0.000000
0.420000 0.070000 0.000000
0.420000 0.080000 0.000000
0.420000 0.090000 0.000000
0.420000 0.100000 0.000000
0.420000 0.110000 0.000000
0.420000 0.120000 0.000000
0.420000 0.130000 0.000000
0.420000 0.140000 0.000000
0.420000 0.150000 0.000000
0.420000 0.160000 0.000000
0.420000 0.170000 0.000000
0.420000 0.180000 0.000000
0.420000 0.190000 0.000000
0.420000 0.200000 0.000000
0.420000 0.210000 0.000000
0.420000 0.220000 0.000000
0.420000 0.230000 0.000000
0.420000 0.240000 0.000000
0.420000 0.250000 0.000000
0.420000 0.260000 0.000000
0.420000 0.270000 0.000000
0.420000 0.280000 0.000000
0.420000 0.290000 0.000000
0.420000 0.300000 0.000000
0.420000 0.310000 0.000000
0.420000 0.320000 0.000000
0.420000 0.330000 0.000000
0.420000 0.340000 0.000000
0.420000 0.350000 0.000000
0.420000 0.360000 0.000000
0.420000 0.370000 0.000000
0.420000 0.380000 0.000000
0.420000 0.390000 0.000000
0.420000 0.400000 0.000000
0.420000 0.410000 0.000000
0.420000 0.420000 0.000000
0.420000 0.430000 0.000000
0.420000 0.440000 0.000000
0.420000 0.450000 0.000000
0.420000 0.460000 0.000000
0.420000 0.470000 0.000000
0.420000 0.480000 0.000000
0.420000 0.490000 0.000000
0.430000 0.000000 0.005242
0.430000 0.010000 0.000000
0.430000 0.020000 0.000000
0.430000 0.030000 0.000000
0.430000 0.040000 0.000000
0.430000 0.050000 0.000000
0.430000 0.060000 0.000000
0.430000 0.070000 0.000000
0.430000 0.080000 0.000000
0.430000 0.090000 0.000000
0.430000 0.100000 0.000000
0.430000 0.110000 0.000000
0.430000 0.120000 0.000000
0.430000 0.130000 0.000000
0.430000 0.140000 0.000000
0.430000 0.150000 0.000000
0.430000 0.160000 0.000000
0.430000 0.170000 0.000000
0.430000 0.180000 0.000000
0.430000 0.190000 0.000000
0.430000 0.200000 0.000000
0.430000 0.210000 0.000000
0.430000 0.220000 0.000000
0.430000 0.230000 0.000000
0.430000 0.240000 0.000000
0.430000 0.250000 0.000000
0.430000 0.260000 0.000000
0.430000 0.270000 0.000000
0.430000 0.280000 0.000000
0.430000 0.290000 0.000000
0.430000 0.300000 0.000000
0.430000 0.310000 0.000000
0.430000 0.320000 0.000000
0.430000 0.330000 0.000000
0.430000 0.340000 0.000000
0.430000 0.350000 0.000000
0.430000 0.360000 0.000000
0.430000 0.370000 0.000000
0.430000 0.380000 0.000000
0.430000 0.390000 0.000000
0.430000 0.400000 0.000000
0.430000 0.410000 0.000000
0.430000 0.420000 0.000000
0.430000 0.430000 0.000000
0.430000 0.440000 0.000000
0.430000 0.450000 0.000000
0.430000 0.460000 0.000000
0.430000 0.470000 0.000000
0.430000 0.480000 0.000000
0.430000 0.490000 0.000000
0.440000 0.000000 0.005242
0.440000 0.010000 0.000000
0.440000 0.020000 0.000000
0.440000 0.030000 0.000000
0.440000 0.040000 0.000000
0.440000 0.050000 0.000000
0.440000 0.060000 0.000000
0.440000 0.070000 0.000000
0.440000 0.080000 0.000000
0.440000 0.090000 0.000000
0.440000 0.100000 0.000000
0.440000 0.110000 0.000000
0.440000 0.120000 0.000000
0.440000 0.130000 0.000000
0.440000 0.140000 0.000000
0.440000 0.150000 0.000000
0.440000 0.160000 0.000000
0.440000 0.170000 0.000000
0.440000 0.180000 0.000000
0.440000 0.190000 0.000000
0.440000 0.200000 0.000000
0.440000 0.210000 0.000000
0.440000 0.220000 0.000000
0.440000 0.230000 0.000000
0.440000 0.240000 0.000000
0.440000 0.250000 0.000000
0.440000 0.260000 0.000000
0.440000 0.270000 0.000000
0.440000 0.280000 0.000000
0.440000 0.290000 0.000000
0.440000 0.300000 0.000000
0.440000 0.310000 0.000000
0.440000 0.320000 0.000000
0.440000 0.330000 0.000000
0.440000 0.340000 0.000000
0.440000 0.350000 0.000000
0.440000 0.360000 0.000000
0.440000 0.370000 0.000000
0.440000 0.380000 0.000000
0.440000 0.390000 0.000000
0.440000 0.400000 0.000000
0.440000 0.410000 0.000000
0.440000 0.420000 0.000000
0.440000 0.430000 0.000000
0.440000 0.440000 0.000000
0.440000 0.450000 0.000000
0.440000 0.460000 0.000000
0.440000 0.470000 0.000000
0.440000 0.480000 0.000000
0.440000 0.490000 0.000000
0.450000 0.000000 0.005242
0.450000 0.010000 0.000000
0.450000 0.020000 0.000000
0.450000 0.030000 0.000000
0.450000 0.040000 0.000000
0.450000 0.050000 0.000000
0.450000 0.060000 0.000000
0.450000 0.070000 0.000000
0.450000 0.080000 0.000000
0.450000 0.090000 0.000000
0.450000 0.100000 0.000000
0.450000 0.110000 0.000000
0.450000 0.120000 0.000000
0.450000 0.130000 0.000000
0.450000 0.140000 0.000000
0.450000 0.150000 0.000000
0.450000 0.160000 0.000000
0.450000 0.170000 0.000000
0.450000 0.180000 0.000000
0.450000 0.190000 0.000000
0.450000 0.200000 0.000000
0.450000 0.210000 0.000000
0.450000 0.220000 0.000000
0.450000 0.230000 0.000000
0.450000 0.240000 0.000000
0.450000 0.250000 0.000000
0.450000 0.260000 0.000000
0.450000 0.270000 0.000000
0.450000 0.280000 0.000000
0.450000 0.290000 0.000000
0.450000 0.300000 0.000000
0.450000 0.310000 0.000000
0.450000 0.320000 0.000000
0.450000 0.330000 0.000000
0.450000 0.340000 0.000000
0.450000 0.350000 0.000000
0.450000 0.360000 0.000000
0.450000 0.370000 0.000000
0.450000 0.380000 0.000000
0.450000 0.390000 0.000000
0.450000 0.400000 0.000000
0.450000 0.410000 0.000000
0.450000 0.420000 0.000000
0.450000 0.430000 0.000000
0.450000 0.440000 0.000000
0.450000 0.450000 0.000000
0.450000 0.460000 0.000000
0.450000 0.470000 0.000000
0.450000 0.480000 0.000000
0.450000 0.490000 0.000000
0.460000 0.000000 0.005242
0.460000 0.010000 0.000000
0.460000 0.020000 0.000000
0.460000 0.030000 0.000000
0.460000 0.040000 0.000000
0.460000 0.050000 0.000000
0.460000 0.060000 0.000000
0.460000 0.070000 0.000000
0.460000 0.080000 0.000000
0.460000 0.090000 0.000000
0.460000 0.100000 0.000000
0.460000 0.110000 0.000000
0.460000 0.120000 0.000000
0.460000 0.130000 0.000000
0.460000 0.140000 0.000000
0.460000 0.150000 0.000000
0.460000 0.160000 0.000000
0.460000 0.170000 0.000000
0.460000 0.180000 0.000000
0.460000 0.190000 0.000000
0.460000 0.200000 0.000000
0.460000 0.210000 0.000000
0.460000 0.220000 0.000000
0.460000 0.230000 0.000000
0.460000 0.240000 0.000000
0.460000 0.250000 0.000000
0.460000 0.260000 0.000000
0.460000 0.270000 0.000000
0.460000 0.280000 0.000000
0.460000 0.290000 0.000000
0.460000 0.300000 0.000000
0.460000 0.310000 0.000000
0.460000 0.320000 0.000000
0.460000 0.330000 0.000000
0.460000 0.340000 0.000000
0.460000 0.350000 0.000000
0.460000 0.360000 0.000000
0.460000 0.370000 0.000000
0.460000 0.380000 0.000000
0.460000 0.390000 0.000000
0.460000 0.400000 0.000000
0.460000 0.410000 0.000000
0.460000 0.420000 0.000000
0.460000 0.430000 0.000000
0.460000 0.440000 0.000000
0.460000 0.450000 0.000000
0.460000 0.460000 0.000000
0.460000 0.470000 0.000000
0.460000 0.480000 0.000000
0.460000 0.490000 0.000000
0.470000 0.000000 0.005242
0.470000 0.010000 0.000000
0.470000 0.020000 0.000000
0.470000 0.030000 0.000000
0.470000 0.040000 0.000000
0.470000 0.050000 0.000000
0.470000 0.060000 0.000000
0.470000 0.070000 0.000000
0.470000 0.080000 0.000000
0.470000 0.090000 0.000000
0.470000 0.100000 0.000000
0.470000 0.110000 0.000000
0.470000 0.120000 0.000000
0.470000 0.130000 0.000000
0.470000 0.140000 0.000000
0.470000 0.150000 0.000000
0.470000 0.160000 0.000000
0.470000 0.170000 0.000000
0.470000 0.180000 0.000000
0.470000 0.190000 0.000000
0.470000 0.200000 0.000000
0.470000 0.210000 0.000000
0.470000 0.220000 0.000000
0.470000 0.230000 0.000000
0.470000 0.240000 0.000000
0.470000 0.250000 0.000000
0.470000 0.260000 0.000000
0.470000 0.270000 0.000000
0.470000 0.280000 0.000000
0.470000 0.290000 0.000000
0.470000 0.300000 0.000000
0.470000 0.310000 0.000000
0.470000 0.320000 0.000000
0.470000 0.330000 0.000000
0.470000 0.340000 0.000000
0.470000 0.350000 0.000000
0.470000 0.360000 0.000000
0.470000 0.370000 0.000000
0.470000 0.380000 0.000000
0.470000 0.390000 0.000000
0.470000 0.400000 0.000000
0.470000 0.410000 0.000000
0.470000 0.420000 0.000000
0.470000 0.430000 0.000000
0.470000 0.440000 0.000000
0.470000 0.450000 0.000000
0.470000 0.460000 0.000000
0.470000 0.470000 0.000000
0.470000 0.480000 0.000000
0.470000 0.490000 0.000000
0.480000 0.000000 0.005242
0.480000 0.010000 0.000000
0.480000 0.020000 0.000000
0.480000 0.030000 0.000000
0.480000 0.040000 0.000000
0.480000 0.050000 0.000000
0.480000 0.060000 0.000000
0.480000 0.070000 0.000000
0.480000 0.080000 0.000000
0.480000 0.090000 0.000000
0.480000 0.100000 0.000000
0.480000 0.110000 0.000000
0.480000 0.120000 0.000000
0.480000 0.130000 0.000000
0.480000 0.140000 0.000000
0.480000 0.150000 0.000000
0.480000 0.160000 0.000000
0.480000 0.170000 0.000000
0.480000 0.180000 0.000000
0.480000 0.190000 0.000000
0.480000 0.200000 0.000000
0.480000 0.210000 0.000000
0.480000 0.220000 0.000000
0.480000 0.230000 0.000000
0.480000 0.240000 0.000000
0.480000 0.250000 0.000000
0.480000 0.260000 0.000000
0.480000 0.270000 0.000000
0.480000 0.280000 0.000000
0.480000 0.290000 0.000000
0.480000 0.300000 0.000000
0.480000 0.310000 0.000000
0.480000 0.320000 0.000000
0.480000 0.330000 0.000000
0.480000 0.340000 0.000000
0.480000 0.350000 0.000000
0.480000 0.360000 0.000000
0.480000 0.370000 0.000000
0.480000 0.380000 0.000000
0.480000 0.390000 0.000000
0.480000 0.400000 0.000000
0.480000 0.410000 0.000000
0.480000 0.420000 0.000000
0.480000 0.430000 0.000000
0.480000 0.440000 0.000000
0.480000 0.450000 0.000000
0.480000 0.460000 0.000000
0.480000 0.470000 0.000000
0.480000 0.480000 0.000000
0.480000 0.490000 0.000000
0.490000 0.000000 0.005242
0.490000 0.010000 0.000000
0.490000 0.020000 0.000000
0.490000 0.030000 0.000000
0.490000 0.040000 0.000000
0.490000 0.050000 0.000000
0.490000 0.060000 0.000000
0.490000 0.070000 0.000000
0.490000 0.080000 0.000000
0.490000 0.090000 0.000000
0.490000 0.100000 0.000000
0.490000 0.110000 0.000000
0.490000 0.120000 0.000000
0.490000 0.130000 0.000000
0.490000 0.140000 0.000000
0.490000 0.150000 0.000000
0.490000 0.160000 0.000000
0.490000 0.170000 0.000000
0.490000 0.180000 0.000000
0.490000 0.190000 0.000000
0.490000 0.200000 0.000000
0.490000 0.210000 0.000000
0.490000 0.220000 0.000000
0.490000 0.230000 0.000000
0.490000 0.240000 0.000000
0.490000 0.250000 0.000000
0.490000 0.260000 0.000000
0.490000 0.270000 0.000000
0.490000 0.280000 0.000000
0.490000 0.290000 0.000000
0.490000 0.300000 0.000000
0.490000 0.310000 0.000000
0.490000 0.320000 0.000000
0.490000 0.330000 0.000000
0.490000 0.340000 0.000000
0.490000 0.350000 0.000000
0.490000 0.360000 0.000000
0.490000 0.370000 0.000000
0.490000 0.380000 0.000000
0.490000 0.390000 0.000000
0.490000 0.400000 0.000000
0.490000 0.410000 0.000000
0.490000 0.420000 0.000000
0.490000 0.430000 0.000000
0.490000 0.440000 0.000000
0.490000 0.450000 0.000000
0.490000 0.460000 0.000000
0.490000 0.470000 0.000000
0.490000 0.480000 0.000000
0.490000 0.490000 0.000000
