0.000000 0.000000 0.000000
0.000000 0.010000 0.000000
0.000000 0.020000 0.000000
0.000000 0.030000 0.000000
0.000000 0.040000 0.000000
0.000000 0.050000 0.000000
0.000000 0.060000 0.000000
0.000000 0.070000 0.000000
0.000000 0.080000 0.000000
0.000000 0.090000 0.000000
0.000000 0.100000 0.000000
0.000000 0.110000 0.000000
0.000000 0.120000 0.000000
0.000000 0.130000 0.000000
0.000000 0.140000 0.000000
0.000000 0.150000 0.000000
0.000000 0.160000 0.000000
0.000000 0.170000 0.000000
0.000000 0.180000 0.000000
0.000000 0.190000 0.000000
0.000000 0.200000 0.000000
0.000000 0.210000 0.000000
0.000000 0.220000 0.000000
0.000000 0.230000 0.000000
0.000000 0.240000 0.000000
0.000000 0.250000 0.000000
0.000000 0.260000 0.000000
0.000000 0.270000 0.000000
0.000000 0.280000 0.000000
0.000000 0.290000 0.000000
0.000000 0.300000 0.000000
0.000000 0.310000 0.000000
0.000000 0.320000 0.000000
0.000000 0.330000 0.000000
0.000000 0.340000 0.000000
0.000000 0.350000 0.000000
0.000000 0.360000 0.000000
0.000000 0.370000 0.000000
0.000000 0.380000 0.000000
0.000000 0.390000 0.000000
0.000000 0.400000 0.000000
0.000000 0.410000 0.000000
0.000000 0.420000 0.000000
0.000000 0.430000 0.000000
0.000000 0.440000 0.000000
0.000000 0.450000 0.000000
0.000000 0.460000 0.000000
0.000000 0.470000 0.000000
0.000000 0.480000 0.000000
0.000000 0.490000 0.000000
0.010000 0.000000 0.000000
0.010000 0.010000 0.000000
0.010000 0.020000 0.000000
0.010000 0.030000 0.000000
0.010000 0.040000 0.000000
0.010000 0.050000 0.000000
0.010000 0.060000 0.000000
0.010000 0.070000 0.000000
0.010000 0.080000 0.000000
0.010000 0.090000 0.000000
0.010000 0.100000 0.000000
0.010000 0.110000 0.000000
0.010000 0.120000 0.000000
0.010000 0.130000 0.000000
0.010000 0.140000 0.000000
0.010000 0.150000 0.000000
0.010000 0.160000 0.000000
0.010000 0.170000 0.000000
0.010000 0.180000 0.000000
0.010000 0.190000 0.000000
0.010000 0.200000 0.000000
0.010000 0.210000 0.000000
0.010000 0.220000 0.000000
0.010000 0.230000 0.000000
0.010000 0.240000 0.000000
0.010000 0.250000 0.000000
0.010000 0.260000 0.000000
0.010000 0.270000 0.000000
0.010000 0.280000 0.000000
0.010000 0.290000 0.000000
0.010000 0.300000 0.000000
0.010000 0.310000 0.000000
0.010000 0.320000 0.000000
0.010000 0.330000 0.000000
0.010000 0.340000 0.000000
0.010000 0.350000 0.000000
0.010000 0.360000 0.000000
0.010000 0.370000 0.000000
0.010000 0.380000 0.000000
0.010000 0.390000 0.000000
0.010000 0.400000 0.000000
0.010000 0.410000 0.000000
0.010000 0.420000 0.000000
0.010000 0.430000 0.000000
0.010000 0.440000 0.000000
0.010000 0.450000 0.000000
0.010000 0.460000 0.000000
0.010000 0.470000 0.000000
0.010000 0.480000 0.000000
0.010000 0.490000 0.000000
0.020000 0.000000 0.000000
0.020000 0.010000 0.000000
0.020000 0.020000 0.000000
0.020000 0.030000 0.000000
0.020000 0.040000 0.000000
0.020000 0.050000 0.000000
0.020000 0.060000 0.000000
0.020000 0.070000 0.000000
0.020000 0.080000 0.000000
0.020000 0.090000 0.000000
0.020000 0.100000 0.000000
0.020000 0.110000 0.000000
0.020000 0.120000 0.000000
0.020000 0.130000 0.000000
0.020000 0.140000 0.000000
0.020000 0.150000 0.000000
0.020000 0.160000 0.000000
0.020000 0.170000 0.000000
0.020000 0.180000 0.000000
0.020000 0.190000 0.000000
0.020000 0.200000 0.000000
0.020000 0.210000 0.000000
0.020000 0.220000 0.000000
0.020000 0.230000 0.000000
0.020000 0.240000 0.000000
0.020000 0.250000 0.000000
0.020000 0.260000 0.000000
0.020000 0.270000 0.000000
0.020000 0.280000 0.000000
0.020000 0.290000 0.000000
0.020000 0.300000 0.000000
0.020000 0.310000 0.000000
0.020000 0.320000 0.000000
0.020000 0.330000 0.000000
0.020000 0.340000 0.000000
0.020000 0.350000 0.000000
0.020000 0.360000 0.000000
0.020000 0.370000 0.000000
0.020000 0.380000 0.000000
0.020000 0.390000 0.000000
0.020000 0.400000 0.000000
0.020000 0.410000 0.000000
0.020000 0.420000 0.000000
0.020000 0.430000 0.000000
0.020000 0.440000 0.000000
0.020000 0.450000 0.000000
0.020000 0.460000 0.000000
0.020000 0.470000 0.000000
0.020000 0.480000 0.000000
0.020000 0.490000 0.000000
0.030000 0.000000 0.000000
0.030000 0.010000 0.000000
0.030000 0.020000 0.000000
0.030000 0.030000 0.000000
0.030000 0.040000 0.000000
0.030000 0.050000 0.000000
0.030000 0.060000 0.000000
0.030000 0.070000 0.000000
0.030000 0.080000 0.000000
0.030000 0.090000 0.000000
0.030000 0.100000 0.000000
0.030000 0.110000 0.000000
0.030000 0.120000 0.000000
0.030000 0.130000 0.000000
0.030000 0.140000 0.000000
0.030000 0.150000 0.000000
0.030000 0.160000 0.000000
0.030000 0.170000 0.000000
0.030000 0.180000 0.000000
0.030000 0.190000 0.000000
0.030000 0.200000 0.000000
0.030000 0.210000 0.000000
0.030000 0.220000 0.000000
0.030000 0.230000 0.000000
0.030000 0.240000 0.000000
0.030000 0.250000 0.000000
0.030000 0.260000 0.000000
0.030000 0.270000 0.000000
0.030000 0.280000 0.000000
0.030000 0.290000 0.000000
0.030000 0.300000 0.000000
0.030000 0.310000 0.000000
0.030000 0.320000 0.000000
0.030000 0.330000 0.000000
0.030000 0.340000 0.000000
0.030000 0.350000 0.000000
0.030000 0.360000 0.000000
0.030000 0.370000 0.000000
0.030000 0.380000 0.000000
0.030000 0.390000 0.000000
0.030000 0.400000 0.000000
0.030000 0.410000 0.000000
0.030000 0.420000 0.000000
0.030000 0.430000 0.000000
0.030000 0.440000 0.000000
0.030000 0.450000 0.000000
0.030000 0.460000 0.000000
0.030000 0.470000 0.000000
0.030000 0.480000 0.000000
0.030000 0.490000 0.000000
0.040000 0.000000 0.000000
0.040000 0.010000 0.000000
0.040000 0.020000 0.000000
0.040000 0.030000 0.000000
0.040000 0.040000 0.000000
0.040000 0.050000 0.000000
0.040000 0.060000 0.000000
0.040000 0.070000 0.000000
0.040000 0.080000 0.000000
0.040000 0.090000 0.000000
0.040000 0.100000 0.000000
0.040000 0.110000 0.000000
0.040000 0.120000 0.000000
0.040000 0.130000 0.000000
0.040000 0.140000 0.000000
0.040000 0.150000 0.000000
0.040000 0.160000 0.000000
0.040000 0.170000 0.000000
0.040000 0.180000 0.000000
0.040000 0.190000 0.000000
0.040000 0.200000 0.000000
0.040000 0.210000 0.000000
0.040000 0.220000 0.000000
0.040000 0.230000 0.000000
0.040000 0.240000 0.000000
0.040000 0.250000 0.000000
0.040000 0.260000 0.000000
0.040000 0.270000 0.000000
0.040000 0.280000 0.000000
0.040000 0.290000 0.000000
0.040000 0.300000 0.000000
0.040000 0.310000 0.000000
0.040000 0.320000 0.000000
0.040000 0.330000 0.000000
0.040000 0.340000 0.000000
0.040000 0.350000 0.000000
0.040000 0.360000 0.000000
0.040000 0.370000 0.000000
0.040000 0.380000 0.000000
0.040000 0.390000 0.000000
0.040000 0.400000 0.000000
0.040000 0.410000 0.000000
0.040000 0.420000 0.000000
0.040000 0.430000 0.000000
0.040000 0.440000 0.000000
0.040000 0.450000 0.000000
0.040000 0.460000 0.000000
0.040000 0.470000 0.000000
0.040000 0.480000 0.000000
0.040000 0.490000 0.000000
0.050000 0.000000 0.000000
0.050000 0.010000 0.000000
0.050000 0.020000 0.000000
0.050000 0.030000 0.000000
0.050000 0.040000 0.000000
0.050000 0.050000 0.000000
0.050000 0.060000 0.000000
0.050000 0.070000 0.000000
0.050000 0.080000 0.000000
0.050000 0.090000 0.000000
0.050000 0.100000 0.000000
0.050000 0.110000 0.000000
0.050000 0.120000 0.000000
0.050000 0.130000 0.000000
0.050000 0.140000 0.000000
0.050000 0.150000 0.000000
0.050000 0.160000 0.000000
0.050000 0.170000 0.000000
0.050000 0.180000 0.000000
0.050000 0.190000 0.000000
0.050000 0.200000 0.000000
0.050000 0.210000 0.000000
0.050000 0.220000 0.000000
0.050000 0.230000 0.000000
0.050000 0.240000 0.000000
0.050000 0.250000 0.000000
0.050000 0.260000 0.000000
0.050000 0.270000 0.000000
0.050000 0.280000 0.000000
0.050000 0.290000 0.000000
0.050000 0.300000 0.000000
0.050000 0.310000 0.000000
0.050000 0.320000 0.000000
0.050000 0.330000 0.000000
0.050000 0.340000 0.000000
0.050000 0.350000 0.000000
0.050000 0.360000 0.000000
0.050000 0.370000 0.000000
0.050000 0.380000 0.000000
0.050000 0.390000 0.000000
0.050000 0.400000 0.000000
0.050000 0.410000 0.000000
0.050000 0.420000 0.000000
0.050000 0.430000 0.000000
0.050000 0.440000 0.000000
0.050000 0.450000 0.000000
0.050000 0.460000 0.000000
0.050000 0.470000 0.000000
0.050000 0.480000 0.000000
0.050000 0.490000 0.000000
0.060000 0.000000 0.000000
0.060000 0.010000 0.000000
0.060000 0.020000 0.000000
0.060000 0.030000 0.000000
0.060000 0.040000 0.000000
0.060000 0.050000 0.000000
0.060000 0.060000 0.000000
0.060000 0.070000 0.000000
0.060000 0.080000 0.000000
0.060000 0.090000 0.000000
0.060000 0.100000 0.000000
0.060000 0.110000 0.000000
0.060000 0.120000 0.000000
0.060000 0.130000 0.000000
0.060000 0.140000 0.000000
0.060000 0.150000 0.000000
0.060000 0.160000 0.000000
0.060000 0.170000 0.000000
0.060000 0.180000 0.000000
0.060000 0.190000 0.000000
0.060000 0.200000 0.000000
0.060000 0.210000 0.000000
0.060000 0.220000 0.000000
0.060000 0.230000 0.000000
0.060000 0.240000 0.000000
0.060000 0.250000 0.000000
0.060000 0.260000 0.000000
0.060000 0.270000 0.000000
0.060000 0.280000 0.000000
0.060000 0.290000 0.000000
0.060000 0.300000 0.000000
0.060000 0.310000 0.000000
0.060000 0.320000 0.000000
0.060000 0.330000 0.000000
0.060000 0.340000 0.000000
0.060000 0.350000 0.000000
0.060000 0.360000 0.000000
0.060000 0.370000 0.000000
0.060000 0.380000 0.000000
0.060000 0.390000 0.000000
0.060000 0.400000 0.000000
0.060000 0.410000 0.000000
0.060000 0.420000 0.000000
0.060000 0.430000 0.000000
0.060000 0.440000 0.000000
0.060000 0.450000 0.000000
0.060000 0.460000 0.000000
0.060000 0.470000 0.000000
0.060000 0.480000 0.000000
0.060000 0.490000 0.000000
0.070000 0.000000 0.000000
0.070000 0.010000 0.000000
0.070000 0.020000 0.000000
0.070000 0.030000 0.000000
0.070000 0.040000 0.000000
0.070000 0.050000 0.000000
0.070000 0.060000 0.000000
0.070000 0.070000 0.000000
0.070000 0.080000 0.000000
0.070000 0.090000 0.000000
0.070000 0.100000 0.000000
0.070000 0.110000 0.000000
0.070000 0.120000 0.000000
0.070000 0.130000 0.000000
0.070000 0.140000 0.000000
0.070000 0.150000 0.000000
0.070000 0.160000 0.000000
0.070000 0.170000 0.000000
0.070000 0.180000 0.000000
0.070000 0.190000 0.000000
0.070000 0.200000 0.000000
0.070000 0.210000 0.000000
0.070000 0.220000 0.000000
0.070000 0.230000 0.000000
0.070000 0.240000 0.000000
0.070000 0.250000 0.000000
0.070000 0.260000 0.000000
0.070000 0.270000 0.000000
0.070000 0.280000 0.000000
0.070000 0.290000 0.000000
0.070000 0.300000 0.000000
0.070000 0.310000 0.000000
0.070000 0.320000 0.000000
0.070000 0.330000 0.000000
0.070000 0.340000 0.000000
0.070000 0.350000 0.000000
0.070000 0.360000 0.000000
0.070000 0.370000 0.000000
0.070000 0.380000 0.000000
0.070000 0.390000 0.000000
0.070000 0.400000 0.000000
0.070000 0.410000 0.000000
0.070000 0.420000 0.000000
0.070000 0.430000 0.000000
0.070000 0.440000 0.000000
0.070000 0.450000 0.000000
0.070000 0.460000 0.000000
0.070000 0.470000 0.000000
0.070000 0.480000 0.000000
0.070000 0.490000 0.000000
0.080000 0.000000 0.000000
0.080000 0.010000 0.000000
0.080000 0.020000 0.000000
0.080000 0.030000 0.000000
0.080000 0.040000 0.000000
0.080000 0.050000 0.000000
0.080000 0.060000 0.000000
0.080000 0.070000 0.000000
0.080000 0.080000 0.000000
0.080000 0.090000 0.000000
0.080000 0.100000 0.000000
0.080000 0.110000 0.000000
0.080000 0.120000 0.000000
0.080000 0.130000 0.000000
0.080000 0.140000 0.000000
0.080000 0.150000 0.000000
0.080000 0.160000 0.000000
0.080000 0.170000 0.000000
0.080000 0.180000 0.000000
0.080000 0.190000 0.000000
0.080000 0.200000 0.000000
0.080000 0.210000 0.000000
0.080000 0.220000 0.000000
0.080000 0.230000 0.000000
0.080000 0.240000 0.000000
0.080000 0.250000 0.000000
0.080000 0.260000 0.000000
0.080000 0.270000 0.000000
0.080000 0.280000 0.000000
0.080000 0.290000 0.000000
0.080000 0.300000 0.000000
0.080000 0.310000 0.000000
0.080000 0.320000 0.000000
0.080000 0.330000 0.000000
0.080000 0.340000 0.000000
0.080000 0.350000 0.000000
0.080000 0.360000 0.000000
0.080000 0.370000 0.000000
0.080000 0.380000 0.000000
0.080000 0.390000 0.000000
0.080000 0.400000 0.000000
0.080000 0.410000 0.000000
0.080000 0.420000 0.000000
0.080000 0.430000 0.000000
0.080000 0.440000 0.000000
0.080000 0.450000 0.000000
0.080000 0.460000 0.000000
0.080000 0.470000 0.000000
0.080000 0.480000 0.000000
0.080000 0.490000 0.000000
0.090000 0.000000 0.000000
0.090000 0.010000 0.000000
0.090000 0.020000 0.000000
0.090000 0.030000 0.000000
0.090000 0.040000 0.000000
0.090000 0.050000 0.000000
0.090000 0.060000 0.000000
0.090000 0.070000 0.000000
0.090000 0.080000 0.000000
0.090000 0.090000 0.000000
0.090000 0.100000 0.000000
0.090000 0.110000 0.000000
0.090000 0.120000 0.000000
0.090000 0.130000 0.000000
0.090000 0.140000 0.000000
0.090000 0.150000 0.000000
0.090000 0.160000 0.000000
0.090000 0.170000 0.000000
0.090000 0.180000 0.000000
0.090000 0.190000 0.000000
0.090000 0.200000 0.000000
0.090000 0.210000 0.000000
0.090000 0.220000 0.000000
0.090000 0.230000 0.000000
0.090000 0.240000 0.000000
0.090000 0.250000 0.000000
0.090000 0.260000 0.000000
0.090000 0.270000 0.000000
0.090000 0.280000 0.000000
0.090000 0.290000 0.000000
0.090000 0.300000 0.000000
0.090000 0.310000 0.000000
0.090000 0.320000 0.000000
0.090000 0.330000 0.000000
0.090000 0.340000 0.000000
0.090000 0.350000 0.000000
0.090000 0.360000 0.000000
0.090000 0.370000 0.000000
0.090000 0.380000 0.000000
0.090000 0.390000 0.000000
0.090000 0.400000 0.000000
0.090000 0.410000 0.000000
0.090000 0.420000 0.000000
0.090000 0.430000 0.000000
0.090000 0.440000 0.000000
0.090000 0.450000 0.000000
0.090000 0.460000 0.000000
0.090000 0.470000 0.000000
0.090000 0.480000 0.000000
0.090000 0.490000 0.000000
0.100000 0.000000 0.000000
0.100000 0.010000 0.000000
0.100000 0.020000 0.000000
0.100000 0.030000 0.000000
0.100000 0.040000 0.000000
0.100000 0.050000 0.000000
0.100000 0.060000 0.000000
0.100000 0.070000 0.000000
0.100000 0.080000 0.000000
0.100000 0.090000 0.000000
0.100000 0.100000 0.000000
0.100000 0.110000 0.000000
0.100000 0.120000 0.000000
0.100000 0.130000 0.000000
0.100000 0.140000 0.000000
0.100000 0.150000 0.000000
0.100000 0.160000 0.000000
0.100000 0.170000 0.000000
0.100000 0.180000 0.000000
0.100000 0.190000 0.000000
0.100000 0.200000 0.000000
0.100000 0.210000 0.000000
0.100000 0.220000 0.000000
0.100000 0.230000 0.000000
0.100000 0.240000 0.000000
0.100000 0.250000 0.000000
0.100000 0.260000 0.000000
0.100000 0.270000 0.000000
0.100000 0.280000 0.000000
0.100000 0.290000 0.000000
0.100000 0.300000 0.000000
0.100000 0.310000 0.000000
0.100000 0.320000 0.000000
0.100000 0.330000 0.000000
0.100000 0.340000 0.000000
0.100000 0.350000 0.000000
0.100000 0.360000 0.000000
0.100000 0.370000 0.000000
0.100000 0.380000 0.000000
0.100000 0.390000 0.000000
0.100000 0.400000 0.000000
0.100000 0.410000 0.000000
0.100000 0.420000 0.000000
0.100000 0.430000 0.000000
0.100000 0.440000 0.000000
0.100000 0.450000 0.000000
0.100000 0.460000 0.000000
0.100000 0.470000 0.000000
0.100000 0.480000 0.000000
0.100000 0.490000 0.000000
0.110000 0.000000 0.000000
0.110000 0.010000 0.000000
0.110000 0.020000 0.000000
0.110000 0.030000 0.000000
0.110000 0.040000 0.000000
0.110000 0.050000 0.000000
0.110000 0.060000 0.000000
0.110000 0.070000 0.000000
0.110000 0.080000 0.000000
0.110000 0.090000 0.000000
0.110000 0.100000 0.000000
0.110000 0.110000 0.000000
0.110000 0.120000 0.000000
0.110000 0.130000 0.000000
0.110000 0.140000 0.000000
0.110000 0.150000 0.000000
0.110000 0.160000 0.000000
0.110000 0.170000 0.000000
0.110000 0.180000 0.000000
0.110000 0.190000 0.000000
0.110000 0.200000 0.000000
0.110000 0.210000 0.000000
0.110000 0.220000 0.000000
0.110000 0.230000 0.000000
0.110000 0.240000 0.000000
0.110000 0.250000 0.000000
0.110000 0.260000 0.000000
0.110000 0.270000 0.000000
0.110000 0.280000 0.000000
0.110000 0.290000 0.000000
0.110000 0.300000 0.000000
0.110000 0.310000 0.000000
0.110000 0.320000 0.000000
0.110000 0.330000 0.000000
0.110000 0.340000 0.000000
0.110000 0.350000 0.000000
0.110000 0.360000 0.000000
0.110000 0.370000 0.000000
0.110000 0.380000 0.000000
0.110000 0.390000 0.000000
0.110000 0.400000 0.000000
0.110000 0.410000 0.000000
0.110000 0.420000 0.000000
0.110000 0.430000 0.000000
0.110000 0.440000 0.000000
0.110000 0.450000 0.000000
0.110000 0.460000 0.000000
0.110000 0.470000 0.000000
0.110000 0.480000 0.000000
0.110000 0.490000 0.000000
0.120000 0.000000 0.000000
0.120000 0.010000 0.000000
0.120000 0.020000 0.000000
0.120000 0.030000 0.000000
0.120000 0.040000 0.000000
0.120000 0.050000 0.000000
0.120000 0.060000 0.000000
0.120000 0.070000 0.000000
0.120000 0.080000 0.000000
0.120000 0.090000 0.000000
0.120000 0.100000 0.000000
0.120000 0.110000 0.000000
0.120000 0.120000 0.000000
0.120000 0.130000 0.000000
0.120000 0.140000 0.000000
0.120000 0.150000 0.000000
0.120000 0.160000 0.000000
0.120000 0.170000 0.000000
0.120000 0.180000 0.000000
0.120000 0.190000 0.000000
0.120000 0.200000 0.000000
0.120000 0.210000 0.000000
0.120000 0.220000 0.000000
0.120000 0.230000 0.000000
0.120000 0.240000 0.000000
0.120000 0.250000 0.000000
0.120000 0.260000 0.000000
0.120000 0.270000 0.000000
0.120000 0.280000 0.000000
0.120000 0.290000 0.000000
0.120000 0.300000 0.000000
0.120000 0.310000 0.000000
0.120000 0.320000 0.000000
0.120000 0.330000 0.000000
0.120000 0.340000 0.000000
0.120000 0.350000 0.000000
0.120000 0.360000 0.000000
0.120000 0.370000 0.000000
0.120000 0.380000 0.000000
0.120000 0.390000 0.000000
0.120000 0.400000 0.000000
0.120000 0.410000 0.000000
0.120000 0.420000 0.000000
0.120000 0.430000 0.000000
0.120000 0.440000 0.000000
0.120000 0.450000 0.000000
0.120000 0.460000 0.000000
0.120000 0.470000 0.000000
0.120000 0.480000 0.000000
0.120000 0.490000 0.000000
0.130000 0.000000 0.000000
0.130000 0.010000 0.000000
0.130000 0.020000 0.000000
0.130000 0.030000 0.000000
0.130000 0.040000 0.000000
0.130000 0.050000 0.000000
0.130000 0.060000 0.000000
0.130000 0.070000 0.000000
0.130000 0.080000 0.000000
0.130000 0.090000 0.000000
0.130000 0.100000 0.000000
0.130000 0.110000 0.000000
0.130000 0.120000 0.000000
0.130000 0.130000 0.000000
0.130000 0.140000 0.000000
0.130000 0.150000 0.000000
0.130000 0.160000 0.000000
0.130000 0.170000 0.000000
0.130000 0.180000 0.000000
0.130000 0.190000 0.000000
0.130000 0.200000 0.000000
0.130000 0.210000 0.000000
0.130000 0.220000 0.000000
0.130000 0.230000 0.000000
0.130000 0.240000 0.000000
0.130000 0.250000 0.000000
0.130000 0.260000 0.000000
0.130000 0.270000 0.000000
0.130000 0.280000 0.000000
0.130000 0.290000 0.000000
0.130000 0.300000 0.000000
0.130000 0.310000 0.000000
0.130000 0.320000 0.000000
0.130000 0.330000 0.000000
0.130000 0.340000 0.000000
0.130000 0.350000 0.000000
0.130000 0.360000 0.000000
0.130000 0.370000 0.000000
0.130000 0.380000 0.000000
0.130000 0.390000 0.000000
0.130000 0.400000 0.000000
0.130000 0.410000 0.000000
0.130000 0.420000 0.000000
0.130000 0.430000 0.000000
0.130000 0.440000 0.000000
0.130000 0.450000 0.000000
0.130000 0.460000 0.000000
0.130000 0.470000 0.000000
0.130000 0.480000 0.000000
0.130000 0.490000 0.000000
0.140000 0.000000 0.000000
0.140000 0.010000 0.000000
0.140000 0.020000 0.000000
0.140000 0.030000 0.000000
0.140000 0.040000 0.000000
0.140000 0.050000 0.000000
0.140000 0.060000 0.000000
0.140000 0.070000 0.000000
0.140000 0.080000 0.000000
0.140000 0.090000 0.000000
0.140000 0.100000 0.000000
0.140000 0.110000 0.000000
0.140000 0.120000 0.000000
0.140000 0.130000 0.000000
0.140000 0.140000 0.000000
0.140000 0.150000 0.000000
0.140000 0.160000 0.000000
0.140000 0.170000 0.000000
0.140000 0.180000 0.000000
0.140000 0.190000 0.000000
0.140000 0.200000 0.000000
0.140000 0.210000 0.000000
0.140000 0.220000 0.000000
0.140000 0.230000 0.000000
0.140000 0.240000 0.000000
0.140000 0.250000 0.000000
0.140000 0.260000 0.000000
0.140000 0.270000 0.000000
0.140000 0.280000 0.000000
0.140000 0.290000 0.000000
0.140000 0.300000 0.000000
0.140000 0.310000 0.000000
0.140000 0.320000 0.000000
0.140000 0.330000 0.000000
0.140000 0.340000 0.000000
0.140000 0.350000 0.000000
0.140000 0.360000 0.000000
0.140000 0.370000 0.000000
0.140000 0.380000 0.000000
0.140000 0.390000 0.000000
0.140000 0.400000 0.000000
0.140000 0.410000 0.000000
0.140000 0.420000 0.000000
0.140000 0.430000 0.000000
0.140000 0.440000 0.000000
0.140000 0.450000 0.000000
0.140000 0.460000 0.000000
0.140000 0.470000 0.000000
0.140000 0.480000 0.000000
0.140000 0.490000 0.000000
0.150000 0.000000 0.006982
0.150000 0.010000 0.006372
0.150000 0.020000 0.006078
0.150000 0.030000 0.005869
0.150000 0.040000 0.005683
0.150000 0.050000 0.005504
0.150000 0.060000 0.005325
0.150000 0.070000 0.005148
0.150000 0.080000 0.004970
0.150000 0.090000 0.004792
0.150000 0.100000 0.004614
0.150000 0.110000 0.004437
0.150000 0.120000 0.004259
0.150000 0.130000 0.004081
0.150000 0.140000 0.003904
0.150000 0.150000 0.003726
0.150000 0.160000 0.003548
0.150000 0.170000 0.003371
0.150000 0.180000 0.003193
0.150000 0.190000 0.003015
0.150000 0.200000 0.002838
0.150000 0.210000 0.002660
0.150000 0.220000 0.002483
0.150000 0.230000 0.002305
0.150000 0.240000 0.002127
0.150000 0.250000 0.001950
0.150000 0.260000 0.001772
0.150000 0.270000 0.001594
0.150000 0.280000 0.001417
0.150000 0.290000 0.001239
0.150000 0.300000 0.001061
0.150000 0.310000 0.000884
0.150000 0.320000 0.000706
0.150000 0.330000 0.000528
0.150000 0.340000 0.000351
0.150000 0.350000 0.000173
0.150000 0.360000 -0.000005
0.150000 0.370000 -0.000182
0.150000 0.380000 -0.000360
0.150000 0.390000 -0.000538
0.150000 0.400000 -0.000715
0.150000 0.410000 -0.000893
0.150000 0.420000 -0.001071
0.150000 0.430000 -0.001249
0.150000 0.440000 -0.001427
0.150000 0.450000 -0.001607
0.150000 0.460000 -0.001792
0.150000 0.470000 -0.002000
0.150000 0.480000 -0.002290
0.150000 0.490000 -0.002798
0.160000 0.000000 0.002838
0.160000 0.010000 0.003093
0.160000 0.020000 0.003031
0.160000 0.030000 0.002885
0.160000 0.040000 0.002715
0.160000 0.050000 0.002540
0.160000 0.060000 0.002363
0.160000 0.070000 0.002185
0.160000 0.080000 0.002008
0.160000 0.090000 0.001830
0.160000 0.100000 0.001652
0.160000 0.110000 0.001475
0.160000 0.120000 0.001297
0.160000 0.130000 0.001119
0.160000 0.140000 0.000942
0.160000 0.150000 0.000764
0.160000 0.160000 0.000586
0.160000 0.170000 0.000409
0.160000 0.180000 0.000231
0.160000 0.190000 0.000054
0.160000 0.200000 -0.000124
0.160000 0.210000 -0.000302
0.160000 0.220000 -0.000479
0.160000 0.230000 -0.000657
0.160000 0.240000 -0.000835
0.160000 0.250000 -0.001012
0.160000 0.260000 -0.001190
0.160000 0.270000 -0.001368
0.160000 0.280000 -0.001545
0.160000 0.290000 -0.001723
0.160000 0.300000 -0.001901
0.160000 0.310000 -0.002078
0.160000 0.320000 -0.002256
0.160000 0.330000 -0.002434
0.160000 0.340000 -0.002611
0.160000 0.350000 -0.002789
0.160000 0.360000 -0.002967
0.160000 0.370000 -0.003144
0.160000 0.380000 -0.003322
0.160000 0.390000 -0.003500
0.160000 0.400000 -0.003677
0.160000 0.410000 -0.003855
0.160000 0.420000 -0.004033
0.160000 0.430000 -0.004210
0.160000 0.440000 -0.004387
0.160000 0.450000 -0.004563
0.160000 0.460000 -0.004732
0.160000 0.470000 -0.004880
0.160000 0.480000 -0.004946
0.160000 0.490000 -0.004602
0.170000 0.000000 0.000000
0.170000 0.010000 0.000000
0.170000 0.020000 0.000000
0.170000 0.030000 0.000000
0.170000 0.040000 0.000000
0.170000 0.050000 0.000000
0.170000 0.060000 0.000000
0.170000 0.070000 0.000000
0.170000 0.080000 0.000000
0.170000 0.090000 0.000000
0.170000 0.100000 0.000000
0.170000 0.110000 0.000000
0.170000 0.120000 0.000000
0.170000 0.130000 0.000000
0.170000 0.140000 0.000000
0.170000 0.150000 0.000000
0.170000 0.160000 0.000000
0.170000 0.170000 0.000000
0.170000 0.180000 0.000000
0.170000 0.190000 0.000000
0.170000 0.200000 0.000000
0.170000 0.210000 0.000000
0.170000 0.220000 0.000000
0.170000 0.230000 0.000000
0.170000 0.240000 0.000000
0.170000 0.250000 0.000000
0.170000 0.260000 0.000000
0.170000 0.270000 0.000000
0.170000 0.280000 0.000000
0.170000 0.290000 0.000000
0.170000 0.300000 0.000000
0.170000 0.310000 0.000000
0.170000 0.320000 0.000000
0.170000 0.330000 0.000000
0.170000 0.340000 0.000000
0.170000 0.350000 0.000000
0.170000 0.360000 0.000000
0.170000 0.370000 0.000000
0.170000 0.380000 0.000000
0.170000 0.390000 0.000000
0.170000 0.400000 0.000000
0.170000 0.410000 0.000000
0.170000 0.420000 0.000000
0.170000 0.430000 0.000000
0.170000 0.440000 0.000000
0.170000 0.450000 0.000000
0.170000 0.460000 0.000000
0.170000 0.470000 0.000000
0.170000 0.480000 0.000000
0.170000 0.490000 0.000000
0.180000 0.000000 0.000000
0.180000 0.010000 0.000000
0.180000 0.020000 0.000000
0.180000 0.030000 0.000000
0.180000 0.040000 0.000000
0.180000 0.050000 0.000000
0.180000 0.060000 0.000000
0.180000 0.070000 0.000000
0.180000 0.080000 0.000000
0.180000 0.090000 0.000000
0.180000 0.100000 0.000000
0.180000 0.110000 0.000000
0.180000 0.120000 0.000000
0.180000 0.130000 0.000000
0.180000 0.140000 0.000000
0.180000 0.150000 0.000000
0.180000 0.160000 0.000000
0.180000 0.170000 0.000000
0.180000 0.180000 0.000000
0.180000 0.190000 0.000000
0.180000 0.200000 0.000000
0.180000 0.210000 0.000000
0.180000 0.220000 0.000000
0.180000 0.230000 0.000000
0.180000 0.240000 0.000000
0.180000 0.250000 0.000000
0.180000 0.260000 0.000000
0.180000 0.270000 0.000000
0.180000 0.280000 0.000000
0.180000 0.290000 0.000000
0.180000 0.300000 0.000000
0.180000 0.310000 0.000000
0.180000 0.320000 0.000000
0.180000 0.330000 0.000000
0.180000 0.340000 0.000000
0.180000 0.350000 0.000000
0.180000 0.360000 0.000000
0.180000 0.370000 0.000000
0.180000 0.380000 0.000000
0.180000 0.390000 0.000000
0.180000 0.400000 0.000000
0.180000 0.410000 0.000000
0.180000 0.420000 0.000000
0.180000 0.430000 0.000000
0.180000 0.440000 0.000000
0.180000 0.450000 0.000000
0.180000 0.460000 0.000000
0.180000 0.470000 0.000000
0.180000 0.480000 0.000000
0.180000 0.490000 0.000000
0.190000 0.000000 0.000000
0.190000 0.010000 0.000000
0.190000 0.020000 0.000000
0.190000 0.030000 0.000000
0.190000 0.040000 0.000000
0.190000 0.050000 0.000000
0.190000 0.060000 0.000000
0.190000 0.070000 0.000000
0.190000 0.080000 0.000000
0.190000 0.090000 0.000000
0.190000 0.100000 0.000000
0.190000 0.110000 0.000000
0.190000 0.120000 0.000000
0.190000 0.130000 0.000000
0.190000 0.140000 0.000000
0.190000 0.150000 0.000000
0.190000 0.160000 0.000000
0.190000 0.170000 0.000000
0.190000 0.180000 0.000000
0.190000 0.190000 0.000000
0.190000 0.200000 0.000000
0.190000 0.210000 0.000000
0.190000 0.220000 0.000000
0.190000 0.230000 0.000000
0.190000 0.240000 0.000000
0.190000 0.250000 0.000000
0.190000 0.260000 0.000000
0.190000 0.270000 0.000000
0.190000 0.280000 0.000000
0.190000 0.290000 0.000000
0.190000 0.300000 0.000000
0.190000 0.310000 0.000000
0.190000 0.320000 0.000000
0.190000 0.330000 0.000000
0.190000 0.340000 0.000000
0.190000 0.350000 0.000000
0.190000 0.360000 0.000000
0.190000 0.370000 0.000000
0.190000 0.380000 0.000000
0.190000 0.390000 0.000000
0.190000 0.400000 0.000000
0.190000 0.410000 0.000000
0.190000 0.420000 0.000000
0.190000 0.430000 0.000000
0.190000 0.440000 0.000000
0.190000 0.450000 0.000000
0.190000 0.460000 0.000000
0.190000 0.470000 0.000000
0.190000 0.480000 0.000000
0.190000 0.490000 0.000000
0.200000 0.000000 0.000000
0.200000 0.010000 0.000000
0.200000 0.020000 0.000000
0.200000 0.030000 0.000000
0.200000 0.040000 0.000000
0.200000 0.050000 0.000000
0.200000 0.060000 0.000000
0.200000 0.070000 0.000000
0.200000 0.080000 0.000000
0.200000 0.090000 0.000000
0.200000 0.100000 0.000000
0.200000 0.110000 0.000000
0.200000 0.120000 0.000000
0.200000 0.130000 0.000000
0.200000 0.140000 0.000000
0.200000 0.150000 0.000000
0.200000 0.160000 0.000000
0.200000 0.170000 0.000000
0.200000 0.180000 0.000000
0.200000 0.190000 0.000000
0.200000 0.200000 0.000000
0.200000 0.210000 0.000000
0.200000 0.220000 0.000000
0.200000 0.230000 0.000000
0.200000 0.240000 0.000000
0.200000 0.250000 0.000000
0.200000 0.260000 0.000000
0.200000 0.270000 0.000000
0.200000 0.280000 0.000000
0.200000 0.290000 0.000000
0.200000 0.300000 0.000000
0.200000 0.310000 0.000000
0.200000 0.320000 0.000000
0.200000 0.330000 0.000000
0.200000 0.340000 0.000000
0.200000 0.350000 0.000000
0.200000 0.360000 0.000000
0.200000 0.370000 0.000000
0.200000 0.380000 0.000000
0.200000 0.390000 0.000000
0.200000 0.400000 0.000000
0.200000 0.410000 0.000000
0.200000 0.420000 0.000000
0.200000 0.430000 0.000000
0.200000 0.440000 0.000000
0.200000 0.450000 0.000000
0.200000 0.460000 0.000000
0.200000 0.470000 0.000000
0.200000 0.480000 0.000000
0.200000 0.490000 0.000000
0.210000 0.000000 0.000000
0.210000 0.010000 0.000000
0.210000 0.020000 0.000000
0.210000 0.030000 0.000000
0.210000 0.040000 0.000000
0.210000 0.050000 0.000000
0.210000 0.060000 0.000000
0.210000 0.070000 0.000000
0.210000 0.080000 0.000000
0.210000 0.090000 0.000000
0.210000 0.100000 0.000000
0.210000 0.110000 0.000000
0.210000 0.120000 0.000000
0.210000 0.130000 0.000000
0.210000 0.140000 0.000000
0.210000 0.150000 0.000000
0.210000 0.160000 0.000000
0.210000 0.170000 0.000000
0.210000 0.180000 0.000000
0.210000 0.190000 0.000000
0.210000 0.200000 0.000000
0.210000 0.210000 0.000000
0.210000 0.220000 0.000000
0.210000 0.230000 0.000000
0.210000 0.240000 0.000000
0.210000 0.250000 0.000000
0.210000 0.260000 0.000000
0.210000 0.270000 0.000000
0.210000 0.280000 0.000000
0.210000 0.290000 0.000000
0.210000 0.300000 0.000000
0.210000 0.310000 0.000000
0.210000 0.320000 0.000000
0.210000 0.330000 0.000000
0.210000 0.340000 0.000000
0.210000 0.350000 0.000000
0.210000 0.360000 0.000000
0.210000 0.370000 0.000000
0.210000 0.380000 0.000000
0.210000 0.390000 0.000000
0.210000 0.400000 0.000000
0.210000 0.410000 0.000000
0.210000 0.420000 0.000000
0.210000 0.430000 0.000000
0.210000 0.440000 0.000000
0.210000 0.450000 0.000000
0.210000 0.460000 0.000000
0.210000 0.470000 0.000000
0.210000 0.480000 0.000000
0.210000 0.490000 0.000000
0.220000 0.000000 0.000000
0.220000 0.010000 0.000000
0.220000 0.020000 0.000000
0.220000 0.030000 0.000000
0.220000 0.040000 0.000000
0.220000 0.050000 0.000000
0.220000 0.060000 0.000000
0.220000 0.070000 0.000000
0.220000 0.080000 0.000000
0.220000 0.090000 0.000000
0.220000 0.100000 0.000000
0.220000 0.110000 0.000000
0.220000 0.120000 0.000000
0.220000 0.130000 0.000000
0.220000 0.140000 0.000000
0.220000 0.150000 0.000000
0.220000 0.160000 0.000000
0.220000 0.170000 0.000000
0.220000 0.180000 0.000000
0.220000 0.190000 0.000000
0.220000 0.200000 0.000000
0.220000 0.210000 0.000000
0.220000 0.220000 0.000000
0.220000 0.230000 0.000000
0.220000 0.240000 0.000000
0.220000 0.250000 0.000000
0.220000 0.260000 0.000000
0.220000 0.270000 0.000000
0.220000 0.280000 0.000000
0.220000 0.290000 0.000000
0.220000 0.300000 0.000000
0.220000 0.310000 0.000000
0.220000 0.320000 0.000000
0.220000 0.330000 0.000000
0.220000 0.340000 0.000000
0.220000 0.350000 0.000000
0.220000 0.360000 0.000000
0.220000 0.370000 0.000000
0.220000 0.380000 0.000000
0.220000 0.390000 0.000000
0.220000 0.400000 0.000000
0.220000 0.410000 0.000000
0.220000 0.420000 0.000000
0.220000 0.430000 0.000000
0.220000 0.440000 0.000000
0.220000 0.450000 0.000000
0.220000 0.460000 0.000000
0.220000 0.470000 0.000000
0.220000 0.480000 0.000000
0.220000 0.490000 0.000000
0.230000 0.000000 0.000000
0.230000 0.010000 0.000000
0.230000 0.020000 0.000000
0.230000 0.030000 0.000000
0.230000 0.040000 0.000000
0.230000 0.050000 0.000000
0.230000 0.060000 0.000000
0.230000 0.070000 0.000000
0.230000 0.080000 0.000000
0.230000 0.090000 0.000000
0.230000 0.100000 0.000000
0.230000 0.110000 0.000000
0.230000 0.120000 0.000000
0.230000 0.130000 0.000000
0.230000 0.140000 0.000000
0.230000 0.150000 0.000000
0.230000 0.160000 0.000000
0.230000 0.170000 0.000000
0.230000 0.180000 0.000000
0.230000 0.190000 0.000000
0.230000 0.200000 0.000000
0.230000 0.210000 0.000000
0.230000 0.220000 0.000000
0.230000 0.230000 0.000000
0.230000 0.240000 0.000000
0.230000 0.250000 0.000000
0.230000 0.260000 0.000000
0.230000 0.270000 0.000000
0.230000 0.280000 0.000000
0.230000 0.290000 0.000000
0.230000 0.300000 0.000000
0.230000 0.310000 0.000000
0.230000 0.320000 0.000000
0.230000 0.330000 0.000000
0.230000 0.340000 0.000000
0.230000 0.350000 0.000000
0.230000 0.360000 0.000000
0.230000 0.370000 0.000000
0.230000 0.380000 0.000000
0.230000 0.390000 0.000000
0.230000 0.400000 0.000000
0.230000 0.410000 0.000000
0.230000 0.420000 0.000000
0.230000 0.430000 0.000000
0.230000 0.440000 0.000000
0.230000 0.450000 0.000000
0.230000 0.460000 0.000000
0.230000 0.470000 0.000000
0.230000 0.480000 0.000000
0.230000 0.490000 0.000000
0.240000 0.000000 0.000000
0.240000 0.010000 0.000000
0.240000 0.020000 0.000000
0.240000 0.030000 0.000000
0.240000 0.040000 0.000000
0.240000 0.050000 0.000000
0.240000 0.060000 0.000000
0.240000 0.070000 0.000000
0.240000 0.080000 0.000000
0.240000 0.090000 0.000000
0.240000 0.100000 0.000000
0.240000 0.110000 0.000000
0.240000 0.120000 0.000000
0.240000 0.130000 0.000000
0.240000 0.140000 0.000000
0.240000 0.150000 0.000000
0.240000 0.160000 0.000000
0.240000 0.170000 0.000000
0.240000 0.180000 0.000000
0.240000 0.190000 0.000000
0.240000 0.200000 0.000000
0.240000 0.210000 0.000000
0.240000 0.220000 0.000000
0.240000 0.230000 0.000000
0.240000 0.240000 0.000000
0.240000 0.250000 0.000000
0.240000 0.260000 0.000000
0.240000 0.270000 0.000000
0.240000 0.280000 0.000000
0.240000 0.290000 0.000000
0.240000 0.300000 0.000000
0.240000 0.310000 0.000000
0.240000 0.320000 0.000000
0.240000 0.330000 0.000000
0.240000 0.340000 0.000000
0.240000 0.350000 0.000000
0.240000 0.360000 0.000000
0.240000 0.370000 0.000000
0.240000 0.380000 0.000000
0.240000 0.390000 0.000000
0.240000 0.400000 0.000000
0.240000 0.410000 0.000000
0.240000 0.420000 0.000000
0.240000 0.430000 0.000000
0.240000 0.440000 0.000000
0.240000 0.450000 0.000000
0.240000 0.460000 0.000000
0.240000 0.470000 0.000000
0.240000 0.480000 0.000000
0.240000 0.490000 0.000000
0.250000 0.000000 0.000000
0.250000 0.010000 0.000000
0.250000 0.020000 0.000000
0.250000 0.030000 0.000000
0.250000 0.040000 0.000000
0.250000 0.050000 0.000000
0.250000 0.060000 0.000000
0.250000 0.070000 0.000000
0.250000 0.080000 0.000000
0.250000 0.090000 0.000000
0.250000 0.100000 0.000000
0.250000 0.110000 0.000000
0.250000 0.120000 0.000000
0.250000 0.130000 0.000000
0.250000 0.140000 0.000000
0.250000 0.150000 0.000000
0.250000 0.160000 0.000000
0.250000 0.170000 0.000000
0.250000 0.180000 0.000000
0.250000 0.190000 0.000000
0.250000 0.200000 0.000000
0.250000 0.210000 0.000000
0.250000 0.220000 0.000000
0.250000 0.230000 0.000000
0.250000 0.240000 0.000000
0.250000 0.250000 0.000000
0.250000 0.260000 0.000000
0.250000 0.270000 0.000000
0.250000 0.280000 0.000000
0.250000 0.290000 0.000000
0.250000 0.300000 0.000000
0.250000 0.310000 0.000000
0.250000 0.320000 0.000000
0.250000 0.330000 0.000000
0.250000 0.340000 0.000000
0.250000 0.350000 0.000000
0.250000 0.360000 0.000000
0.250000 0.370000 0.000000
0.250000 0.380000 0.000000
0.250000 0.390000 0.000000
0.250000 0.400000 0.000000
0.250000 0.410000 0.000000
0.250000 0.420000 0.000000
0.250000 0.430000 0.000000
0.250000 0.440000 0.000000
0.250000 0.450000 0.000000
0.250000 0.460000 0.000000
0.250000 0.470000 0.000000
0.250000 0.480000 0.000000
0.250000 0.490000 0.000000
0.260000 0.000000 0.018961
0.260000 0.010000 0.018599
0.260000 0.020000 0.018237
0.260000 0.030000 0.017874
0.260000 0.040000 0.017512
0.260000 0.050000 0.017150
0.260000 0.060000 0.016788
0.260000 0.070000 0.016425
0.260000 0.080000 0.016063
0.260000 0.090000 0.015701
0.260000 0.100000 0.015339
0.260000 0.110000 0.014977
0.260000 0.120000 0.014614
0.260000 0.130000 0.014252
0.260000 0.140000 0.013890
0.260000 0.150000 0.013528
0.260000 0.160000 0.013166
0.260000 0.170000 0.012804
0.260000 0.180000 0.012442
0.260000 0.190000 0.012079
0.260000 0.200000 0.011717
0.260000 0.210000 0.011355
0.260000 0.220000 0.010993
0.260000 0.230000 0.010631
0.260000 0.240000 0.010269
0.260000 0.250000 0.009907
0.260000 0.260000 0.009544
0.260000 0.270000 0.009182
0.260000 0.280000 0.008820
0.260000 0.290000 0.008458
0.260000 0.300000 0.008096
0.260000 0.310000 0.007734
0.260000 0.320000 0.007372
0.260000 0.330000 0.007009
0.260000 0.340000 0.006647
0.260000 0.350000 0.006285
0.260000 0.360000 0.005923
0.260000 0.370000 0.005561
0.260000 0.380000 0.005199
0.260000 0.390000 0.004836
0.260000 0.400000 0.004474
0.260000 0.410000 0.004112
0.260000 0.420000 0.003750
0.260000 0.430000 0.003388
0.260000 0.440000 0.003025
0.260000 0.450000 0.002663
0.260000 0.460000 0.002301
0.260000 0.470000 0.001939
0.260000 0.480000 0.001576
0.260000 0.490000 0.001409
0.270000 0.000000 0.018961
0.270000 0.010000 0.018599
0.270000 0.020000 0.018237
0.270000 0.030000 0.017874
0.270000 0.040000 0.017512
0.270000 0.050000 0.017150
0.270000 0.060000 0.016788
0.270000 0.070000 0.016425
0.270000 0.080000 0.016063
0.270000 0.090000 0.015701
0.270000 0.100000 0.015339
0.270000 0.110000 0.014977
0.270000 0.120000 0.014614
0.270000 0.130000 0.014252
0.270000 0.140000 0.013890
0.270000 0.150000 0.013528
0.270000 0.160000 0.013166
0.270000 0.170000 0.012804
0.270000 0.180000 0.012442
0.270000 0.190000 0.012079
0.270000 0.200000 0.011717
0.270000 0.210000 0.011355
0.270000 0.220000 0.010993
0.270000 0.230000 0.010631
0.270000 0.240000 0.010269
0.270000 0.250000 0.009907
0.270000 0.260000 0.009544
0.270000 0.270000 0.009182
0.270000 0.280000 0.008820
0.270000 0.290000 0.008458
0.270000 0.300000 0.008096
0.270000 0.310000 0.007734
0.270000 0.320000 0.007372
0.270000 0.330000 0.007009
0.270000 0.340000 0.006647
0.270000 0.350000 0.006285
0.270000 0.360000 0.005923
0.270000 0.370000 0.005561
0.270000 0.380000 0.005199
0.270000 0.390000 0.004836
0.270000 0.400000 0.004474
0.270000 0.410000 0.004112
0.270000 0.420000 0.003750
0.270000 0.430000 0.003388
0.270000 0.440000 0.003025
0.270000 0.450000 0.002663
0.270000 0.460000 0.002301
0.270000 0.470000 0.001939
0.270000 0.480000 0.001576
0.270000 0.490000 0.001409
0.280000 0.000000 0.018961
0.280000 0.010000 0.018599
0.280000 0.020000 0.018237
0.280000 0.030000 0.017874
0.280000 0.040000 0.017512
0.280000 0.050000 0.017150
0.280000 0.060000 0.016788
0.280000 0.070000 0.016425
0.280000 0.080000 0.016063
0.280000 0.090000 0.015701
0.280000 0.100000 0.015339
0.280000 0.110000 0.014977
0.280000 0.120000 0.014614
0.280000 0.130000 0.014252
0.280000 0.140000 0.013890
0.280000 0.150000 0.013528
0.280000 0.160000 0.013166
0.280000 0.170000 0.012804
0.280000 0.180000 0.012442
0.280000 0.190000 0.012079
0.280000 0.200000 0.011717
0.280000 0.210000 0.011355
0.280000 0.220000 0.010993
0.280000 0.230000 0.010631
0.280000 0.240000 0.010269
0.280000 0.250000 0.009907
0.280000 0.260000 0.009544
0.280000 0.270000 0.009182
0.280000 0.280000 0.008820
0.280000 0.290000 0.008458
0.280000 0.300000 0.008096
0.280000 0.310000 0.007734
0.280000 0.320000 0.007372
0.280000 0.330000 0.007009
0.280000 0.340000 0.006647
0.280000 0.350000 0.006285
0.280000 0.360000 0.005923
0.280000 0.370000 0.005561
0.280000 0.380000 0.005199
0.280000 0.390000 0.004836
0.280000 0.400000 0.004474
0.280000 0.410000 0.004112
0.280000 0.420000 0.003750
0.280000 0.430000 0.003388
0.280000 0.440000 0.003025
0.280000 0.450000 0.002663
0.280000 0.460000 0.002301
0.280000 0.470000 0.001939
0.280000 0.480000 0.001576
0.280000 0.490000 0.001409
0.290000 0.000000 0.018961
0.290000 0.010000 0.018599
0.290000 0.020000 0.018237
0.290000 0.030000 0.017874
0.290000 0.040000 0.017512
0.290000 0.050000 0.017150
0.290000 0.060000 0.016788
0.290000 0.070000 0.016425
0.290000 0.080000 0.016063
0.290000 0.090000 0.015701
0.290000 0.100000 0.015339
0.290000 0.110000 0.014977
0.290000 0.120000 0.014614
0.290000 0.130000 0.014252
0.290000 0.140000 0.013890
0.290000 0.150000 0.013528
0.290000 0.160000 0.013166
0.290000 0.170000 0.012804
0.290000 0.180000 0.012442
0.290000 0.190000 0.012079
0.290000 0.200000 0.011717
0.290000 0.210000 0.011355
0.290000 0.220000 0.010993
0.290000 0.230000 0.010631
0.290000 0.240000 0.010269
0.290000 0.250000 0.009907
0.290000 0.260000 0.009544
0.290000 0.270000 0.009182
0.290000 0.280000 0.008820
0.290000 0.290000 0.008458
0.290000 0.300000 0.008096
0.290000 0.310000 0.007734
0.290000 0.320000 0.007372
0.290000 0.330000 0.007009
0.290000 0.340000 0.006647
0.290000 0.350000 0.006285
0.290000 0.360000 0.005923
0.290000 0.370000 0.005561
0.290000 0.380000 0.005199
0.290000 0.390000 0.004836
0.290000 0.400000 0.004474
0.290000 0.410000 0.004112
0.290000 0.420000 0.003750
0.290000 0.430000 0.003388
0.290000 0.440000 0.003025
0.290000 0.450000 0.002663
0.290000 0.460000 0.002301
0.290000 0.470000 0.001939
0.290000 0.480000 0.001576
0.290000 0.490000 0.001409
0.300000 0.000000 0.018961
0.300000 0.010000 0.018599
0.300000 0.020000 0.018237
0.300000 0.030000 0.017874
0.300000 0.040000 0.017512
0.300000 0.050000 0.017150
0.300000 0.060000 0.016788
0.300000 0.070000 0.016425
0.300000 0.080000 0.016063
0.300000 0.090000 0.015701
0.300000 0.100000 0.015339
0.300000 0.110000 0.014977
0.300000 0.120000 0.014614
0.300000 0.130000 0.014252
0.300000 0.140000 0.013890
0.300000 0.150000 0.013528
0.300000 0.160000 0.013166
0.300000 0.170000 0.012804
0.300000 0.180000 0.012442
0.300000 0.190000 0.012079
0.300000 0.200000 0.011717
0.300000 0.210000 0.011355
0.300000 0.220000 0.010993
0.300000 0.230000 0.010631
0.300000 0.240000 0.010269
0.300000 0.250000 0.009907
0.300000 0.260000 0.009544
0.300000 0.270000 0.009182
0.300000 0.280000 0.008820
0.300000 0.290000 0.008458
0.300000 0.300000 0.008096
0.300000 0.310000 0.007734
0.300000 0.320000 0.007372
0.300000 0.330000 0.007009
0.300000 0.340000 0.006647
0.300000 0.350000 0.006285
0.300000 0.360000 0.005923
0.300000 0.370000 0.005561
0.300000 0.380000 0.005199
0.300000 0.390000 0.004836
0.300000 0.400000 0.004474
0.300000 0.410000 0.004112
0.300000 0.420000 0.003750
0.300000 0.430000 0.003388
0.300000 0.440000 0.003025
0.300000 0.450000 0.002663
0.300000 0.460000 0.002301
0.300000 0.470000 0.001939
0.300000 0.480000 0.001576
0.300000 0.490000 0.001409
0.310000 0.000000 0.018961
0.310000 0.010000 0.018599
0.310000 0.020000 0.018237
0.310000 0.030000 0.017874
0.310000 0.040000 0.017512
0.310000 0.050000 0.017150
0.310000 0.060000 0.016788
0.310000 0.070000 0.016425
0.310000 0.080000 0.016063
0.310000 0.090000 0.015701
0.310000 0.100000 0.015339
0.310000 0.110000 0.014977
0.310000 0.120000 0.014614
0.310000 0.130000 0.014252
0.310000 0.140000 0.013890
0.310000 0.150000 0.013528
0.310000 0.160000 0.013166
0.310000 0.170000 0.012804
0.310000 0.180000 0.012442
0.310000 0.190000 0.012079
0.310000 0.200000 0.011717
0.310000 0.210000 0.011355
0.310000 0.220000 0.010993
0.310000 0.230000 0.010631
0.310000 0.240000 0.010269
0.310000 0.250000 0.009907
0.310000 0.260000 0.009544
0.310000 0.270000 0.009182
0.310000 0.280000 0.008820
0.310000 0.290000 0.008458
0.310000 0.300000 0.008096
0.310000 0.310000 0.007734
0.310000 0.320000 0.007372
0.310000 0.330000 0.007009
0.310000 0.340000 0.006647
0.310000 0.350000 0.006285
0.310000 0.360000 0.005923
0.310000 0.370000 0.005561
0.310000 0.380000 0.005199
0.310000 0.390000 0.004836
0.310000 0.400000 0.004474
0.310000 0.410000 0.004112
0.310000 0.420000 0.003750
0.310000 0.430000 0.003388
0.310000 0.440000 0.003025
0.310000 0.450000 0.002663
0.310000 0.460000 0.002301
0.310000 0.470000 0.001939
0.310000 0.480000 0.001576
0.310000 0.490000 0.001409
0.320000 0.000000 0.018961
0.320000 0.010000 0.018599
0.320000 0.020000 0.018237
0.320000 0.030000 0.017874
0.320000 0.040000 0.017512
0.320000 0.050000 0.017150
0.320000 0.060000 0.016788
0.320000 0.070000 0.016425
0.320000 0.080000 0.016063
0.320000 0.090000 0.015701
0.320000 0.100000 0.015339
0.320000 0.110000 0.014977
0.320000 0.120000 0.014614
0.320000 0.130000 0.014252
0.320000 0.140000 0.013890
0.320000 0.150000 0.013528
0.320000 0.160000 0.013166
0.320000 0.170000 0.012804
0.320000 0.180000 0.012442
0.320000 0.190000 0.012079
0.320000 0.200000 0.011717
0.320000 0.210000 0.011355
0.320000 0.220000 0.010993
0.320000 0.230000 0.010631
0.320000 0.240000 0.010269
0.320000 0.250000 0.009907
0.320000 0.260000 0.009544
0.320000 0.270000 0.009182
0.320000 0.280000 0.008820
0.320000 0.290000 0.008458
0.320000 0.300000 0.008096
0.320000 0.310000 0.007734
0.320000 0.320000 0.007372
0.320000 0.330000 0.007009
0.320000 0.340000 0.006647
0.320000 0.350000 0.006285
0.320000 0.360000 0.005923
0.320000 0.370000 0.005561
0.320000 0.380000 0.005199
0.320000 0.390000 0.004836
0.320000 0.400000 0.004474
0.320000 0.410000 0.004112
0.320000 0.420000 0.003750
0.320000 0.430000 0.003388
0.320000 0.440000 0.003025
0.320000 0.450000 0.002663
0.320000 0.460000 0.002301
0.320000 0.470000 0.001939
0.320000 0.480000 0.001576
0.320000 0.490000 0.001409
0.330000 0.000000 0.018961
0.330000 0.010000 0.018599
0.330000 0.020000 0.018237
0.330000 0.030000 0.017874
0.330000 0.040000 0.017512
0.330000 0.050000 0.017150
0.330000 0.060000 0.016788
0.330000 0.070000 0.016425
0.330000 0.080000 0.016063
0.330000 0.090000 0.015701
0.330000 0.100000 0.015339
0.330000 0.110000 0.014977
0.330000 0.120000 0.014614
0.330000 0.130000 0.014252
0.330000 0.140000 0.013890
0.330000 0.150000 0.013528
0.330000 0.160000 0.013166
0.330000 0.170000 0.012804
0.330000 0.180000 0.012442
0.330000 0.190000 0.012079
0.330000 0.200000 0.011717
0.330000 0.210000 0.011355
0.330000 0.220000 0.010993
0.330000 0.230000 0.010631
0.330000 0.240000 0.010269
0.330000 0.250000 0.009907
0.330000 0.260000 0.009544
0.330000 0.270000 0.009182
0.330000 0.280000 0.008820
0.330000 0.290000 0.008458
0.330000 0.300000 0.008096
0.330000 0.310000 0.007734
0.330000 0.320000 0.007372
0.330000 0.330000 0.007009
0.330000 0.340000 0.006647
0.330000 0.350000 0.006285
0.330000 0.360000 0.005923
0.330000 0.370000 0.005561
0.330000 0.380000 0.005199
0.330000 0.390000 0.004836
0.330000 0.400000 0.004474
0.330000 0.410000 0.004112
0.330000 0.420000 0.003750
0.330000 0.430000 0.003388
0.330000 0.440000 0.003025
0.330000 0.450000 0.002663
0.330000 0.460000 0.002301
0.330000 0.470000 0.001939
0.330000 0.480000 0.001576
0.330000 0.490000 0.001409
0.340000 0.000000 0.018961
0.340000 0.010000 0.018599
0.340000 0.020000 0.018237
0.340000 0.030000 0.017874
0.340000 0.040000 0.017512
0.340000 0.050000 0.017150
0.340000 0.060000 0.016788
0.340000 0.070000 0.016425
0.340000 0.080000 0.016063
0.340000 0.090000 0.015701
0.340000 0.100000 0.015339
0.340000 0.110000 0.014977
0.340000 0.120000 0.014614
0.340000 0.130000 0.014252
0.340000 0.140000 0.013890
0.340000 0.150000 0.013528
0.340000 0.160000 0.013166
0.340000 0.170000 0.012804
0.340000 0.180000 0.012442
0.340000 0.190000 0.012079
0.340000 0.200000 0.011717
0.340000 0.210000 0.011355
0.340000 0.220000 0.010993
0.340000 0.230000 0.010631
0.340000 0.240000 0.010269
0.340000 0.250000 0.009907
0.340000 0.260000 0.009544
0.340000 0.270000 0.009182
0.340000 0.280000 0.008820
0.340000 0.290000 0.008458
0.340000 0.300000 0.008096
0.340000 0.310000 0.007734
0.340000 0.320000 0.007372
0.340000 0.330000 0.007009
0.340000 0.340000 0.006647
0.340000 0.350000 0.006285
0.340000 0.360000 0.005923
0.340000 0.370000 0.005561
0.340000 0.380000 0.005199
0.340000 0.390000 0.004836
0.340000 0.400000 0.004474
0.340000 0.410000 0.004112
0.340000 0.420000 0.003750
0.340000 0.430000 0.003388
0.340000 0.440000 0.003025
0.340000 0.450000 0.002663
0.340000 0.460000 0.002301
0.340000 0.470000 0.001939
0.340000 0.480000 0.001576
0.340000 0.490000 0.001409
0.350000 0.000000 0.018961
0.350000 0.010000 0.018599
0.350000 0.020000 0.018237
0.350000 0.030000 0.017874
0.350000 0.040000 0.017512
0.350000 0.050000 0.017150
0.350000 0.060000 0.016788
0.350000 0.070000 0.016425
0.350000 0.080000 0.016063
0.350000 0.090000 0.015701
0.350000 0.100000 0.015339
0.350000 0.110000 0.014977
0.350000 0.120000 0.014614
0.350000 0.130000 0.014252
0.350000 0.140000 0.013890
0.350000 0.150000 0.013528
0.350000 0.160000 0.013166
0.350000 0.170000 0.012804
0.350000 0.180000 0.012442
0.350000 0.190000 0.012079
0.350000 0.200000 0.011717
0.350000 0.210000 0.011355
0.350000 0.220000 0.010993
0.350000 0.230000 0.010631
0.350000 0.240000 0.010269
0.350000 0.250000 0.009907
0.350000 0.260000 0.009544
0.350000 0.270000 0.009182
0.350000 0.280000 0.008820
0.350000 0.290000 0.008458
0.350000 0.300000 0.008096
0.350000 0.310000 0.007734
0.350000 0.320000 0.007372
0.350000 0.330000 0.007009
0.350000 0.340000 0.006647
0.350000 0.350000 0.006285
0.350000 0.360000 0.005923
0.350000 0.370000 0.005561
0.350000 0.380000 0.005199
0.350000 0.390000 0.004836
0.350000 0.400000 0.004474
0.350000 0.410000 0.004112
0.350000 0.420000 0.003750
0.350000 0.430000 0.003388
0.350000 0.440000 0.003025
0.350000 0.450000 0.002663
0.350000 0.460000 0.002301
0.350000 0.470000 0.001939
0.350000 0.480000 0.001576
0.350000 0.490000 0.001409
0.360000 0.000000 0.018961
0.360000 0.010000 0.018599
0.360000 0.020000 0.018237
0.360000 0.030000 0.017874
0.360000 0.040000 0.017512
0.360000 0.050000 0.017150
0.360000 0.060000 0.016788
0.360000 0.070000 0.016425
0.360000 0.080000 0.016063
0.360000 0.090000 0.015701
0.360000 0.100000 0.015339
0.360000 0.110000 0.014977
0.360000 0.120000 0.014614
0.360000 0.130000 0.014252
0.360000 0.140000 0.013890
0.360000 0.150000 0.013528
0.360000 0.160000 0.013166
0.360000 0.170000 0.012804
0.360000 0.180000 0.012442
0.360000 0.190000 0.012079
0.360000 0.200000 0.011717
0.360000 0.210000 0.011355
0.360000 0.220000 0.010993
0.360000 0.230000 0.010631
0.360000 0.240000 0.010269
0.360000 0.250000 0.009907
0.360000 0.260000 0.009544
0.360000 0.270000 0.009182
0.360000 0.280000 0.008820
0.360000 0.290000 0.008458
0.360000 0.300000 0.008096
0.360000 0.310000 0.007734
0.360000 0.320000 0.007372
0.360000 0.330000 0.007009
0.360000 0.340000 0.006647
0.360000 0.350000 0.006285
0.360000 0.360000 0.005923
0.360000 0.370000 0.005561
0.360000 0.380000 0.005199
0.360000 0.390000 0.004836
0.360000 0.400000 0.004474
0.360000 0.410000 0.004112
0.360000 0.420000 0.003750
0.360000 0.430000 0.003388
0.360000 0.440000 0.003025
0.360000 0.450000 0.002663
0.360000 0.460000 0.002301
0.360000 0.470000 0.001939
0.360000 0.480000 0.001576
0.360000 0.490000 0.001409
0.370000 0.000000 0.018961
0.370000 0.010000 0.018599
0.370000 0.020000 0.018237
0.370000 0.030000 0.017874
0.370000 0.040000 0.017512
0.370000 0.050000 0.017150
0.370000 0.060000 0.016788
0.370000 0.070000 0.016425
0.370000 0.080000 0.016063
0.370000 0.090000 0.015701
0.370000 0.100000 0.015339
0.370000 0.110000 0.014977
0.370000 0.120000 0.014614
0.370000 0.130000 0.014252
0.370000 0.140000 0.013890
0.370000 0.150000 0.013528
0.370000 0.160000 0.013166
0.370000 0.170000 0.012804
0.370000 0.180000 0.012442
0.370000 0.190000 0.012079
0.370000 0.200000 0.011717
0.370000 0.210000 0.011355
0.370000 0.220000 0.010993
0.370000 0.230000 0.010631
0.370000 0.240000 0.010269
0.370000 0.250000 0.009907
0.370000 0.260000 0.009544
0.370000 0.270000 0.009182
0.370000 0.280000 0.008820
0.370000 0.290000 0.008458
0.370000 0.300000 0.008096
0.370000 0.310000 0.007734
0.370000 0.320000 0.007372
0.370000 0.330000 0.007009
0.370000 0.340000 0.006647
0.370000 0.350000 0.006285
0.370000 0.360000 0.005923
0.370000 0.370000 0.005561
0.370000 0.380000 0.005199
0.370000 0.390000 0.004836
0.370000 0.400000 0.004474
0.370000 0.410000 0.004112
0.370000 0.420000 0.003750
0.370000 0.430000 0.003388
0.370000 0.440000 0.003025
0.370000 0.450000 0.002663
0.370000 0.460000 0.002301
0.370000 0.470000 0.001939
0.370000 0.480000 0.001576
0.370000 0.490000 0.001409
0.380000 0.000000 0.018961
0.380000 0.010000 0.018599
0.380000 0.020000 0.018237
0.380000 0.030000 0.017874
0.380000 0.040000 0.017512
0.380000 0.050000 0.017150
0.380000 0.060000 0.016788
0.380000 0.070000 0.016425
0.380000 0.080000 0.016063
0.380000 0.090000 0.015701
0.380000 0.100000 0.015339
0.380000 0.110000 0.014977
0.380000 0.120000 0.014614
0.380000 0.130000 0.014252
0.380000 0.140000 0.013890
0.380000 0.150000 0.013528
0.380000 0.160000 0.013166
0.380000 0.170000 0.012804
0.380000 0.180000 0.012442
0.380000 0.190000 0.012079
0.380000 0.200000 0.011717
0.380000 0.210000 0.011355
0.380000 0.220000 0.010993
0.380000 0.230000 0.010631
0.380000 0.240000 0.010269
0.380000 0.250000 0.009907
0.380000 0.260000 0.009544
0.380000 0.270000 0.009182
0.380000 0.280000 0.008820
0.380000 0.290000 0.008458
0.380000 0.300000 0.008096
0.380000 0.310000 0.007734
0.380000 0.320000 0.007372
0.380000 0.330000 0.007009
0.380000 0.340000 0.006647
0.380000 0.350000 0.006285
0.380000 0.360000 0.005923
0.380000 0.370000 0.005561
0.380000 0.380000 0.005199
0.380000 0.390000 0.004836
0.380000 0.400000 0.004474
0.380000 0.410000 0.004112
0.380000 0.420000 0.003750
0.380000 0.430000 0.003388
0.380000 0.440000 0.003025
0.380000 0.450000 0.002663
0.380000 0.460000 0.002301
0.380000 0.470000 0.001939
0.380000 0.480000 0.001576
0.380000 0.490000 0.001409
0.390000 0.000000 0.018961
0.390000 0.010000 0.018599
0.390000 0.020000 0.018237
0.390000 0.030000 0.017874
0.390000 0.040000 0.017512
0.390000 0.050000 0.017150
0.390000 0.060000 0.016788
0.390000 0.070000 0.016425
0.390000 0.080000 0.016063
0.390000 0.090000 0.015701
0.390000 0.100000 0.015339
0.390000 0.110000 0.014977
0.390000 0.120000 0.014615
0.390000 0.130000 0.014252
0.390000 0.140000 0.013890
0.390000 0.150000 0.013528
0.390000 0.160000 0.013166
0.390000 0.170000 0.012804
0.390000 0.180000 0.012442
0.390000 0.190000 0.012079
0.390000 0.200000 0.011717
0.390000 0.210000 0.011355
0.390000 0.220000 0.010993
0.390000 0.230000 0.010631
0.390000 0.240000 0.010269
0.390000 0.250000 0.009907
0.390000 0.260000 0.009544
0.390000 0.270000 0.009182
0.390000 0.280000 0.008820
0.390000 0.290000 0.008458
0.390000 0.300000 0.008096
0.390000 0.310000 0.007734
0.390000 0.320000 0.007372
0.390000 0.330000 0.007009
0.390000 0.340000 0.006647
0.390000 0.350000 0.006285
0.390000 0.360000 0.005923
0.390000 0.370000 0.005561
0.390000 0.380000 0.005199
0.390000 0.390000 0.004836
0.390000 0.400000 0.004474
0.390000 0.410000 0.004112
0.390000 0.420000 0.003750
0.390000 0.430000 0.003388
0.390000 0.440000 0.003025
0.390000 0.450000 0.002663
0.390000 0.460000 0.002301
0.390000 0.470000 0.001939
0.390000 0.480000 0.001576
0.390000 0.490000 0.001409
0.400000 0.000000 0.018961
0.400000 0.010000 0.018599
0.400000 0.020000 0.018237
0.400000 0.030000 0.017874
0.400000 0.040000 0.017512
0.400000 0.050000 0.017150
0.400000 0.060000 0.016788
0.400000 0.070000 0.016425
0.400000 0.080000 0.016063
0.400000 0.090000 0.015701
0.400000 0.100000 0.015339
0.400000 0.110000 0.014977
0.400000 0.120000 0.014615
0.400000 0.130000 0.014252
0.400000 0.140000 0.013890
0.400000 0.150000 0.013528
0.400000 0.160000 0.013166
0.400000 0.170000 0.012804
0.400000 0.180000 0.012442
0.400000 0.190000 0.012079
0.400000 0.200000 0.011717
0.400000 0.210000 0.011355
0.400000 0.220000 0.010993
0.400000 0.230000 0.010631
0.400000 0.240000 0.010269
0.400000 0.250000 0.009907
0.400000 0.260000 0.009544
0.400000 0.270000 0.009182
0.400000 0.280000 0.008820
0.400000 0.290000 0.008458
0.400000 0.300000 0.008096
0.400000 0.310000 0.007734
0.400000 0.320000 0.007372
0.400000 0.330000 0.007009
0.400000 0.340000 0.006647
0.400000 0.350000 0.006285
0.400000 0.360000 0.005923
0.400000 0.370000 0.005561
0.400000 0.380000 0.005199
0.400000 0.390000 0.004836
0.400000 0.400000 0.004474
0.400000 0.410000 0.004112
0.400000 0.420000 0.003750
0.400000 0.430000 0.003388
0.400000 0.440000 0.003025
0.400000 0.450000 0.002663
0.400000 0.460000 0.002301
0.400000 0.470000 0.001939
0.400000 0.480000 0.001576
0.400000 0.490000 0.001409
0.410000 0.000000 0.018961
0.410000 0.010000 0.018599
0.410000 0.020000 0.018237
0.410000 0.030000 0.017874
0.410000 0.040000 0.017512
0.410000 0.050000 0.017150
0.410000 0.060000 0.016788
0.410000 0.070000 0.016425
0.410000 0.080000 0.016063
0.410000 0.090000 0.015701
0.410000 0.100000 0.015339
0.410000 0.110000 0.014977
0.410000 0.120000 0.014615
0.410000 0.130000 0.014252
0.410000 0.140000 0.013890
0.410000 0.150000 0.013528
0.410000 0.160000 0.013166
0.410000 0.170000 0.012804
0.410000 0.180000 0.012442
0.410000 0.190000 0.012079
0.410000 0.200000 0.011717
0.410000 0.210000 0.011355
0.410000 0.220000 0.010993
0.410000 0.230000 0.010631
0.410000 0.240000 0.010269
0.410000 0.250000 0.009907
0.410000 0.260000 0.009544
0.410000 0.270000 0.009182
0.410000 0.280000 0.008820
0.410000 0.290000 0.008458
0.410000 0.300000 0.008096
0.410000 0.310000 0.007734
0.410000 0.320000 0.007372
0.410000 0.330000 0.007009
0.410000 0.340000 0.006647
0.410000 0.350000 0.006285
0.410000 0.360000 0.005923
0.410000 0.370000 0.005561
0.410000 0.380000 0.005199
0.410000 0.390000 0.004836
0.410000 0.400000 0.004474
0.410000 0.410000 0.004112
0.410000 0.420000 0.003750
0.410000 0.430000 0.003388
0.410000 0.440000 0.003025
0.410000 0.450000 0.002663
0.410000 0.460000 0.002301
0.410000 0.470000 0.001939
0.410000 0.480000 0.001576
0.410000 0.490000 0.001409
0.420000 0.000000 0.018961
0.420000 0.010000 0.018599
0.420000 0.020000 0.018237
0.420000 0.030000 0.017874
0.420000 0.040000 0.017512
0.420000 0.050000 0.017150
0.420000 0.060000 0.016788
0.420000 0.070000 0.016425
0.420000 0.080000 0.016063
0.420000 0.090000 0.015701
0.420000 0.100000 0.015339
0.420000 0.110000 0.014977
0.420000 0.120000 0.014615
0.420000 0.130000 0.014252
0.420000 0.140000 0.013890
0.420000 0.150000 0.013528
0.420000 0.160000 0.013166
0.420000 0.170000 0.012804
0.420000 0.180000 0.012442
0.420000 0.190000 0.012079
0.420000 0.200000 0.011717
0.420000 0.210000 0.011355
0.420000 0.220000 0.010993
0.420000 0.230000 0.010631
0.420000 0.240000 0.010269
0.420000 0.250000 0.009907
0.420000 0.260000 0.009544
0.420000 0.270000 0.009182
0.420000 0.280000 0.008820
0.420000 0.290000 0.008458
0.420000 0.300000 0.008096
0.420000 0.310000 0.007734
0.420000 0.320000 0.007372
0.420000 0.330000 0.007009
0.420000 0.340000 0.006647
0.420000 0.350000 0.006285
0.420000 0.360000 0.005923
0.420000 0.370000 0.005561
0.420000 0.380000 0.005199
0.420000 0.390000 0.004836
0.420000 0.400000 0.004474
0.420000 0.410000 0.004112
0.420000 0.420000 0.003750
0.420000 0.430000 0.003388
0.420000 0.440000 0.003025
0.420000 0.450000 0.002663
0.420000 0.460000 0.002301
0.420000 0.470000 0.001939
0.420000 0.480000 0.001576
0.420000 0.490000 0.001409
0.430000 0.000000 0.018961
0.430000 0.010000 0.018599
0.430000 0.020000 0.018237
0.430000 0.030000 0.017874
0.430000 0.040000 0.017512
0.430000 0.050000 0.017150
0.430000 0.060000 0.016788
0.430000 0.070000 0.016425
0.430000 0.080000 0.016063
0.430000 0.090000 0.015701
0.430000 0.100000 0.015339
0.430000 0.110000 0.014977
0.430000 0.120000 0.014615
0.430000 0.130000 0.014252
0.430000 0.140000 0.013890
0.430000 0.150000 0.013528
0.430000 0.160000 0.013166
0.430000 0.170000 0.012804
0.430000 0.180000 0.012442
0.430000 0.190000 0.012079
0.430000 0.200000 0.011717
0.430000 0.210000 0.011355
0.430000 0.220000 0.010993
0.430000 0.230000 0.010631
0.430000 0.240000 0.010269
0.430000 0.250000 0.009907
0.430000 0.260000 0.009544
0.430000 0.270000 0.009182
0.430000 0.280000 0.008820
0.430000 0.290000 0.008458
0.430000 0.300000 0.008096
0.430000 0.310000 0.007734
0.430000 0.320000 0.007372
0.430000 0.330000 0.007009
0.430000 0.340000 0.006647
0.430000 0.350000 0.006285
0.430000 0.360000 0.005923
0.430000 0.370000 0.005561
0.430000 0.380000 0.005199
0.430000 0.390000 0.004836
0.430000 0.400000 0.004474
0.430000 0.410000 0.004112
0.430000 0.420000 0.003750
0.430000 0.430000 0.003388
0.430000 0.440000 0.003025
0.430000 0.450000 0.002663
0.430000 0.460000 0.002301
0.430000 0.470000 0.001939
0.430000 0.480000 0.001576
0.430000 0.490000 0.001409
0.440000 0.000000 0.018961
0.440000 0.010000 0.018599
0.440000 0.020000 0.018237
0.440000 0.030000 0.017874
0.440000 0.040000 0.017512
0.440000 0.050000 0.017150
0.440000 0.060000 0.016788
0.440000 0.070000 0.016425
0.440000 0.080000 0.016063
0.440000 0.090000 0.015701
0.440000 0.100000 0.015339
0.440000 0.110000 0.014977
0.440000 0.120000 0.014615
0.440000 0.130000 0.014252
0.440000 0.140000 0.013890
0.440000 0.150000 0.013528
0.440000 0.160000 0.013166
0.440000 0.170000 0.012804
0.440000 0.180000 0.012442
0.440000 0.190000 0.012079
0.440000 0.200000 0.011717
0.440000 0.210000 0.011355
0.440000 0.220000 0.010993
0.440000 0.230000 0.010631
0.440000 0.240000 0.010269
0.440000 0.250000 0.009907
0.440000 0.260000 0.009544
0.440000 0.270000 0.009182
0.440000 0.280000 0.008820
0.440000 0.290000 0.008458
0.440000 0.300000 0.008096
0.440000 0.310000 0.007734
0.440000 0.320000 0.007372
0.440000 0.330000 0.007009
0.440000 0.340000 0.006647
0.440000 0.350000 0.006285
0.440000 0.360000 0.005923
0.440000 0.370000 0.005561
0.440000 0.380000 0.005199
0.440000 0.390000 0.004836
0.440000 0.400000 0.004474
0.440000 0.410000 0.004112
0.440000 0.420000 0.003750
0.440000 0.430000 0.003388
0.440000 0.440000 0.003025
0.440000 0.450000 0.002663
0.440000 0.460000 0.002301
0.440000 0.470000 0.001939
0.440000 0.480000 0.001576
0.440000 0.490000 0.001409
0.450000 0.000000 0.018961
0.450000 0.010000 0.018599
0.450000 0.020000 0.018237
0.450000 0.030000 0.017874
0.450000 0.040000 0.017512
0.450000 0.050000 0.017150
0.450000 0.060000 0.016788
0.450000 0.070000 0.016425
0.450000 0.080000 0.016063
0.450000 0.090000 0.015701
0.450000 0.100000 0.015339
0.450000 0.110000 0.014977
0.450000 0.120000 0.014615
0.450000 0.130000 0.014252
0.450000 0.140000 0.013890
0.450000 0.150000 0.013528
0.450000 0.160000 0.013166
0.450000 0.170000 0.012804
0.450000 0.180000 0.012442
0.450000 0.190000 0.012079
0.450000 0.200000 0.011717
0.450000 0.210000 0.011355
0.450000 0.220000 0.010993
0.450000 0.230000 0.010631
0.450000 0.240000 0.010269
0.450000 0.250000 0.009907
0.450000 0.260000 0.009544
0.450000 0.270000 0.009182
0.450000 0.280000 0.008820
0.450000 0.290000 0.008458
0.450000 0.300000 0.008096
0.450000 0.310000 0.007734
0.450000 0.320000 0.007372
0.450000 0.330000 0.007009
0.450000 0.340000 0.006647
0.450000 0.350000 0.006285
0.450000 0.360000 0.005923
0.450000 0.370000 0.005561
0.450000 0.380000 0.005199
0.450000 0.390000 0.004836
0.450000 0.400000 0.004474
0.450000 0.410000 0.004112
0.450000 0.420000 0.003750
0.450000 0.430000 0.003388
0.450000 0.440000 0.003025
0.450000 0.450000 0.002663
0.450000 0.460000 0.002301
0.450000 0.470000 0.001939
0.450000 0.480000 0.001576
0.450000 0.490000 0.001409
0.460000 0.000000 0.018961
0.460000 0.010000 0.018599
0.460000 0.020000 0.018237
0.460000 0.030000 0.017874
0.460000 0.040000 0.017512
0.460000 0.050000 0.017150
0.460000 0.060000 0.016788
0.460000 0.070000 0.016425
0.460000 0.080000 0.016063
0.460000 0.090000 0.015701
0.460000 0.100000 0.015339
0.460000 0.110000 0.014977
0.460000 0.120000 0.014615
0.460000 0.130000 0.014252
0.460000 0.140000 0.013890
0.460000 0.150000 0.013528
0.460000 0.160000 0.013166
0.460000 0.170000 0.012804
0.460000 0.180000 0.012442
0.460000 0.190000 0.012079
0.460000 0.200000 0.011717
0.460000 0.210000 0.011355
0.460000 0.220000 0.010993
0.460000 0.230000 0.010631
0.460000 0.240000 0.010269
0.460000 0.250000 0.009907
0.460000 0.260000 0.009544
0.460000 0.270000 0.009182
0.460000 0.280000 0.008820
0.460000 0.290000 0.008458
0.460000 0.300000 0.008096
0.460000 0.310000 0.007734
0.460000 0.320000 0.007372
0.460000 0.330000 0.007009
0.460000 0.340000 0.006647
0.460000 0.350000 0.006285
0.460000 0.360000 0.005923
0.460000 0.370000 0.005561
0.460000 0.380000 0.005199
0.460000 0.390000 0.004836
0.460000 0.400000 0.004474
0.460000 0.410000 0.004112
0.460000 0.420000 0.003750
0.460000 0.430000 0.003388
0.460000 0.440000 0.003025
0.460000 0.450000 0.002663
0.460000 0.460000 0.002301
0.460000 0.470000 0.001939
0.460000 0.480000 0.001576
0.460000 0.490000 0.001409
0.470000 0.000000 0.018961
0.470000 0.010000 0.018599
0.470000 0.020000 0.018237
0.470000 0.030000 0.017874
0.470000 0.040000 0.017512
0.470000 0.050000 0.017150
0.470000 0.060000 0.016788
0.470000 0.070000 0.016425
0.470000 0.080000 0.016063
0.470000 0.090000 0.015701
0.470000 0.100000 0.015339
0.470000 0.110000 0.014977
0.470000 0.120000 0.014615
0.470000 0.130000 0.014252
0.470000 0.140000 0.013890
0.470000 0.150000 0.013528
0.470000 0.160000 0.013166
0.470000 0.170000 0.012804
0.470000 0.180000 0.012442
0.470000 0.190000 0.012079
0.470000 0.200000 0.011717
0.470000 0.210000 0.011355
0.470000 0.220000 0.010993
0.470000 0.230000 0.010631
0.470000 0.240000 0.010269
0.470000 0.250000 0.009907
0.470000 0.260000 0.009544
0.470000 0.270000 0.009182
0.470000 0.280000 0.008820
0.470000 0.290000 0.008458
0.470000 0.300000 0.008096
0.470000 0.310000 0.007734
0.470000 0.320000 0.007372
0.470000 0.330000 0.007009
0.470000 0.340000 0.006647
0.470000 0.350000 0.006285
0.470000 0.360000 0.005923
0.470000 0.370000 0.005561
0.470000 0.380000 0.005199
0.470000 0.390000 0.004836
0.470000 0.400000 0.004474
0.470000 0.410000 0.004112
0.470000 0.420000 0.003750
0.470000 0.430000 0.003388
0.470000 0.440000 0.003025
0.470000 0.450000 0.002663
0.470000 0.460000 0.002301
0.470000 0.470000 0.001939
0.470000 0.480000 0.001576
0.470000 0.490000 0.001409
0.480000 0.000000 0.018961
0.480000 0.010000 0.018599
0.480000 0.020000 0.018237
0.480000 0.030000 0.017874
0.480000 0.040000 0.017512
0.480000 0.050000 0.017150
0.480000 0.060000 0.016788
0.480000 0.070000 0.016426
0.480000 0.080000 0.016063
0.480000 0.090000 0.015701
0.480000 0.100000 0.015339
0.480000 0.110000 0.014977
0.480000 0.120000 0.014615
0.480000 0.130000 0.014252
0.480000 0.140000 0.013890
0.480000 0.150000 0.013528
0.480000 0.160000 0.013166
0.480000 0.170000 0.012804
0.480000 0.180000 0.012442
0.480000 0.190000 0.012079
0.480000 0.200000 0.011717
0.480000 0.210000 0.011355
0.480000 0.220000 0.010993
0.480000 0.230000 0.010631
0.480000 0.240000 0.010269
0.480000 0.250000 0.009907
0.480000 0.260000 0.009544
0.480000 0.270000 0.009182
0.480000 0.280000 0.008820
0.480000 0.290000 0.008458
0.480000 0.300000 0.008096
0.480000 0.310000 0.007734
0.480000 0.320000 0.007372
0.480000 0.330000 0.007009
0.480000 0.340000 0.006647
0.480000 0.350000 0.006285
0.480000 0.360000 0.005923
0.480000 0.370000 0.005561
0.480000 0.380000 0.005199
0.480000 0.390000 0.004836
0.480000 0.400000 0.004474
0.480000 0.410000 0.004112
0.480000 0.420000 0.003750
0.480000 0.430000 0.003387
0.480000 0.440000 0.003025
0.480000 0.450000 0.002663
0.480000 0.460000 0.002301
0.480000 0.470000 0.001939
0.480000 0.480000 0.001576
0.480000 0.490000 0.001409
0.490000 0.000000 0.018961
0.490000 0.010000 0.018599
0.490000 0.020000 0.018237
0.490000 0.030000 0.017874
0.490000 0.040000 0.017512
0.490000 0.050000 0.017150
0.490000 0.060000 0.016788
0.490000 0.070000 0.016426
0.490000 0.080000 0.016063
0.490000 0.090000 0.015701
0.490000 0.100000 0.015339
0.490000 0.110000 0.014977
0.490000 0.120000 0.014615
0.490000 0.130000 0.014252
0.490000 0.140000 0.013890
0.490000 0.150000 0.013528
0.490000 0.160000 0.013166
0.490000 0.170000 0.012804
0.490000 0.180000 0.012442
0.490000 0.190000 0.012079
0.490000 0.200000 0.011717
0.490000 0.210000 0.011355
0.490000 0.220000 0.010993
0.490000 0.230000 0.010631
0.490000 0.240000 0.010269
0.490000 0.250000 0.009907
0.490000 0.260000 0.009544
0.490000 0.270000 0.009182
0.490000 0.280000 0.008820
0.490000 0.290000 0.008458
0.490000 0.300000 0.008096
0.490000 0.310000 0.007734
0.490000 0.320000 0.007372
0.490000 0.330000 0.007009
0.490000 0.340000 0.006647
0.490000 0.350000 0.006285
0.490000 0.360000 0.005923
0.490000 0.370000 0.005561
0.490000 0.380000 0.005199
0.490000 0.390000 0.004836
0.490000 0.400000 0.004474
0.490000 0.410000 0.004112
0.490000 0.420000 0.003750
0.490000 0.430000 0.003387
0.490000 0.440000 0.003025
0.490000 0.450000 0.002663
0.490000 0.460000 0.002301
0.490000 0.470000 0.001939
0.490000 0.480000 0.001576
0.490000 0.490000 0.001409
