0.000000 0.000000 0.038880
0.000000 0.010000 0.030833
0.000000 0.020000 0.020846
0.000000 0.030000 0.017176
0.000000 0.040000 0.015508
0.000000 0.050000 0.012883
0.000000 0.060000 0.012998
0.000000 0.070000 0.012596
0.000000 0.080000 0.000000
0.000000 0.090000 0.000847
0.000000 0.100000 0.002009
0.000000 0.110000 0.001790
0.000000 0.120000 0.001277
0.000000 0.130000 -0.000011
0.000000 0.140000 0.000000
0.000000 0.150000 0.000000
0.000000 0.160000 0.000000
0.000000 0.170000 0.000000
0.000000 0.180000 0.000000
0.000000 0.190000 0.000000
0.000000 0.200000 0.000000
0.000000 0.210000 0.000000
0.000000 0.220000 0.000000
0.000000 0.230000 0.000000
0.000000 0.240000 0.000000
0.000000 0.250000 0.000000
0.000000 0.260000 0.000000
0.000000 0.270000 0.000000
0.000000 0.280000 0.000000
0.000000 0.290000 0.000000
0.000000 0.300000 0.000000
0.000000 0.310000 0.000000
0.000000 0.320000 0.000000
0.000000 0.330000 0.000000
0.000000 0.340000 0.000000
0.000000 0.350000 0.000000
0.000000 0.360000 0.000000
0.000000 0.370000 0.000000
0.000000 0.380000 0.000000
0.000000 0.390000 0.000000
0.000000 0.400000 0.000000
0.000000 0.410000 0.000000
0.000000 0.420000 0.000000
0.000000 0.430000 0.000000
0.000000 0.440000 0.000000
0.000000 0.450000 0.000000
0.000000 0.460000 0.000000
0.000000 0.470000 0.000000
0.000000 0.480000 0.000000
0.000000 0.490000 0.000000
0.010000 0.000000 0.000646
0.010000 0.010000 -0.004775
0.010000 0.020000 0.000416
0.010000 0.030000 0.003051
0.010000 0.040000 0.002906
0.010000 0.050000 0.003533
0.010000 0.060000 0.001769
0.010000 0.070000 -0.000777
0.010000 0.080000 -0.002238
0.010000 0.090000 -0.002535
0.010000 0.100000 -0.004160
0.010000 0.110000 0.000000
0.010000 0.120000 -0.006156
0.010000 0.130000 -0.005290
0.010000 0.140000 -0.005755
0.010000 0.150000 -0.005364
0.010000 0.160000 0.000000
0.010000 0.170000 0.000000
0.010000 0.180000 0.000000
0.010000 0.190000 0.000000
0.010000 0.200000 0.000000
0.010000 0.210000 0.000000
0.010000 0.220000 0.000000
0.010000 0.230000 0.000000
0.010000 0.240000 0.000000
0.010000 0.250000 0.000000
0.010000 0.260000 0.000000
0.010000 0.270000 0.000000
0.010000 0.280000 0.000000
0.010000 0.290000 0.000000
0.010000 0.300000 0.000000
0.010000 0.310000 0.000000
0.010000 0.320000 0.000000
0.010000 0.330000 0.000000
0.010000 0.340000 0.000000
0.010000 0.350000 0.000000
0.010000 0.360000 0.000000
0.010000 0.370000 0.000000
0.010000 0.380000 0.000000
0.010000 0.390000 0.000000
0.010000 0.400000 0.000000
0.010000 0.410000 0.000000
0.010000 0.420000 0.000000
0.010000 0.430000 0.000000
0.010000 0.440000 0.000000
0.010000 0.450000 0.000000
0.010000 0.460000 0.000000
0.010000 0.470000 0.000000
0.010000 0.480000 0.000000
0.010000 0.490000 0.000000
0.020000 0.000000 0.000000
0.020000 0.010000 -0.002682
0.020000 0.020000 -0.001509
0.020000 0.030000 0.000000
0.020000 0.040000 0.003189
0.020000 0.050000 0.003092
0.020000 0.060000 0.000000
0.020000 0.070000 -0.002620
0.020000 0.080000 -0.002611
0.020000 0.090000 -0.002826
0.020000 0.100000 0.000000
0.020000 0.110000 0.000000
0.020000 0.120000 0.000000
0.020000 0.130000 0.000000
0.020000 0.140000 -0.006354
0.020000 0.150000 -0.007144
0.020000 0.160000 0.000000
0.020000 0.170000 0.000000
0.020000 0.180000 0.000000
0.020000 0.190000 0.000000
0.020000 0.200000 0.000000
0.020000 0.210000 0.000000
0.020000 0.220000 0.000000
0.020000 0.230000 0.000000
0.020000 0.240000 0.000000
0.020000 0.250000 0.000000
0.020000 0.260000 0.000000
0.020000 0.270000 0.000000
0.020000 0.280000 0.000000
0.020000 0.290000 0.000000
0.020000 0.300000 0.000000
0.020000 0.310000 0.000000
0.020000 0.320000 0.000000
0.020000 0.330000 0.000000
0.020000 0.340000 0.000000
0.020000 0.350000 0.000000
0.020000 0.360000 0.000000
0.020000 0.370000 0.000000
0.020000 0.380000 0.000000
0.020000 0.390000 0.000000
0.020000 0.400000 0.000000
0.020000 0.410000 0.000000
0.020000 0.420000 0.000000
0.020000 0.430000 0.000000
0.020000 0.440000 0.000000
0.020000 0.450000 0.000000
0.020000 0.460000 0.000000
0.020000 0.470000 0.000000
0.020000 0.480000 0.000000
0.020000 0.490000 0.000000
0.030000 0.000000 -0.001250
0.030000 0.010000 -0.001975
0.030000 0.020000 -0.001883
0.030000 0.030000 0.000000
0.030000 0.040000 0.003189
0.030000 0.050000 0.000000
0.030000 0.060000 0.000000
0.030000 0.070000 -0.002558
0.030000 0.080000 -0.003002
0.030000 0.090000 0.000000
0.030000 0.100000 0.000000
0.030000 0.110000 0.000000
0.030000 0.120000 0.000000
0.030000 0.130000 0.000000
0.030000 0.140000 -0.007000
0.030000 0.150000 -0.007730
0.030000 0.160000 0.000000
0.030000 0.170000 0.000000
0.030000 0.180000 0.000000
0.030000 0.190000 0.000000
0.030000 0.200000 0.000000
0.030000 0.210000 0.000000
0.030000 0.220000 0.000000
0.030000 0.230000 0.000000
0.030000 0.240000 0.000000
0.030000 0.250000 0.000000
0.030000 0.260000 0.000000
0.030000 0.270000 0.000000
0.030000 0.280000 0.000000
0.030000 0.290000 0.000000
0.030000 0.300000 0.000000
0.030000 0.310000 0.000000
0.030000 0.320000 0.000000
0.030000 0.330000 0.000000
0.030000 0.340000 0.000000
0.030000 0.350000 0.000000
0.030000 0.360000 0.000000
0.030000 0.370000 0.000000
0.030000 0.380000 0.000000
0.030000 0.390000 0.000000
0.030000 0.400000 0.000000
0.030000 0.410000 0.000000
0.030000 0.420000 0.000000
0.030000 0.430000 0.000000
0.030000 0.440000 0.000000
0.030000 0.450000 0.000000
0.030000 0.460000 0.000000
0.030000 0.470000 0.000000
0.030000 0.480000 0.000000
0.030000 0.490000 0.000000
0.040000 0.000000 0.000000
0.040000 0.010000 0.000000
0.040000 0.020000 0.000000
0.040000 0.030000 0.000000
0.040000 0.040000 0.000000
0.040000 0.050000 0.000000
0.040000 0.060000 0.000000
0.040000 0.070000 0.000000
0.040000 0.080000 -0.003002
0.040000 0.090000 -0.004662
0.040000 0.100000 0.000000
0.040000 0.110000 0.000000
0.040000 0.120000 0.000000
0.040000 0.130000 0.000000
0.040000 0.140000 0.000000
0.040000 0.150000 -0.007748
0.040000 0.160000 -0.008175
0.040000 0.170000 0.000000
0.040000 0.180000 0.000000
0.040000 0.190000 0.001931
0.040000 0.200000 0.000000
0.040000 0.210000 0.000000
0.040000 0.220000 0.000000
0.040000 0.230000 0.000000
0.040000 0.240000 0.000000
0.040000 0.250000 0.000000
0.040000 0.260000 0.000000
0.040000 0.270000 0.000000
0.040000 0.280000 0.000000
0.040000 0.290000 0.000000
0.040000 0.300000 0.000000
0.040000 0.310000 0.000000
0.040000 0.320000 0.000000
0.040000 0.330000 0.000000
0.040000 0.340000 0.000000
0.040000 0.350000 0.000000
0.040000 0.360000 0.000000
0.040000 0.370000 0.000000
0.040000 0.380000 0.000000
0.040000 0.390000 0.000000
0.040000 0.400000 0.000000
0.040000 0.410000 0.000000
0.040000 0.420000 0.000000
0.040000 0.430000 0.000000
0.040000 0.440000 0.000000
0.040000 0.450000 0.000000
0.040000 0.460000 0.000000
0.040000 0.470000 0.000000
0.040000 0.480000 0.000000
0.040000 0.490000 0.000000
0.050000 0.000000 0.000000
0.050000 0.010000 0.000000
0.050000 0.020000 0.000000
0.050000 0.030000 0.000137
0.050000 0.040000 0.000000
0.050000 0.050000 0.000000
0.050000 0.060000 0.000000
0.050000 0.070000 0.000000
0.050000 0.080000 0.000000
0.050000 0.090000 0.000000
0.050000 0.100000 0.001007
0.050000 0.110000 0.000606
0.050000 0.120000 0.000226
0.050000 0.130000 0.000000
0.050000 0.140000 0.000000
0.050000 0.150000 0.000000
0.050000 0.160000 0.000000
0.050000 0.170000 0.000000
0.050000 0.180000 0.000000
0.050000 0.190000 0.000695
0.050000 0.200000 0.000000
0.050000 0.210000 0.000000
0.050000 0.220000 0.000000
0.050000 0.230000 0.000000
0.050000 0.240000 0.000000
0.050000 0.250000 0.000000
0.050000 0.260000 0.000000
0.050000 0.270000 0.000000
0.050000 0.280000 0.000000
0.050000 0.290000 0.000000
0.050000 0.300000 0.000000
0.050000 0.310000 0.000000
0.050000 0.320000 0.000000
0.050000 0.330000 0.000000
0.050000 0.340000 0.000000
0.050000 0.350000 0.000000
0.050000 0.360000 0.000000
0.050000 0.370000 0.000000
0.050000 0.380000 0.000000
0.050000 0.390000 0.000000
0.050000 0.400000 0.000000
0.050000 0.410000 0.000000
0.050000 0.420000 0.000000
0.050000 0.430000 0.000000
0.050000 0.440000 0.000000
0.050000 0.450000 0.000000
0.050000 0.460000 0.000000
0.050000 0.470000 0.000000
0.050000 0.480000 0.000000
0.050000 0.490000 0.000000
0.060000 0.000000 0.000000
0.060000 0.010000 0.000000
0.060000 0.020000 0.000000
0.060000 0.030000 0.000137
0.060000 0.040000 -0.000198
0.060000 0.050000 0.000000
0.060000 0.060000 0.000000
0.060000 0.070000 0.000000
0.060000 0.080000 0.000000
0.060000 0.090000 0.000000
0.060000 0.100000 0.000000
0.060000 0.110000 0.000000
0.060000 0.120000 0.000213
0.060000 0.130000 0.000000
0.060000 0.140000 0.000000
0.060000 0.150000 0.000000
0.060000 0.160000 0.000000
0.060000 0.170000 0.000000
0.060000 0.180000 0.000000
0.060000 0.190000 -0.000695
0.060000 0.200000 0.000000
0.060000 0.210000 0.000000
0.060000 0.220000 0.000000
0.060000 0.230000 0.000000
0.060000 0.240000 0.000000
0.060000 0.250000 0.000000
0.060000 0.260000 0.000000
0.060000 0.270000 0.000000
0.060000 0.280000 0.000000
0.060000 0.290000 0.000000
0.060000 0.300000 0.000000
0.060000 0.310000 0.000000
0.060000 0.320000 0.000000
0.060000 0.330000 0.000000
0.060000 0.340000 0.000000
0.060000 0.350000 0.000000
0.060000 0.360000 0.000000
0.060000 0.370000 0.000000
0.060000 0.380000 0.000000
0.060000 0.390000 0.000000
0.060000 0.400000 0.000000
0.060000 0.410000 0.000000
0.060000 0.420000 0.000000
0.060000 0.430000 0.000000
0.060000 0.440000 0.000000
0.060000 0.450000 0.000000
0.060000 0.460000 0.000000
0.060000 0.470000 0.000000
0.060000 0.480000 0.000000
0.060000 0.490000 0.000000
0.070000 0.000000 0.000000
0.070000 0.010000 0.043536
0.070000 0.020000 0.000000
0.070000 0.030000 0.000061
0.070000 0.040000 0.000000
0.070000 0.050000 0.000000
0.070000 0.060000 0.000000
0.070000 0.070000 0.000257
0.070000 0.080000 0.000000
0.070000 0.090000 0.000000
0.070000 0.100000 0.000000
0.070000 0.110000 0.000000
0.070000 0.120000 0.000000
0.070000 0.130000 0.000959
0.070000 0.140000 0.000432
0.070000 0.150000 0.000000
0.070000 0.160000 0.000000
0.070000 0.170000 0.000000
0.070000 0.180000 0.000000
0.070000 0.190000 0.000000
0.070000 0.200000 0.000000
0.070000 0.210000 0.000000
0.070000 0.220000 0.000000
0.070000 0.230000 0.000000
0.070000 0.240000 0.000000
0.070000 0.250000 0.000000
0.070000 0.260000 0.000000
0.070000 0.270000 0.000000
0.070000 0.280000 0.000000
0.070000 0.290000 0.000000
0.070000 0.300000 0.000000
0.070000 0.310000 0.000000
0.070000 0.320000 0.000000
0.070000 0.330000 0.000000
0.070000 0.340000 0.000000
0.070000 0.350000 0.000000
0.070000 0.360000 0.000000
0.070000 0.370000 0.000000
0.070000 0.380000 0.000000
0.070000 0.390000 0.000000
0.070000 0.400000 0.000000
0.070000 0.410000 0.000000
0.070000 0.420000 0.000000
0.070000 0.430000 0.000000
0.070000 0.440000 0.000000
0.070000 0.450000 0.000000
0.070000 0.460000 0.000000
0.070000 0.470000 0.000000
0.070000 0.480000 0.000000
0.070000 0.490000 0.000000
0.080000 0.000000 0.043207
0.080000 0.010000 0.043141
0.080000 0.020000 0.000000
0.080000 0.030000 0.000000
0.080000 0.040000 0.000000
0.080000 0.050000 0.000000
0.080000 0.060000 0.000000
0.080000 0.070000 0.000000
0.080000 0.080000 0.000000
0.080000 0.090000 0.000000
0.080000 0.100000 0.000000
0.080000 0.110000 -0.000000
0.080000 0.120000 0.000000
0.080000 0.130000 -0.000245
0.080000 0.140000 -0.000094
0.080000 0.150000 0.000000
0.080000 0.160000 0.000000
0.080000 0.170000 0.000000
0.080000 0.180000 0.000000
0.080000 0.190000 0.000000
0.080000 0.200000 -0.000000
0.080000 0.210000 0.000000
0.080000 0.220000 0.000000
0.080000 0.230000 0.000000
0.080000 0.240000 0.001000
0.080000 0.250000 0.000000
0.080000 0.260000 0.000000
0.080000 0.270000 0.000000
0.080000 0.280000 0.000000
0.080000 0.290000 0.000000
0.080000 0.300000 0.000000
0.080000 0.310000 0.000000
0.080000 0.320000 0.000000
0.080000 0.330000 0.000000
0.080000 0.340000 0.000000
0.080000 0.350000 0.000000
0.080000 0.360000 0.000000
0.080000 0.370000 0.000000
0.080000 0.380000 0.000000
0.080000 0.390000 0.000000
0.080000 0.400000 0.000000
0.080000 0.410000 0.000000
0.080000 0.420000 0.000000
0.080000 0.430000 0.000000
0.080000 0.440000 0.000000
0.080000 0.450000 0.000000
0.080000 0.460000 0.000000
0.080000 0.470000 0.000000
0.080000 0.480000 0.000000
0.080000 0.490000 0.000000
0.090000 0.000000 0.000000
0.090000 0.010000 0.000000
0.090000 0.020000 0.046176
0.090000 0.030000 0.000000
0.090000 0.040000 0.000000
0.090000 0.050000 0.000000
0.090000 0.060000 0.000000
0.090000 0.070000 0.000000
0.090000 0.080000 0.000000
0.090000 0.090000 0.000000
0.090000 0.100000 0.000000
0.090000 0.110000 0.000000
0.090000 0.120000 0.000000
0.090000 0.130000 0.000000
0.090000 0.140000 0.000000
0.090000 0.150000 0.000000
0.090000 0.160000 0.000000
0.090000 0.170000 0.000000
0.090000 0.180000 0.000000
0.090000 0.190000 0.000000
0.090000 0.200000 0.000000
0.090000 0.210000 0.000000
0.090000 0.220000 0.000298
0.090000 0.230000 0.000058
0.090000 0.240000 -0.000021
0.090000 0.250000 0.000000
0.090000 0.260000 0.000000
0.090000 0.270000 0.000000
0.090000 0.280000 0.000000
0.090000 0.290000 0.000000
0.090000 0.300000 0.000000
0.090000 0.310000 0.000000
0.090000 0.320000 0.000000
0.090000 0.330000 0.000000
0.090000 0.340000 0.000000
0.090000 0.350000 0.000000
0.090000 0.360000 0.000000
0.090000 0.370000 0.000000
0.090000 0.380000 0.000000
0.090000 0.390000 0.000000
0.090000 0.400000 0.000000
0.090000 0.410000 0.000000
0.090000 0.420000 0.000000
0.090000 0.430000 0.000000
0.090000 0.440000 0.000000
0.090000 0.450000 0.000000
0.090000 0.460000 0.000000
0.090000 0.470000 0.000000
0.090000 0.480000 0.000000
0.090000 0.490000 0.000000
0.100000 0.000000 0.046932
0.100000 0.010000 0.046223
0.100000 0.020000 0.046155
0.100000 0.030000 0.045957
0.100000 0.040000 0.000000
0.100000 0.050000 0.000000
0.100000 0.060000 0.000000
0.100000 0.070000 0.000000
0.100000 0.080000 0.000000
0.100000 0.090000 0.000000
0.100000 0.100000 0.000000
0.100000 0.110000 0.000000
0.100000 0.120000 0.000000
0.100000 0.130000 0.000000
0.100000 0.140000 0.000000
0.100000 0.150000 0.000000
0.100000 0.160000 0.000000
0.100000 0.170000 0.000000
0.100000 0.180000 0.000000
0.100000 0.190000 0.000000
0.100000 0.200000 0.000000
0.100000 0.210000 0.000000
0.100000 0.220000 0.000000
0.100000 0.230000 -0.000016
0.100000 0.240000 0.000000
0.100000 0.250000 0.000323
0.100000 0.260000 0.000000
0.100000 0.270000 0.000000
0.100000 0.280000 0.000000
0.100000 0.290000 0.000000
0.100000 0.300000 0.000000
0.100000 0.310000 0.000000
0.100000 0.320000 0.000000
0.100000 0.330000 0.000000
0.100000 0.340000 0.000000
0.100000 0.350000 0.000000
0.100000 0.360000 0.000000
0.100000 0.370000 0.000000
0.100000 0.380000 0.000000
0.100000 0.390000 0.000000
0.100000 0.400000 0.000000
0.100000 0.410000 0.000000
0.100000 0.420000 0.000000
0.100000 0.430000 0.000000
0.100000 0.440000 0.000000
0.100000 0.450000 0.000000
0.100000 0.460000 0.000000
0.100000 0.470000 0.000000
0.100000 0.480000 0.000000
0.100000 0.490000 0.000000
0.110000 0.000000 0.048462
0.110000 0.010000 0.045328
0.110000 0.020000 0.000000
0.110000 0.030000 0.046002
0.110000 0.040000 0.000000
0.110000 0.050000 0.000000
0.110000 0.060000 0.000000
0.110000 0.070000 0.021914
0.110000 0.080000 0.021803
0.110000 0.090000 0.000000
0.110000 0.100000 0.000000
0.110000 0.110000 0.000000
0.110000 0.120000 0.000000
0.110000 0.130000 0.000000
0.110000 0.140000 0.000000
0.110000 0.150000 0.000000
0.110000 0.160000 0.000000
0.110000 0.170000 0.000000
0.110000 0.180000 0.000000
0.110000 0.190000 0.000000
0.110000 0.200000 0.000000
0.110000 0.210000 0.000000
0.110000 0.220000 0.000000
0.110000 0.230000 0.000000
0.110000 0.240000 0.000764
0.110000 0.250000 0.000375
0.110000 0.260000 0.000095
0.110000 0.270000 0.000000
0.110000 0.280000 0.000000
0.110000 0.290000 0.000000
0.110000 0.300000 0.000000
0.110000 0.310000 0.000000
0.110000 0.320000 0.000000
0.110000 0.330000 0.000000
0.110000 0.340000 0.000000
0.110000 0.350000 0.000000
0.110000 0.360000 0.000000
0.110000 0.370000 0.000000
0.110000 0.380000 0.000000
0.110000 0.390000 0.000000
0.110000 0.400000 0.000000
0.110000 0.410000 0.000000
0.110000 0.420000 0.000000
0.110000 0.430000 0.000000
0.110000 0.440000 0.000000
0.110000 0.450000 0.000000
0.110000 0.460000 0.000000
0.110000 0.470000 0.000000
0.110000 0.480000 0.000000
0.110000 0.490000 0.000000
0.120000 0.000000 0.038150
0.120000 0.010000 0.036280
0.120000 0.020000 0.036209
0.120000 0.030000 0.000000
0.120000 0.040000 0.000000
0.120000 0.050000 0.028459
0.120000 0.060000 0.000000
0.120000 0.070000 0.000000
0.120000 0.080000 0.021704
0.120000 0.090000 0.021619
0.120000 0.100000 0.021368
0.120000 0.110000 0.021291
0.120000 0.120000 0.000000
0.120000 0.130000 0.000000
0.120000 0.140000 0.000000
0.120000 0.150000 0.000000
0.120000 0.160000 0.000000
0.120000 0.170000 0.000000
0.120000 0.180000 0.000000
0.120000 0.190000 0.000000
0.120000 0.200000 0.000000
0.120000 0.210000 0.000000
0.120000 0.220000 0.000000
0.120000 0.230000 0.000000
0.120000 0.240000 -0.000116
0.120000 0.250000 0.000000
0.120000 0.260000 0.000000
0.120000 0.270000 0.000000
0.120000 0.280000 0.002261
0.120000 0.290000 0.000000
0.120000 0.300000 0.000000
0.120000 0.310000 0.000000
0.120000 0.320000 0.000000
0.120000 0.330000 0.000000
0.120000 0.340000 0.000000
0.120000 0.350000 0.000000
0.120000 0.360000 0.000000
0.120000 0.370000 0.000000
0.120000 0.380000 0.000000
0.120000 0.390000 0.000000
0.120000 0.400000 0.000000
0.120000 0.410000 0.000000
0.120000 0.420000 0.000000
0.120000 0.430000 0.000000
0.120000 0.440000 0.000000
0.120000 0.450000 0.000000
0.120000 0.460000 0.000000
0.120000 0.470000 0.000000
0.120000 0.480000 0.000000
0.120000 0.490000 0.000000
0.130000 0.000000 0.036367
0.130000 0.010000 0.033045
0.130000 0.020000 0.033786
0.130000 0.030000 0.000000
0.130000 0.040000 0.029527
0.130000 0.050000 0.028529
0.130000 0.060000 0.027642
0.130000 0.070000 0.025828
0.130000 0.080000 0.000000
0.130000 0.090000 0.000000
0.130000 0.100000 0.021311
0.130000 0.110000 0.021228
0.130000 0.120000 0.000000
0.130000 0.130000 0.000000
0.130000 0.140000 0.000000
0.130000 0.150000 0.000000
0.130000 0.160000 0.000000
0.130000 0.170000 0.000000
0.130000 0.180000 0.000000
0.130000 0.190000 0.000000
0.130000 0.200000 0.000000
0.130000 0.210000 0.000000
0.130000 0.220000 0.000000
0.130000 0.230000 0.000000
0.130000 0.240000 0.000000
0.130000 0.250000 0.000000
0.130000 0.260000 0.000000
0.130000 0.270000 0.001593
0.130000 0.280000 0.001533
0.130000 0.290000 0.001080
0.130000 0.300000 0.000000
0.130000 0.310000 0.000000
0.130000 0.320000 0.000000
0.130000 0.330000 0.000000
0.130000 0.340000 0.000000
0.130000 0.350000 0.000000
0.130000 0.360000 0.000000
0.130000 0.370000 0.000000
0.130000 0.380000 0.000000
0.130000 0.390000 0.000000
0.130000 0.400000 0.000000
0.130000 0.410000 0.000000
0.130000 0.420000 0.000000
0.130000 0.430000 0.000000
0.130000 0.440000 0.000000
0.130000 0.450000 0.000000
0.130000 0.460000 0.000000
0.130000 0.470000 0.000000
0.130000 0.480000 0.000000
0.130000 0.490000 0.000000
0.140000 0.000000 0.034664
0.140000 0.010000 0.029470
0.140000 0.020000 0.028182
0.140000 0.030000 0.025476
0.140000 0.040000 0.025888
0.140000 0.050000 0.026613
0.140000 0.060000 0.026805
0.140000 0.070000 0.025678
0.140000 0.080000 0.025159
0.140000 0.090000 0.000000
0.140000 0.100000 0.021356
0.140000 0.110000 0.000000
0.140000 0.120000 0.000000
0.140000 0.130000 0.000000
0.140000 0.140000 0.000000
0.140000 0.150000 0.000000
0.140000 0.160000 0.014108
0.140000 0.170000 0.000000
0.140000 0.180000 0.000000
0.140000 0.190000 0.000000
0.140000 0.200000 0.000000
0.140000 0.210000 0.000000
0.140000 0.220000 0.000000
0.140000 0.230000 0.000000
0.140000 0.240000 0.000000
0.140000 0.250000 0.000000
0.140000 0.260000 0.000000
0.140000 0.270000 0.000000
0.140000 0.280000 0.000710
0.140000 0.290000 0.000000
0.140000 0.300000 0.000000
0.140000 0.310000 -0.000302
0.140000 0.320000 0.000000
0.140000 0.330000 0.000000
0.140000 0.340000 0.000000
0.140000 0.350000 0.000000
0.140000 0.360000 0.000000
0.140000 0.370000 0.000000
0.140000 0.380000 0.000000
0.140000 0.390000 0.000000
0.140000 0.400000 0.000000
0.140000 0.410000 0.000000
0.140000 0.420000 0.000000
0.140000 0.430000 0.000000
0.140000 0.440000 0.000000
0.140000 0.450000 0.000000
0.140000 0.460000 0.000000
0.140000 0.470000 0.000000
0.140000 0.480000 0.000000
0.140000 0.490000 0.000000
0.150000 0.000000 0.037584
0.150000 0.010000 0.026842
0.150000 0.020000 0.000000
0.150000 0.030000 0.023019
0.150000 0.040000 0.022180
0.150000 0.050000 0.021172
0.150000 0.060000 0.021205
0.150000 0.070000 0.022581
0.150000 0.080000 0.022949
0.150000 0.090000 0.022472
0.150000 0.100000 0.021304
0.150000 0.110000 0.020601
0.150000 0.120000 0.000000
0.150000 0.130000 0.016637
0.150000 0.140000 0.016177
0.150000 0.150000 0.000000
0.150000 0.160000 0.014030
0.150000 0.170000 0.013561
0.150000 0.180000 0.013493
0.150000 0.190000 0.000000
0.150000 0.200000 0.000000
0.150000 0.210000 0.000000
0.150000 0.220000 0.000000
0.150000 0.230000 0.000000
0.150000 0.240000 0.000000
0.150000 0.250000 0.000000
0.150000 0.260000 0.000000
0.150000 0.270000 0.000000
0.150000 0.280000 0.000219
0.150000 0.290000 -0.000149
0.150000 0.300000 -0.000394
0.150000 0.310000 -0.000790
0.150000 0.320000 -0.000976
0.150000 0.330000 0.000000
0.150000 0.340000 0.000000
0.150000 0.350000 0.000000
0.150000 0.360000 0.000000
0.150000 0.370000 0.000000
0.150000 0.380000 0.000000
0.150000 0.390000 0.000000
0.150000 0.400000 0.000000
0.150000 0.410000 0.000000
0.150000 0.420000 0.000000
0.150000 0.430000 0.000000
0.150000 0.440000 0.000000
0.150000 0.450000 0.000000
0.150000 0.460000 0.000000
0.150000 0.470000 0.000000
0.150000 0.480000 0.000000
0.150000 0.490000 0.000000
0.160000 0.000000 0.031361
0.160000 0.010000 0.024062
0.160000 0.020000 0.000000
0.160000 0.030000 0.000000
0.160000 0.040000 0.000000
0.160000 0.050000 0.000000
0.160000 0.060000 0.018640
0.160000 0.070000 0.017738
0.160000 0.080000 0.017365
0.160000 0.090000 0.017269
0.160000 0.100000 0.018554
0.160000 0.110000 0.018707
0.160000 0.120000 0.017988
0.160000 0.130000 0.016819
0.160000 0.140000 0.015929
0.160000 0.150000 0.015029
0.160000 0.160000 0.014077
0.160000 0.170000 0.013543
0.160000 0.180000 0.013226
0.160000 0.190000 0.012601
0.160000 0.200000 0.011543
0.160000 0.210000 0.010697
0.160000 0.220000 0.000000
0.160000 0.230000 0.000000
0.160000 0.240000 0.000000
0.160000 0.250000 0.000000
0.160000 0.260000 0.000000
0.160000 0.270000 0.000000
0.160000 0.280000 0.000000
0.160000 0.290000 0.000000
0.160000 0.300000 -0.001372
0.160000 0.310000 0.000000
0.160000 0.320000 0.000000
0.160000 0.330000 0.000000
0.160000 0.340000 0.000000
0.160000 0.350000 0.000000
0.160000 0.360000 0.000000
0.160000 0.370000 0.000000
0.160000 0.380000 0.000000
0.160000 0.390000 0.000000
0.160000 0.400000 0.000000
0.160000 0.410000 0.000167
0.160000 0.420000 0.000000
0.160000 0.430000 0.000000
0.160000 0.440000 0.000000
0.160000 0.450000 0.000000
0.160000 0.460000 0.000000
0.160000 0.470000 0.000000
0.160000 0.480000 0.000000
0.160000 0.490000 0.000000
0.170000 0.000000 0.025870
0.170000 0.010000 0.024035
0.170000 0.020000 0.000000
0.170000 0.030000 0.000000
0.170000 0.040000 0.000431
0.170000 0.050000 0.000000
0.170000 0.060000 0.000000
0.170000 0.070000 0.000000
0.170000 0.080000 0.000000
0.170000 0.090000 0.014829
0.170000 0.100000 0.013939
0.170000 0.110000 0.013563
0.170000 0.120000 0.013461
0.170000 0.130000 0.014903
0.170000 0.140000 0.015589
0.170000 0.150000 0.015099
0.170000 0.160000 0.014060
0.170000 0.170000 0.013521
0.170000 0.180000 0.013065
0.170000 0.190000 0.000000
0.170000 0.200000 0.000000
0.170000 0.210000 0.010315
0.170000 0.220000 0.009206
0.170000 0.230000 0.000000
0.170000 0.240000 0.006087
0.170000 0.250000 0.000000
0.170000 0.260000 0.000000
0.170000 0.270000 0.000000
0.170000 0.280000 0.000000
0.170000 0.290000 0.000000
0.170000 0.300000 0.000000
0.170000 0.310000 0.000000
0.170000 0.320000 0.000000
0.170000 0.330000 0.005152
0.170000 0.340000 0.004618
0.170000 0.350000 0.000000
0.170000 0.360000 0.000000
0.170000 0.370000 0.000000
0.170000 0.380000 0.000000
0.170000 0.390000 0.000000
0.170000 0.400000 0.000000
0.170000 0.410000 0.000000
0.170000 0.420000 0.000000
0.170000 0.430000 0.000000
0.170000 0.440000 0.000000
0.170000 0.450000 0.000000
0.170000 0.460000 0.000000
0.170000 0.470000 0.000000
0.170000 0.480000 0.000000
0.170000 0.490000 0.000000
0.180000 0.000000 0.000000
0.180000 0.010000 0.000000
0.180000 0.020000 0.000000
0.180000 0.030000 0.002286
0.180000 0.040000 0.000431
0.180000 0.050000 -0.000863
0.180000 0.060000 0.000000
0.180000 0.070000 0.000000
0.180000 0.080000 0.000000
0.180000 0.090000 0.000000
0.180000 0.100000 0.013980
0.180000 0.110000 0.000000
0.180000 0.120000 0.011296
0.180000 0.130000 0.010506
0.180000 0.140000 0.010098
0.180000 0.150000 0.010653
0.180000 0.160000 0.011969
0.180000 0.170000 0.000000
0.180000 0.180000 0.012792
0.180000 0.190000 0.011369
0.180000 0.200000 0.011199
0.180000 0.210000 0.000000
0.180000 0.220000 0.008709
0.180000 0.230000 0.000000
0.180000 0.240000 0.006052
0.180000 0.250000 0.000000
0.180000 0.260000 0.004475
0.180000 0.270000 0.004162
0.180000 0.280000 0.000000
0.180000 0.290000 0.000000
0.180000 0.300000 0.000000
0.180000 0.310000 0.000000
0.180000 0.320000 0.000000
0.180000 0.330000 0.000000
0.180000 0.340000 0.001992
0.180000 0.350000 0.001670
0.180000 0.360000 0.000000
0.180000 0.370000 0.000000
0.180000 0.380000 0.000000
0.180000 0.390000 0.000000
0.180000 0.400000 0.000000
0.180000 0.410000 0.000000
0.180000 0.420000 0.000000
0.180000 0.430000 0.000000
0.180000 0.440000 0.000000
0.180000 0.450000 0.000000
0.180000 0.460000 0.000000
0.180000 0.470000 0.000000
0.180000 0.480000 0.000000
0.180000 0.490000 0.000000
0.190000 0.000000 0.000000
0.190000 0.010000 0.000000
0.190000 0.020000 0.000000
0.190000 0.030000 0.000000
0.190000 0.040000 0.000000
0.190000 0.050000 0.000000
0.190000 0.060000 0.000000
0.190000 0.070000 0.000000
0.190000 0.080000 0.000000
0.190000 0.090000 0.000000
0.190000 0.100000 0.014006
0.190000 0.110000 0.000000
0.190000 0.120000 0.011317
0.190000 0.130000 0.000000
0.190000 0.140000 0.000000
0.190000 0.150000 0.008851
0.190000 0.160000 0.008336
0.190000 0.170000 0.008317
0.190000 0.180000 0.008731
0.190000 0.190000 0.009743
0.190000 0.200000 0.000000
0.190000 0.210000 0.009220
0.190000 0.220000 0.008421
0.190000 0.230000 0.007305
0.190000 0.240000 0.006094
0.190000 0.250000 0.005368
0.190000 0.260000 0.004542
0.190000 0.270000 0.004097
0.190000 0.280000 0.003538
0.190000 0.290000 0.003064
0.190000 0.300000 0.000000
0.190000 0.310000 0.000000
0.190000 0.320000 0.000000
0.190000 0.330000 0.000000
0.190000 0.340000 0.001342
0.190000 0.350000 0.001120
0.190000 0.360000 0.000000
0.190000 0.370000 0.000000
0.190000 0.380000 0.000000
0.190000 0.390000 0.000000
0.190000 0.400000 0.000000
0.190000 0.410000 0.000000
0.190000 0.420000 0.000000
0.190000 0.430000 0.000000
0.190000 0.440000 0.000000
0.190000 0.450000 0.000000
0.190000 0.460000 0.000000
0.190000 0.470000 0.000000
0.190000 0.480000 0.000000
0.190000 0.490000 0.000000
0.200000 0.000000 0.000000
0.200000 0.010000 0.000000
0.200000 0.020000 0.000000
0.200000 0.030000 0.000000
0.200000 0.040000 0.000000
0.200000 0.050000 0.000000
0.200000 0.060000 0.000000
0.200000 0.070000 0.000000
0.200000 0.080000 0.000000
0.200000 0.090000 0.000000
0.200000 0.100000 0.000000
0.200000 0.110000 0.000000
0.200000 0.120000 0.000000
0.200000 0.130000 0.000000
0.200000 0.140000 0.000000
0.200000 0.150000 0.008828
0.200000 0.160000 0.000000
0.200000 0.170000 0.000000
0.200000 0.180000 0.006945
0.200000 0.190000 0.006326
0.200000 0.200000 0.006479
0.200000 0.210000 0.006977
0.200000 0.220000 0.007530
0.200000 0.230000 0.007243
0.200000 0.240000 0.000000
0.200000 0.250000 0.005180
0.200000 0.260000 0.004561
0.200000 0.270000 0.003947
0.200000 0.280000 0.003245
0.200000 0.290000 0.002650
0.200000 0.300000 0.002037
0.200000 0.310000 0.001507
0.200000 0.320000 0.000000
0.200000 0.330000 0.000000
0.200000 0.340000 0.000000
0.200000 0.350000 0.000565
0.200000 0.360000 0.000343
0.200000 0.370000 0.000359
0.200000 0.380000 0.000000
0.200000 0.390000 0.000000
0.200000 0.400000 0.000000
0.200000 0.410000 0.000000
0.200000 0.420000 0.000000
0.200000 0.430000 0.000000
0.200000 0.440000 0.000000
0.200000 0.450000 0.000000
0.200000 0.460000 0.000000
0.200000 0.470000 0.000000
0.200000 0.480000 0.000000
0.200000 0.490000 0.000000
0.210000 0.000000 0.000000
0.210000 0.010000 0.000000
0.210000 0.020000 0.000000
0.210000 0.030000 0.000000
0.210000 0.040000 0.000000
0.210000 0.050000 0.000000
0.210000 0.060000 0.000000
0.210000 0.070000 0.000000
0.210000 0.080000 0.000000
0.210000 0.090000 0.000000
0.210000 0.100000 0.000000
0.210000 0.110000 0.000000
0.210000 0.120000 0.000000
0.210000 0.130000 0.000000
0.210000 0.140000 0.000000
0.210000 0.150000 0.000000
0.210000 0.160000 0.000000
0.210000 0.170000 0.000000
0.210000 0.180000 0.000000
0.210000 0.190000 0.000000
0.210000 0.200000 0.005208
0.210000 0.210000 0.004799
0.210000 0.220000 0.004600
0.210000 0.230000 0.003745
0.210000 0.240000 0.004314
0.210000 0.250000 0.000000
0.210000 0.260000 0.004435
0.210000 0.270000 0.000000
0.210000 0.280000 0.003266
0.210000 0.290000 0.002296
0.210000 0.300000 0.001769
0.210000 0.310000 0.001486
0.210000 0.320000 0.001079
0.210000 0.330000 0.000997
0.210000 0.340000 0.000857
0.210000 0.350000 0.000443
0.210000 0.360000 0.000278
0.210000 0.370000 0.000104
0.210000 0.380000 -0.000064
0.210000 0.390000 0.000000
0.210000 0.400000 0.000000
0.210000 0.410000 0.000000
0.210000 0.420000 0.000000
0.210000 0.430000 0.000000
0.210000 0.440000 0.000000
0.210000 0.450000 -0.000001
0.210000 0.460000 0.000000
0.210000 0.470000 0.000000
0.210000 0.480000 0.000000
0.210000 0.490000 0.000000
0.220000 0.000000 0.000000
0.220000 0.010000 0.000000
0.220000 0.020000 0.000000
0.220000 0.030000 0.000000
0.220000 0.040000 0.000000
0.220000 0.050000 0.000000
0.220000 0.060000 0.000000
0.220000 0.070000 0.000000
0.220000 0.080000 0.000000
0.220000 0.090000 0.000000
0.220000 0.100000 0.000000
0.220000 0.110000 0.000000
0.220000 0.120000 0.000000
0.220000 0.130000 0.000000
0.220000 0.140000 0.000000
0.220000 0.150000 0.000000
0.220000 0.160000 0.000000
0.220000 0.170000 0.000000
0.220000 0.180000 0.000000
0.220000 0.190000 0.000000
0.220000 0.200000 0.000000
0.220000 0.210000 0.000000
0.220000 0.220000 0.000000
0.220000 0.230000 0.002470
0.220000 0.240000 0.001959
0.220000 0.250000 0.001988
0.220000 0.260000 0.002226
0.220000 0.270000 0.002587
0.220000 0.280000 0.000000
0.220000 0.290000 0.002005
0.220000 0.300000 0.001734
0.220000 0.310000 0.001673
0.220000 0.320000 0.001146
0.220000 0.330000 0.000000
0.220000 0.340000 0.000929
0.220000 0.350000 0.000349
0.220000 0.360000 0.000000
0.220000 0.370000 0.000000
0.220000 0.380000 0.000000
0.220000 0.390000 -0.000777
0.220000 0.400000 -0.001469
0.220000 0.410000 -0.002249
0.220000 0.420000 0.000000
0.220000 0.430000 0.000000
0.220000 0.440000 0.000000
0.220000 0.450000 0.000000
0.220000 0.460000 0.000000
0.220000 0.470000 0.000000
0.220000 0.480000 0.000000
0.220000 0.490000 0.000000
0.230000 0.000000 0.000000
0.230000 0.010000 0.000000
0.230000 0.020000 0.000000
0.230000 0.030000 0.000000
0.230000 0.040000 0.000000
0.230000 0.050000 0.000000
0.230000 0.060000 0.000000
0.230000 0.070000 0.000000
0.230000 0.080000 0.000000
0.230000 0.090000 0.000000
0.230000 0.100000 0.000000
0.230000 0.110000 0.000000
0.230000 0.120000 0.000000
0.230000 0.130000 0.000000
0.230000 0.140000 0.000000
0.230000 0.150000 0.000000
0.230000 0.160000 0.000000
0.230000 0.170000 0.000000
0.230000 0.180000 0.000000
0.230000 0.190000 0.000000
0.230000 0.200000 0.000000
0.230000 0.210000 0.000000
0.230000 0.220000 0.000000
0.230000 0.230000 0.000000
0.230000 0.240000 0.000000
0.230000 0.250000 0.000000
0.230000 0.260000 0.000401
0.230000 0.270000 0.000111
0.230000 0.280000 0.000422
0.230000 0.290000 0.000946
0.230000 0.300000 0.000000
0.230000 0.310000 0.000000
0.230000 0.320000 0.001261
0.230000 0.330000 0.000794
0.230000 0.340000 0.000000
0.230000 0.350000 0.000213
0.230000 0.360000 0.000050
0.230000 0.370000 -0.000115
0.230000 0.380000 -0.000552
0.230000 0.390000 -0.000690
0.230000 0.400000 -0.001108
0.230000 0.410000 0.000000
0.230000 0.420000 -0.002163
0.230000 0.430000 0.000000
0.230000 0.440000 0.000000
0.230000 0.450000 0.000000
0.230000 0.460000 0.000000
0.230000 0.470000 0.000000
0.230000 0.480000 0.000000
0.230000 0.490000 0.000000
0.240000 0.000000 0.000000
0.240000 0.010000 0.000000
0.240000 0.020000 0.000000
0.240000 0.030000 0.000000
0.240000 0.040000 0.000000
0.240000 0.050000 0.000000
0.240000 0.060000 0.000000
0.240000 0.070000 0.000000
0.240000 0.080000 0.000000
0.240000 0.090000 0.000000
0.240000 0.100000 0.000000
0.240000 0.110000 0.000000
0.240000 0.120000 0.000000
0.240000 0.130000 0.000000
0.240000 0.140000 0.000000
0.240000 0.150000 0.000000
0.240000 0.160000 0.000000
0.240000 0.170000 0.000000
0.240000 0.180000 0.000000
0.240000 0.190000 0.000000
0.240000 0.200000 0.000000
0.240000 0.210000 0.000000
0.240000 0.220000 0.000000
0.240000 0.230000 0.000000
0.240000 0.240000 0.000000
0.240000 0.250000 0.000000
0.240000 0.260000 0.000000
0.240000 0.270000 0.000034
0.240000 0.280000 -0.000482
0.240000 0.290000 -0.001348
0.240000 0.300000 -0.001607
0.240000 0.310000 0.000000
0.240000 0.320000 0.000550
0.240000 0.330000 0.000000
0.240000 0.340000 0.000823
0.240000 0.350000 0.000156
0.240000 0.360000 0.000000
0.240000 0.370000 -0.000510
0.240000 0.380000 -0.000591
0.240000 0.390000 -0.000821
0.240000 0.400000 -0.001039
0.240000 0.410000 -0.001969
0.240000 0.420000 -0.002132
0.240000 0.430000 0.000000
0.240000 0.440000 0.000000
0.240000 0.450000 0.000000
0.240000 0.460000 0.000000
0.240000 0.470000 -0.008624
0.240000 0.480000 0.000000
0.240000 0.490000 0.000001
0.250000 0.000000 0.000000
0.250000 0.010000 0.000000
0.250000 0.020000 0.000000
0.250000 0.030000 0.000000
0.250000 0.040000 0.000000
0.250000 0.050000 0.000000
0.250000 0.060000 0.000000
0.250000 0.070000 0.000000
0.250000 0.080000 0.000000
0.250000 0.090000 0.000000
0.250000 0.100000 0.000000
0.250000 0.110000 0.000000
0.250000 0.120000 0.000000
0.250000 0.130000 0.000000
0.250000 0.140000 0.000000
0.250000 0.150000 0.000000
0.250000 0.160000 0.000000
0.250000 0.170000 0.000000
0.250000 0.180000 0.000000
0.250000 0.190000 0.000000
0.250000 0.200000 0.000000
0.250000 0.210000 0.000000
0.250000 0.220000 0.000000
0.250000 0.230000 0.000000
0.250000 0.240000 0.000000
0.250000 0.250000 0.000361
0.250000 0.260000 0.000000
0.250000 0.270000 0.000123
0.250000 0.280000 0.000000
0.250000 0.290000 0.000000
0.250000 0.300000 -0.002219
0.250000 0.310000 -0.002342
0.250000 0.320000 0.000000
0.250000 0.330000 0.000000
0.250000 0.340000 0.000803
0.250000 0.350000 0.000000
0.250000 0.360000 0.000000
0.250000 0.370000 -0.000432
0.250000 0.380000 -0.000594
0.250000 0.390000 -0.000967
0.250000 0.400000 0.000000
0.250000 0.410000 -0.001690
0.250000 0.420000 -0.001911
0.250000 0.430000 0.000000
0.250000 0.440000 0.000000
0.250000 0.450000 0.000000
0.250000 0.460000 0.000000
0.250000 0.470000 -0.008624
0.250000 0.480000 0.000000
0.250000 0.490000 0.000001
0.260000 0.000000 0.000000
0.260000 0.010000 0.000000
0.260000 0.020000 0.000000
0.260000 0.030000 0.000000
0.260000 0.040000 0.000000
0.260000 0.050000 0.000000
0.260000 0.060000 0.000000
0.260000 0.070000 0.000000
0.260000 0.080000 0.000000
0.260000 0.090000 0.000000
0.260000 0.100000 0.000000
0.260000 0.110000 0.000000
0.260000 0.120000 0.000000
0.260000 0.130000 0.000000
0.260000 0.140000 0.000000
0.260000 0.150000 0.000000
0.260000 0.160000 0.000000
0.260000 0.170000 0.000000
0.260000 0.180000 0.000000
0.260000 0.190000 0.000000
0.260000 0.200000 0.000000
0.260000 0.210000 0.000000
0.260000 0.220000 0.000000
0.260000 0.230000 0.000000
0.260000 0.240000 0.000000
0.260000 0.250000 0.000434
0.260000 0.260000 -0.000895
0.260000 0.270000 0.000000
0.260000 0.280000 0.000000
0.260000 0.290000 0.000000
0.260000 0.300000 0.000000
0.260000 0.310000 0.000000
0.260000 0.320000 0.004767
0.260000 0.330000 0.000000
0.260000 0.340000 0.000000
0.260000 0.350000 0.000000
0.260000 0.360000 0.000000
0.260000 0.370000 0.000000
0.260000 0.380000 -0.000578
0.260000 0.390000 -0.001012
0.260000 0.400000 -0.001348
0.260000 0.410000 -0.001672
0.260000 0.420000 -0.001847
0.260000 0.430000 0.000000
0.260000 0.440000 0.000000
0.260000 0.450000 0.000000
0.260000 0.460000 0.000000
0.260000 0.470000 0.000000
0.260000 0.480000 0.000000
0.260000 0.490000 0.000001
0.270000 0.000000 0.000000
0.270000 0.010000 0.000000
0.270000 0.020000 0.000000
0.270000 0.030000 0.000000
0.270000 0.040000 0.000000
0.270000 0.050000 0.000000
0.270000 0.060000 0.000000
0.270000 0.070000 0.000000
0.270000 0.080000 0.000000
0.270000 0.090000 0.000000
0.270000 0.100000 0.000000
0.270000 0.110000 0.000000
0.270000 0.120000 0.000000
0.270000 0.130000 0.000000
0.270000 0.140000 0.000000
0.270000 0.150000 0.000000
0.270000 0.160000 0.000000
0.270000 0.170000 0.000000
0.270000 0.180000 0.000000
0.270000 0.190000 0.000000
0.270000 0.200000 0.000000
0.270000 0.210000 0.000000
0.270000 0.220000 0.000000
0.270000 0.230000 0.000000
0.270000 0.240000 0.000000
0.270000 0.250000 0.000461
0.270000 0.260000 0.000000
0.270000 0.270000 0.000000
0.270000 0.280000 0.000000
0.270000 0.290000 0.000000
0.270000 0.300000 0.000000
0.270000 0.310000 0.000000
0.270000 0.320000 0.004727
0.270000 0.330000 0.004506
0.270000 0.340000 0.000000
0.270000 0.350000 0.004047
0.270000 0.360000 0.003460
0.270000 0.370000 0.000000
0.270000 0.380000 0.000000
0.270000 0.390000 0.000000
0.270000 0.400000 0.000000
0.270000 0.410000 -0.001595
0.270000 0.420000 -0.001738
0.270000 0.430000 -0.001660
0.270000 0.440000 -0.001756
0.270000 0.450000 0.000000
0.270000 0.460000 0.000000
0.270000 0.470000 0.000000
0.270000 0.480000 0.000000
0.270000 0.490000 0.000000
0.280000 0.000000 0.000000
0.280000 0.010000 0.000000
0.280000 0.020000 0.000000
0.280000 0.030000 0.000000
0.280000 0.040000 0.000000
0.280000 0.050000 0.000000
0.280000 0.060000 0.000000
0.280000 0.070000 0.000000
0.280000 0.080000 0.000000
0.280000 0.090000 0.000000
0.280000 0.100000 0.000000
0.280000 0.110000 0.000000
0.280000 0.120000 0.000000
0.280000 0.130000 0.000000
0.280000 0.140000 0.000000
0.280000 0.150000 0.000000
0.280000 0.160000 0.000000
0.280000 0.170000 0.000000
0.280000 0.180000 0.000000
0.280000 0.190000 0.000000
0.280000 0.200000 0.000000
0.280000 0.210000 0.000000
0.280000 0.220000 0.000000
0.280000 0.230000 0.000000
0.280000 0.240000 0.000000
0.280000 0.250000 0.000000
0.280000 0.260000 0.000000
0.280000 0.270000 0.000000
0.280000 0.280000 0.000000
0.280000 0.290000 0.000000
0.280000 0.300000 0.000000
0.280000 0.310000 0.000000
0.280000 0.320000 0.004787
0.280000 0.330000 0.004456
0.280000 0.340000 0.000000
0.280000 0.350000 0.003568
0.280000 0.360000 0.003147
0.280000 0.370000 0.002896
0.280000 0.380000 0.002755
0.280000 0.390000 0.000000
0.280000 0.400000 0.000000
0.280000 0.410000 0.000000
0.280000 0.420000 0.000000
0.280000 0.430000 -0.001257
0.280000 0.440000 -0.001711
0.280000 0.450000 0.000000
0.280000 0.460000 0.000000
0.280000 0.470000 0.000000
0.280000 0.480000 0.000000
0.280000 0.490000 0.000000
0.290000 0.000000 0.000000
0.290000 0.010000 0.000000
0.290000 0.020000 0.000000
0.290000 0.030000 0.000000
0.290000 0.040000 0.000000
0.290000 0.050000 0.000000
0.290000 0.060000 0.000000
0.290000 0.070000 0.000000
0.290000 0.080000 0.000000
0.290000 0.090000 0.000000
0.290000 0.100000 0.000000
0.290000 0.110000 0.000000
0.290000 0.120000 0.000000
0.290000 0.130000 0.000000
0.290000 0.140000 0.000000
0.290000 0.150000 0.000000
0.290000 0.160000 0.000000
0.290000 0.170000 0.000000
0.290000 0.180000 0.000000
0.290000 0.190000 0.000000
0.290000 0.200000 0.000000
0.290000 0.210000 0.000000
0.290000 0.220000 0.000000
0.290000 0.230000 0.000000
0.290000 0.240000 0.000000
0.290000 0.250000 0.000000
0.290000 0.260000 0.000000
0.290000 0.270000 0.000000
0.290000 0.280000 0.000000
0.290000 0.290000 0.000000
0.290000 0.300000 0.000000
0.290000 0.310000 0.000000
0.290000 0.320000 0.004752
0.290000 0.330000 0.004374
0.290000 0.340000 0.003859
0.290000 0.350000 0.003496
0.290000 0.360000 0.003174
0.290000 0.370000 0.002884
0.290000 0.380000 0.002457
0.290000 0.390000 0.002087
0.290000 0.400000 0.001453
0.290000 0.410000 0.001470
0.290000 0.420000 0.000000
0.290000 0.430000 -0.000406
0.290000 0.440000 -0.000682
0.290000 0.450000 -0.001283
0.290000 0.460000 -0.001411
0.290000 0.470000 -0.001285
0.290000 0.480000 0.000000
0.290000 0.490000 0.000000
0.300000 0.000000 0.016750
0.300000 0.010000 0.016285
0.300000 0.020000 0.015902
0.300000 0.030000 0.015527
0.300000 0.040000 0.015156
0.300000 0.050000 0.014787
0.300000 0.060000 0.014418
0.300000 0.070000 0.014051
0.300000 0.080000 0.013683
0.300000 0.090000 0.013315
0.300000 0.100000 0.012948
0.300000 0.110000 0.012581
0.300000 0.120000 0.012213
0.300000 0.130000 0.011846
0.300000 0.140000 0.011479
0.300000 0.150000 0.011113
0.300000 0.160000 0.010746
0.300000 0.170000 0.010379
0.300000 0.180000 0.010013
0.300000 0.190000 0.009647
0.300000 0.200000 0.009281
0.300000 0.210000 0.008915
0.300000 0.220000 0.008550
0.300000 0.230000 0.008185
0.300000 0.240000 0.007820
0.300000 0.250000 0.007455
0.300000 0.260000 0.007091
0.300000 0.270000 0.006727
0.300000 0.280000 0.006363
0.300000 0.290000 0.006000
0.300000 0.300000 0.005639
0.300000 0.310000 0.005232
0.300000 0.320000 0.004796
0.300000 0.330000 0.004214
0.300000 0.340000 0.003798
0.300000 0.350000 0.003436
0.300000 0.360000 0.003205
0.300000 0.370000 0.002911
0.300000 0.380000 0.002428
0.300000 0.390000 0.002178
0.300000 0.400000 0.002131
0.300000 0.410000 0.001701
0.300000 0.420000 0.001142
0.300000 0.430000 0.000497
0.300000 0.440000 -0.000394
0.300000 0.450000 -0.000773
0.300000 0.460000 -0.001168
0.300000 0.470000 0.000000
0.300000 0.480000 0.000000
0.300000 0.490000 0.000000
0.310000 0.000000 0.016802
0.310000 0.010000 0.016260
0.310000 0.020000 0.015891
0.310000 0.030000 0.015522
0.310000 0.040000 0.015154
0.310000 0.050000 0.014785
0.310000 0.060000 0.014418
0.310000 0.070000 0.014050
0.310000 0.080000 0.013682
0.310000 0.090000 0.013315
0.310000 0.100000 0.012947
0.310000 0.110000 0.012580
0.310000 0.120000 0.012213
0.310000 0.130000 0.011845
0.310000 0.140000 0.011478
0.310000 0.150000 0.011111
0.310000 0.160000 0.010744
0.310000 0.170000 0.010378
0.310000 0.180000 0.010011
0.310000 0.190000 0.009645
0.310000 0.200000 0.009278
0.310000 0.210000 0.008912
0.310000 0.220000 0.008546
0.310000 0.230000 0.008180
0.310000 0.240000 0.007814
0.310000 0.250000 0.007449
0.310000 0.260000 0.007082
0.310000 0.270000 0.006716
0.310000 0.280000 0.006347
0.310000 0.290000 0.005975
0.310000 0.300000 0.005592
0.310000 0.310000 0.005231
0.310000 0.320000 0.004794
0.310000 0.330000 0.004370
0.310000 0.340000 0.003916
0.310000 0.350000 0.003609
0.310000 0.360000 0.003288
0.310000 0.370000 0.002988
0.310000 0.380000 0.002546
0.310000 0.390000 0.002182
0.310000 0.400000 0.002036
0.310000 0.410000 0.001694
0.310000 0.420000 0.001395
0.310000 0.430000 0.000954
0.310000 0.440000 0.000330
0.310000 0.450000 -0.000415
0.310000 0.460000 -0.000921
0.310000 0.470000 0.000000
0.310000 0.480000 0.000000
0.310000 0.490000 0.000000
0.320000 0.000000 0.016852
0.320000 0.010000 0.016234
0.320000 0.020000 0.015880
0.320000 0.030000 0.015517
0.320000 0.040000 0.015151
0.320000 0.050000 0.014784
0.320000 0.060000 0.014416
0.320000 0.070000 0.014049
0.320000 0.080000 0.013681
0.320000 0.090000 0.013314
0.320000 0.100000 0.012946
0.320000 0.110000 0.012579
0.320000 0.120000 0.012212
0.320000 0.130000 0.011844
0.320000 0.140000 0.011477
0.320000 0.150000 0.011110
0.320000 0.160000 0.010743
0.320000 0.170000 0.010376
0.320000 0.180000 0.010009
0.320000 0.190000 0.009642
0.320000 0.200000 0.009275
0.320000 0.210000 0.008909
0.320000 0.220000 0.008542
0.320000 0.230000 0.008176
0.320000 0.240000 0.007809
0.320000 0.250000 0.007442
0.320000 0.260000 0.007075
0.320000 0.270000 0.006707
0.320000 0.280000 0.006337
0.320000 0.290000 0.005964
0.320000 0.300000 0.005586
0.320000 0.310000 0.005201
0.320000 0.320000 0.004891
0.320000 0.330000 0.004650
0.320000 0.340000 0.004031
0.320000 0.350000 0.003685
0.320000 0.360000 0.003312
0.320000 0.370000 0.003011
0.320000 0.380000 0.002483
0.320000 0.390000 0.002108
0.320000 0.400000 0.002006
0.320000 0.410000 0.001661
0.320000 0.420000 0.001442
0.320000 0.430000 0.000832
0.320000 0.440000 0.000282
0.320000 0.450000 -0.000298
0.320000 0.460000 -0.000781
0.320000 0.470000 0.000000
0.320000 0.480000 0.000000
0.320000 0.490000 0.000000
0.330000 0.000000 0.016829
0.330000 0.010000 0.016261
0.330000 0.020000 0.015880
0.330000 0.030000 0.015514
0.330000 0.040000 0.015149
0.330000 0.050000 0.014782
0.330000 0.060000 0.014415
0.330000 0.070000 0.014048
0.330000 0.080000 0.013681
0.330000 0.090000 0.013313
0.330000 0.100000 0.012946
0.330000 0.110000 0.012578
0.330000 0.120000 0.012210
0.330000 0.130000 0.011843
0.330000 0.140000 0.011476
0.330000 0.150000 0.011108
0.330000 0.160000 0.010741
0.330000 0.170000 0.010374
0.330000 0.180000 0.010006
0.330000 0.190000 0.009639
0.330000 0.200000 0.009272
0.330000 0.210000 0.008905
0.330000 0.220000 0.008538
0.330000 0.230000 0.008171
0.330000 0.240000 0.007804
0.330000 0.250000 0.007436
0.330000 0.260000 0.007068
0.330000 0.270000 0.006700
0.330000 0.280000 0.006331
0.330000 0.290000 0.005962
0.330000 0.300000 0.005593
0.330000 0.310000 0.005231
0.330000 0.320000 0.004894
0.330000 0.330000 0.004561
0.330000 0.340000 0.004160
0.330000 0.350000 0.003750
0.330000 0.360000 0.003331
0.330000 0.370000 0.000000
0.330000 0.380000 0.002561
0.330000 0.390000 0.002193
0.330000 0.400000 0.001975
0.330000 0.410000 0.001543
0.330000 0.420000 0.001345
0.330000 0.430000 0.000837
0.330000 0.440000 0.000230
0.330000 0.450000 -0.000284
0.330000 0.460000 -0.000726
0.330000 0.470000 0.000000
0.330000 0.480000 0.000000
0.330000 0.490000 0.000000
0.340000 0.000000 0.016918
0.340000 0.010000 0.016187
0.340000 0.020000 0.015865
0.340000 0.030000 0.015511
0.340000 0.040000 0.015147
0.340000 0.050000 0.014782
0.340000 0.060000 0.014415
0.340000 0.070000 0.014047
0.340000 0.080000 0.013680
0.340000 0.090000 0.013312
0.340000 0.100000 0.012945
0.340000 0.110000 0.012577
0.340000 0.120000 0.012209
0.340000 0.130000 0.011842
0.340000 0.140000 0.011474
0.340000 0.150000 0.011106
0.340000 0.160000 0.010739
0.340000 0.170000 0.010371
0.340000 0.180000 0.010004
0.340000 0.190000 0.009636
0.340000 0.200000 0.009269
0.340000 0.210000 0.008902
0.340000 0.220000 0.008534
0.340000 0.230000 0.008167
0.340000 0.240000 0.007799
0.340000 0.250000 0.007431
0.340000 0.260000 0.007063
0.340000 0.270000 0.006695
0.340000 0.280000 0.006327
0.340000 0.290000 0.005961
0.340000 0.300000 0.005596
0.340000 0.310000 0.005238
0.340000 0.320000 0.004889
0.340000 0.330000 0.004539
0.340000 0.340000 0.004170
0.340000 0.350000 0.003775
0.340000 0.360000 0.003351
0.340000 0.370000 0.002631
0.340000 0.380000 0.002548
0.340000 0.390000 0.002209
0.340000 0.400000 0.001679
0.340000 0.410000 0.001387
0.340000 0.420000 0.001183
0.340000 0.430000 0.000000
0.340000 0.440000 0.000057
0.340000 0.450000 -0.000338
0.340000 0.460000 -0.000710
0.340000 0.470000 0.000000
0.340000 0.480000 0.000000
0.340000 0.490000 0.000000
0.350000 0.000000 0.016802
0.350000 0.010000 0.016268
0.350000 0.020000 0.015884
0.350000 0.030000 0.015516
0.350000 0.040000 0.015149
0.350000 0.050000 0.014782
0.350000 0.060000 0.014415
0.350000 0.070000 0.014047
0.350000 0.080000 0.013679
0.350000 0.090000 0.013312
0.350000 0.100000 0.012944
0.350000 0.110000 0.012576
0.350000 0.120000 0.012208
0.350000 0.130000 0.011840
0.350000 0.140000 0.011472
0.350000 0.150000 0.011105
0.350000 0.160000 0.010737
0.350000 0.170000 0.010369
0.350000 0.180000 0.010001
0.350000 0.190000 0.009634
0.350000 0.200000 0.009266
0.350000 0.210000 0.008898
0.350000 0.220000 0.008530
0.350000 0.230000 0.008162
0.350000 0.240000 0.007794
0.350000 0.250000 0.007426
0.350000 0.260000 0.007059
0.350000 0.270000 0.006691
0.350000 0.280000 0.006324
0.350000 0.290000 0.005958
0.350000 0.300000 0.005596
0.350000 0.310000 0.005237
0.350000 0.320000 0.004885
0.350000 0.330000 0.004538
0.350000 0.340000 0.004204
0.350000 0.350000 0.003939
0.350000 0.360000 0.003255
0.350000 0.370000 0.002830
0.350000 0.380000 0.002544
0.350000 0.390000 0.002157
0.350000 0.400000 0.001618
0.350000 0.410000 0.001272
0.350000 0.420000 0.000916
0.350000 0.430000 0.000486
0.350000 0.440000 0.000079
0.350000 0.450000 -0.000219
0.350000 0.460000 -0.000818
0.350000 0.470000 0.000000
0.350000 0.480000 0.000000
0.350000 0.490000 0.000000
0.360000 0.000000 0.016797
0.360000 0.010000 0.016256
0.360000 0.020000 0.015888
0.360000 0.030000 0.015519
0.360000 0.040000 0.015151
0.360000 0.050000 0.014783
0.360000 0.060000 0.014415
0.360000 0.070000 0.014047
0.360000 0.080000 0.013679
0.360000 0.090000 0.013311
0.360000 0.100000 0.012943
0.360000 0.110000 0.012575
0.360000 0.120000 0.012207
0.360000 0.130000 0.011839
0.360000 0.140000 0.011471
0.360000 0.150000 0.011103
0.360000 0.160000 0.010735
0.360000 0.170000 0.010367
0.360000 0.180000 0.009999
0.360000 0.190000 0.009631
0.360000 0.200000 0.009263
0.360000 0.210000 0.008894
0.360000 0.220000 0.008526
0.360000 0.230000 0.008158
0.360000 0.240000 0.007790
0.360000 0.250000 0.007422
0.360000 0.260000 0.007054
0.360000 0.270000 0.006687
0.360000 0.280000 0.006320
0.360000 0.290000 0.005955
0.360000 0.300000 0.005593
0.360000 0.310000 0.005233
0.360000 0.320000 0.004877
0.360000 0.330000 0.004524
0.360000 0.340000 0.004174
0.360000 0.350000 0.003818
0.360000 0.360000 0.003421
0.360000 0.370000 0.002956
0.360000 0.380000 0.002629
0.360000 0.390000 0.002187
0.360000 0.400000 0.001617
0.360000 0.410000 0.001445
0.360000 0.420000 0.000939
0.360000 0.430000 0.000683
0.360000 0.440000 0.000050
0.360000 0.450000 -0.000212
0.360000 0.460000 -0.000773
0.360000 0.470000 -0.000689
0.360000 0.480000 0.000000
0.360000 0.490000 0.000000
0.370000 0.000000 0.016765
0.370000 0.010000 0.016269
0.370000 0.020000 0.015893
0.370000 0.030000 0.015522
0.370000 0.040000 0.015152
0.370000 0.050000 0.014783
0.370000 0.060000 0.014415
0.370000 0.070000 0.014046
0.370000 0.080000 0.013678
0.370000 0.090000 0.013310
0.370000 0.100000 0.012942
0.370000 0.110000 0.012574
0.370000 0.120000 0.012205
0.370000 0.130000 0.011837
0.370000 0.140000 0.011469
0.370000 0.150000 0.011101
0.370000 0.160000 0.010733
0.370000 0.170000 0.010364
0.370000 0.180000 0.009996
0.370000 0.190000 0.009628
0.370000 0.200000 0.009259
0.370000 0.210000 0.008891
0.370000 0.220000 0.008523
0.370000 0.230000 0.008154
0.370000 0.240000 0.007786
0.370000 0.250000 0.007418
0.370000 0.260000 0.007050
0.370000 0.270000 0.006683
0.370000 0.280000 0.006316
0.370000 0.290000 0.005951
0.370000 0.300000 0.005588
0.370000 0.310000 0.005227
0.370000 0.320000 0.004869
0.370000 0.330000 0.004513
0.370000 0.340000 0.004159
0.370000 0.350000 0.003806
0.370000 0.360000 0.003454
0.370000 0.370000 0.003066
0.370000 0.380000 0.002740
0.370000 0.390000 0.002266
0.370000 0.400000 0.001705
0.370000 0.410000 0.000000
0.370000 0.420000 0.000654
0.370000 0.430000 0.000280
0.370000 0.440000 -0.000373
0.370000 0.450000 -0.000502
0.370000 0.460000 0.000000
0.370000 0.470000 -0.000665
0.370000 0.480000 0.000000
0.370000 0.490000 0.000000
0.380000 0.000000 0.016757
0.380000 0.010000 0.016266
0.380000 0.020000 0.015893
0.380000 0.030000 0.015522
0.380000 0.040000 0.015152
0.380000 0.050000 0.014783
0.380000 0.060000 0.014415
0.380000 0.070000 0.014046
0.380000 0.080000 0.013678
0.380000 0.090000 0.013309
0.380000 0.100000 0.012941
0.380000 0.110000 0.012572
0.380000 0.120000 0.012204
0.380000 0.130000 0.011836
0.380000 0.140000 0.011467
0.380000 0.150000 0.011099
0.380000 0.160000 0.010730
0.380000 0.170000 0.010362
0.380000 0.180000 0.009994
0.380000 0.190000 0.009625
0.380000 0.200000 0.009256
0.380000 0.210000 0.008888
0.380000 0.220000 0.008519
0.380000 0.230000 0.008151
0.380000 0.240000 0.007782
0.380000 0.250000 0.007414
0.380000 0.260000 0.007046
0.380000 0.270000 0.006679
0.380000 0.280000 0.006312
0.380000 0.290000 0.005947
0.380000 0.300000 0.005583
0.380000 0.310000 0.005221
0.380000 0.320000 0.004861
0.380000 0.330000 0.004503
0.380000 0.340000 0.004146
0.380000 0.350000 0.003791
0.380000 0.360000 0.003439
0.380000 0.370000 0.003099
0.380000 0.380000 0.002755
0.380000 0.390000 0.002093
0.380000 0.400000 0.000000
0.380000 0.410000 0.001103
0.380000 0.420000 0.000726
0.380000 0.430000 0.000000
0.380000 0.440000 -0.000545
0.380000 0.450000 -0.000727
0.380000 0.460000 -0.000823
0.380000 0.470000 -0.000676
0.380000 0.480000 0.000000
0.380000 0.490000 0.000000
0.390000 0.000000 0.016782
0.390000 0.010000 0.016255
0.390000 0.020000 0.015890
0.390000 0.030000 0.015521
0.390000 0.040000 0.015152
0.390000 0.050000 0.014783
0.390000 0.060000 0.014414
0.390000 0.070000 0.014046
0.390000 0.080000 0.013677
0.390000 0.090000 0.013308
0.390000 0.100000 0.012940
0.390000 0.110000 0.012571
0.390000 0.120000 0.012203
0.390000 0.130000 0.011834
0.390000 0.140000 0.011466
0.390000 0.150000 0.011097
0.390000 0.160000 0.010728
0.390000 0.170000 0.010360
0.390000 0.180000 0.009991
0.390000 0.190000 0.009622
0.390000 0.200000 0.009254
0.390000 0.210000 0.008885
0.390000 0.220000 0.008516
0.390000 0.230000 0.008147
0.390000 0.240000 0.007779
0.390000 0.250000 0.007410
0.390000 0.260000 0.007042
0.390000 0.270000 0.006675
0.390000 0.280000 0.006308
0.390000 0.290000 0.005942
0.390000 0.300000 0.005578
0.390000 0.310000 0.005215
0.390000 0.320000 0.004853
0.390000 0.330000 0.004494
0.390000 0.340000 0.004135
0.390000 0.350000 0.003776
0.390000 0.360000 0.003415
0.390000 0.370000 0.003046
0.390000 0.380000 0.002627
0.390000 0.390000 0.002256
0.390000 0.400000 0.001599
0.390000 0.410000 0.001072
0.390000 0.420000 0.000358
0.390000 0.430000 -0.000516
0.390000 0.440000 -0.000478
0.390000 0.450000 0.000171
0.390000 0.460000 -0.000554
0.390000 0.470000 -0.000676
0.390000 0.480000 0.000000
0.390000 0.490000 0.000000
0.400000 0.000000 0.016773
0.400000 0.010000 0.016261
0.400000 0.020000 0.015891
0.400000 0.030000 0.015521
0.400000 0.040000 0.015152
0.400000 0.050000 0.014783
0.400000 0.060000 0.014414
0.400000 0.070000 0.014045
0.400000 0.080000 0.013676
0.400000 0.090000 0.013307
0.400000 0.100000 0.012939
0.400000 0.110000 0.012570
0.400000 0.120000 0.012201
0.400000 0.130000 0.011833
0.400000 0.140000 0.011464
0.400000 0.150000 0.011095
0.400000 0.160000 0.010726
0.400000 0.170000 0.010358
0.400000 0.180000 0.009989
0.400000 0.190000 0.009620
0.400000 0.200000 0.009251
0.400000 0.210000 0.008882
0.400000 0.220000 0.008513
0.400000 0.230000 0.008144
0.400000 0.240000 0.007775
0.400000 0.250000 0.007407
0.400000 0.260000 0.007039
0.400000 0.270000 0.006671
0.400000 0.280000 0.006304
0.400000 0.290000 0.005938
0.400000 0.300000 0.005573
0.400000 0.310000 0.005209
0.400000 0.320000 0.004847
0.400000 0.330000 0.004486
0.400000 0.340000 0.004126
0.400000 0.350000 0.003767
0.400000 0.360000 0.003407
0.400000 0.370000 0.003047
0.400000 0.380000 0.002598
0.400000 0.390000 0.002138
0.400000 0.400000 0.001793
0.400000 0.410000 0.001447
0.400000 0.420000 0.000754
0.400000 0.430000 0.000216
0.400000 0.440000 -0.000292
0.400000 0.450000 -0.000132
0.400000 0.460000 -0.000472
0.400000 0.470000 0.000000
0.400000 0.480000 0.000000
0.400000 0.490000 0.000000
0.410000 0.000000 0.016759
0.410000 0.010000 0.016271
0.410000 0.020000 0.015892
0.410000 0.030000 0.015521
0.410000 0.040000 0.015151
0.410000 0.050000 0.014782
0.410000 0.060000 0.014413
0.410000 0.070000 0.014044
0.410000 0.080000 0.013675
0.410000 0.090000 0.013307
0.410000 0.100000 0.012938
0.410000 0.110000 0.012569
0.410000 0.120000 0.012200
0.410000 0.130000 0.011831
0.410000 0.140000 0.011462
0.410000 0.150000 0.011094
0.410000 0.160000 0.010725
0.410000 0.170000 0.010356
0.410000 0.180000 0.009987
0.410000 0.190000 0.009618
0.410000 0.200000 0.009248
0.410000 0.210000 0.008879
0.410000 0.220000 0.008510
0.410000 0.230000 0.008141
0.410000 0.240000 0.007772
0.410000 0.250000 0.007403
0.410000 0.260000 0.007035
0.410000 0.270000 0.006667
0.410000 0.280000 0.006300
0.410000 0.290000 0.005934
0.410000 0.300000 0.005568
0.410000 0.310000 0.005204
0.410000 0.320000 0.004841
0.410000 0.330000 0.004480
0.410000 0.340000 0.004120
0.410000 0.350000 0.003762
0.410000 0.360000 0.003405
0.410000 0.370000 0.003048
0.410000 0.380000 0.002596
0.410000 0.390000 0.002183
0.410000 0.400000 0.001872
0.410000 0.410000 0.001595
0.410000 0.420000 0.001248
0.410000 0.430000 0.000621
0.410000 0.440000 0.000183
0.410000 0.450000 -0.000013
0.410000 0.460000 -0.000362
0.410000 0.470000 0.000000
0.410000 0.480000 0.000000
0.410000 0.490000 0.000000
0.420000 0.000000 0.016798
0.420000 0.010000 0.016240
0.420000 0.020000 0.015884
0.420000 0.030000 0.015519
0.420000 0.040000 0.015151
0.420000 0.050000 0.014782
0.420000 0.060000 0.014413
0.420000 0.070000 0.014044
0.420000 0.080000 0.013675
0.420000 0.090000 0.013306
0.420000 0.100000 0.012937
0.420000 0.110000 0.012568
0.420000 0.120000 0.012199
0.420000 0.130000 0.011830
0.420000 0.140000 0.011461
0.420000 0.150000 0.011092
0.420000 0.160000 0.010723
0.420000 0.170000 0.010354
0.420000 0.180000 0.009985
0.420000 0.190000 0.009615
0.420000 0.200000 0.009246
0.420000 0.210000 0.008877
0.420000 0.220000 0.008508
0.420000 0.230000 0.008138
0.420000 0.240000 0.007769
0.420000 0.250000 0.007400
0.420000 0.260000 0.007032
0.420000 0.270000 0.006664
0.420000 0.280000 0.006296
0.420000 0.290000 0.005930
0.420000 0.300000 0.005564
0.420000 0.310000 0.005199
0.420000 0.320000 0.004836
0.420000 0.330000 0.004475
0.420000 0.340000 0.004116
0.420000 0.350000 0.003760
0.420000 0.360000 0.003407
0.420000 0.370000 0.003053
0.420000 0.380000 0.002562
0.420000 0.390000 0.002218
0.420000 0.400000 0.001920
0.420000 0.410000 0.001442
0.420000 0.420000 0.000946
0.420000 0.430000 0.000580
0.420000 0.440000 0.000161
0.420000 0.450000 0.000125
0.420000 0.460000 -0.000226
0.420000 0.470000 -0.000243
0.420000 0.480000 0.000000
0.420000 0.490000 0.000000
0.430000 0.000000 0.016788
0.430000 0.010000 0.016245
0.430000 0.020000 0.015885
0.430000 0.030000 0.015519
0.430000 0.040000 0.015151
0.430000 0.050000 0.014781
0.430000 0.060000 0.014412
0.430000 0.070000 0.014043
0.430000 0.080000 0.013674
0.430000 0.090000 0.013305
0.430000 0.100000 0.012936
0.430000 0.110000 0.012567
0.430000 0.120000 0.012198
0.430000 0.130000 0.011829
0.430000 0.140000 0.011460
0.430000 0.150000 0.011091
0.430000 0.160000 0.010721
0.430000 0.170000 0.010352
0.430000 0.180000 0.009983
0.430000 0.190000 0.009613
0.430000 0.200000 0.009244
0.430000 0.210000 0.008875
0.430000 0.220000 0.008505
0.430000 0.230000 0.008136
0.430000 0.240000 0.007767
0.430000 0.250000 0.007398
0.430000 0.260000 0.007029
0.430000 0.270000 0.006661
0.430000 0.280000 0.006293
0.430000 0.290000 0.005926
0.430000 0.300000 0.005560
0.430000 0.310000 0.005195
0.430000 0.320000 0.004832
0.430000 0.330000 0.004471
0.430000 0.340000 0.004112
0.430000 0.350000 0.003759
0.430000 0.360000 0.003416
0.430000 0.370000 0.003012
0.430000 0.380000 0.002561
0.430000 0.390000 0.002201
0.430000 0.400000 0.001834
0.430000 0.410000 0.001384
0.430000 0.420000 0.001050
0.430000 0.430000 0.000650
0.430000 0.440000 0.000176
0.430000 0.450000 -0.000167
0.430000 0.460000 0.000000
0.430000 0.470000 0.000128
0.430000 0.480000 0.000000
0.430000 0.490000 0.000000
0.440000 0.000000 0.016759
0.440000 0.010000 0.016269
0.440000 0.020000 0.015895
0.440000 0.030000 0.015522
0.440000 0.040000 0.015151
0.440000 0.050000 0.014781
0.440000 0.060000 0.014412
0.440000 0.070000 0.014042
0.440000 0.080000 0.013673
0.440000 0.090000 0.013304
0.440000 0.100000 0.012935
0.440000 0.110000 0.012566
0.440000 0.120000 0.012197
0.440000 0.130000 0.011828
0.440000 0.140000 0.011459
0.440000 0.150000 0.011089
0.440000 0.160000 0.010720
0.440000 0.170000 0.010351
0.440000 0.180000 0.009981
0.440000 0.190000 0.009612
0.440000 0.200000 0.009242
0.440000 0.210000 0.008873
0.440000 0.220000 0.008503
0.440000 0.230000 0.008134
0.440000 0.240000 0.007764
0.440000 0.250000 0.007395
0.440000 0.260000 0.007026
0.440000 0.270000 0.006658
0.440000 0.280000 0.006290
0.440000 0.290000 0.005923
0.440000 0.300000 0.005556
0.440000 0.310000 0.005191
0.440000 0.320000 0.004827
0.440000 0.330000 0.004465
0.440000 0.340000 0.004106
0.440000 0.350000 0.003750
0.440000 0.360000 0.003398
0.440000 0.370000 0.003041
0.440000 0.380000 0.002536
0.440000 0.390000 0.002185
0.440000 0.400000 0.001824
0.440000 0.410000 0.001458
0.440000 0.420000 0.001165
0.440000 0.430000 0.000615
0.440000 0.440000 0.000112
0.440000 0.450000 -0.000259
0.440000 0.460000 -0.001198
0.440000 0.470000 0.000000
0.440000 0.480000 0.000000
0.440000 0.490000 0.000000
0.450000 0.000000 0.016741
0.450000 0.010000 0.016288
0.450000 0.020000 0.015901
0.450000 0.030000 0.015524
0.450000 0.040000 0.015151
0.450000 0.050000 0.014780
0.450000 0.060000 0.014411
0.450000 0.070000 0.014041
0.450000 0.080000 0.013672
0.450000 0.090000 0.013303
0.450000 0.100000 0.012934
0.450000 0.110000 0.012565
0.450000 0.120000 0.012196
0.450000 0.130000 0.011827
0.450000 0.140000 0.011458
0.450000 0.150000 0.011088
0.450000 0.160000 0.010719
0.450000 0.170000 0.010349
0.450000 0.180000 0.009980
0.450000 0.190000 0.009610
0.450000 0.200000 0.009241
0.450000 0.210000 0.008871
0.450000 0.220000 0.008502
0.450000 0.230000 0.008132
0.450000 0.240000 0.007763
0.450000 0.250000 0.007393
0.450000 0.260000 0.007024
0.450000 0.270000 0.006656
0.450000 0.280000 0.006287
0.450000 0.290000 0.005920
0.450000 0.300000 0.005553
0.450000 0.310000 0.005187
0.450000 0.320000 0.004823
0.450000 0.330000 0.004460
0.450000 0.340000 0.004099
0.450000 0.350000 0.003742
0.450000 0.360000 0.003388
0.450000 0.370000 0.003040
0.450000 0.380000 0.002528
0.450000 0.390000 0.002171
0.450000 0.400000 0.001809
0.450000 0.410000 0.001447
0.450000 0.420000 0.001104
0.450000 0.430000 0.000681
0.450000 0.440000 0.000095
0.450000 0.450000 -0.000306
0.450000 0.460000 -0.000915
0.450000 0.470000 0.000000
0.450000 0.480000 0.000000
0.450000 0.490000 0.000000
0.460000 0.000000 0.016769
0.460000 0.010000 0.016281
0.460000 0.020000 0.015896
0.460000 0.030000 0.015521
0.460000 0.040000 0.015149
0.460000 0.050000 0.014779
0.460000 0.060000 0.014409
0.460000 0.070000 0.014040
0.460000 0.080000 0.013671
0.460000 0.090000 0.013302
0.460000 0.100000 0.012933
0.460000 0.110000 0.012564
0.460000 0.120000 0.012195
0.460000 0.130000 0.011826
0.460000 0.140000 0.011457
0.460000 0.150000 0.011087
0.460000 0.160000 0.010718
0.460000 0.170000 0.010348
0.460000 0.180000 0.009979
0.460000 0.190000 0.009609
0.460000 0.200000 0.009240
0.460000 0.210000 0.008870
0.460000 0.220000 0.008500
0.460000 0.230000 0.008130
0.460000 0.240000 0.007761
0.460000 0.250000 0.007392
0.460000 0.260000 0.007022
0.460000 0.270000 0.006654
0.460000 0.280000 0.006285
0.460000 0.290000 0.005917
0.460000 0.300000 0.005550
0.460000 0.310000 0.005184
0.460000 0.320000 0.004819
0.460000 0.330000 0.004454
0.460000 0.340000 0.004092
0.460000 0.350000 0.003732
0.460000 0.360000 0.003376
0.460000 0.370000 0.003029
0.460000 0.380000 0.002535
0.460000 0.390000 0.002158
0.460000 0.400000 0.001790
0.460000 0.410000 0.001420
0.460000 0.420000 0.001053
0.460000 0.430000 0.000707
0.460000 0.440000 0.000133
0.460000 0.450000 -0.000258
0.460000 0.460000 -0.000796
0.460000 0.470000 0.000000
0.460000 0.480000 0.000000
0.460000 0.490000 0.000000
0.470000 0.000000 0.016832
0.470000 0.010000 0.016253
0.470000 0.020000 0.015883
0.470000 0.030000 0.015513
0.470000 0.040000 0.015145
0.470000 0.050000 0.014776
0.470000 0.060000 0.014408
0.470000 0.070000 0.014039
0.470000 0.080000 0.013670
0.470000 0.090000 0.013302
0.470000 0.100000 0.012933
0.470000 0.110000 0.012564
0.470000 0.120000 0.012195
0.470000 0.130000 0.011825
0.470000 0.140000 0.011456
0.470000 0.150000 0.011087
0.470000 0.160000 0.010717
0.470000 0.170000 0.010348
0.470000 0.180000 0.009978
0.470000 0.190000 0.009608
0.470000 0.200000 0.009239
0.470000 0.210000 0.008869
0.470000 0.220000 0.008499
0.470000 0.230000 0.008129
0.470000 0.240000 0.007760
0.470000 0.250000 0.007390
0.470000 0.260000 0.007021
0.470000 0.270000 0.006652
0.470000 0.280000 0.006284
0.470000 0.290000 0.005915
0.470000 0.300000 0.005548
0.470000 0.310000 0.005181
0.470000 0.320000 0.004815
0.470000 0.330000 0.004449
0.470000 0.340000 0.004085
0.470000 0.350000 0.003721
0.470000 0.360000 0.003357
0.470000 0.370000 0.002990
0.470000 0.380000 0.002606
0.470000 0.390000 0.002125
0.470000 0.400000 0.001771
0.470000 0.410000 0.001392
0.470000 0.420000 0.001066
0.470000 0.430000 0.000737
0.470000 0.440000 0.000127
0.470000 0.450000 -0.000278
0.470000 0.460000 -0.000719
0.470000 0.470000 0.000000
0.470000 0.480000 0.000000
0.470000 0.490000 0.000000
0.480000 0.000000 0.016884
0.480000 0.010000 0.016236
0.480000 0.020000 0.015870
0.480000 0.030000 0.015506
0.480000 0.040000 0.015140
0.480000 0.050000 0.014773
0.480000 0.060000 0.014406
0.480000 0.070000 0.014038
0.480000 0.080000 0.013670
0.480000 0.090000 0.013301
0.480000 0.100000 0.012932
0.480000 0.110000 0.012563
0.480000 0.120000 0.012194
0.480000 0.130000 0.011825
0.480000 0.140000 0.011456
0.480000 0.150000 0.011086
0.480000 0.160000 0.010717
0.480000 0.170000 0.010347
0.480000 0.180000 0.009977
0.480000 0.190000 0.009608
0.480000 0.200000 0.009238
0.480000 0.210000 0.008868
0.480000 0.220000 0.008498
0.480000 0.230000 0.008129
0.480000 0.240000 0.007759
0.480000 0.250000 0.007389
0.480000 0.260000 0.007020
0.480000 0.270000 0.006651
0.480000 0.280000 0.006282
0.480000 0.290000 0.005914
0.480000 0.300000 0.005546
0.480000 0.310000 0.005179
0.480000 0.320000 0.004812
0.480000 0.330000 0.004445
0.480000 0.340000 0.004079
0.480000 0.350000 0.003712
0.480000 0.360000 0.003344
0.480000 0.370000 0.002972
0.480000 0.380000 0.002595
0.480000 0.390000 0.002144
0.480000 0.400000 0.001775
0.480000 0.410000 0.001397
0.480000 0.420000 0.001089
0.480000 0.430000 0.000726
0.480000 0.440000 0.000124
0.480000 0.450000 -0.000276
0.480000 0.460000 -0.000691
0.480000 0.470000 0.000000
0.480000 0.480000 0.000000
0.480000 0.490000 0.000000
0.490000 0.000000 0.016952
0.490000 0.010000 0.016196
0.490000 0.020000 0.015855
0.490000 0.030000 0.015499
0.490000 0.040000 0.015137
0.490000 0.050000 0.014772
0.490000 0.060000 0.014405
0.490000 0.070000 0.014037
0.490000 0.080000 0.013669
0.490000 0.090000 0.013301
0.490000 0.100000 0.012932
0.490000 0.110000 0.012563
0.490000 0.120000 0.012194
0.490000 0.130000 0.011825
0.490000 0.140000 0.011455
0.490000 0.150000 0.011086
0.490000 0.160000 0.010716
0.490000 0.170000 0.010347
0.490000 0.180000 0.009977
0.490000 0.190000 0.009607
0.490000 0.200000 0.009238
0.490000 0.210000 0.008868
0.490000 0.220000 0.008498
0.490000 0.230000 0.008128
0.490000 0.240000 0.007759
0.490000 0.250000 0.007389
0.490000 0.260000 0.007020
0.490000 0.270000 0.006651
0.490000 0.280000 0.006282
0.490000 0.290000 0.005913
0.490000 0.300000 0.005545
0.490000 0.310000 0.005178
0.490000 0.320000 0.004810
0.490000 0.330000 0.004443
0.490000 0.340000 0.004076
0.490000 0.350000 0.003707
0.490000 0.360000 0.003336
0.490000 0.370000 0.002960
0.490000 0.380000 0.002574
0.490000 0.390000 0.002168
0.490000 0.400000 0.001788
0.490000 0.410000 0.001421
0.490000 0.420000 0.001078
0.490000 0.430000 0.000720
0.490000 0.440000 0.000124
0.490000 0.450000 -0.000274
0.490000 0.460000 -0.000682
0.490000 0.470000 0.000000
0.490000 0.480000 0.000000
0.490000 0.490000 0.000000
