0.000000 0.000000 0.000000
0.000000 0.010000 0.000000
0.000000 0.020000 0.000000
0.000000 0.030000 0.000000
0.000000 0.040000 0.000000
0.000000 0.050000 0.000000
0.000000 0.060000 0.000000
0.000000 0.070000 0.000000
0.000000 0.080000 0.000000
0.000000 0.090000 0.000000
0.000000 0.100000 0.000000
0.000000 0.110000 0.000000
0.000000 0.120000 0.000000
0.000000 0.130000 0.000000
0.000000 0.140000 0.000000
0.000000 0.150000 0.000000
0.000000 0.160000 0.000000
0.000000 0.170000 0.000000
0.000000 0.180000 0.000000
0.000000 0.190000 0.000000
0.000000 0.200000 0.000000
0.000000 0.210000 0.000000
0.000000 0.220000 0.000000
0.000000 0.230000 0.000000
0.000000 0.240000 0.000000
0.000000 0.250000 0.000000
0.000000 0.260000 0.000000
0.000000 0.270000 0.000000
0.000000 0.280000 0.000000
0.000000 0.290000 0.000000
0.000000 0.300000 0.000000
0.000000 0.310000 0.000000
0.000000 0.320000 0.000000
0.000000 0.330000 0.000000
0.000000 0.340000 0.000000
0.000000 0.350000 0.000000
0.000000 0.360000 0.000000
0.000000 0.370000 0.000000
0.000000 0.380000 0.000000
0.000000 0.390000 0.000000
0.000000 0.400000 0.000000
0.000000 0.410000 0.000000
0.000000 0.420000 0.000000
0.000000 0.430000 0.000000
0.000000 0.440000 0.000000
0.000000 0.450000 0.000000
0.000000 0.460000 0.000000
0.000000 0.470000 0.000000
0.000000 0.480000 0.000000
0.000000 0.490000 0.000000
0.010000 0.000000 0.000000
0.010000 0.010000 0.000000
0.010000 0.020000 0.000000
0.010000 0.030000 0.000000
0.010000 0.040000 0.000000
0.010000 0.050000 0.000000
0.010000 0.060000 0.000000
0.010000 0.070000 0.000000
0.010000 0.080000 0.000000
0.010000 0.090000 0.000000
0.010000 0.100000 0.000000
0.010000 0.110000 0.000000
0.010000 0.120000 0.000000
0.010000 0.130000 0.000000
0.010000 0.140000 0.000000
0.010000 0.150000 0.000000
0.010000 0.160000 0.000000
0.010000 0.170000 0.000000
0.010000 0.180000 0.000000
0.010000 0.190000 0.000000
0.010000 0.200000 0.000000
0.010000 0.210000 0.000000
0.010000 0.220000 0.000000
0.010000 0.230000 0.000000
0.010000 0.240000 0.000000
0.010000 0.250000 0.000000
0.010000 0.260000 0.000000
0.010000 0.270000 0.000000
0.010000 0.280000 0.000000
0.010000 0.290000 0.000000
0.010000 0.300000 0.000000
0.010000 0.310000 0.000000
0.010000 0.320000 0.000000
0.010000 0.330000 0.000000
0.010000 0.340000 0.000000
0.010000 0.350000 0.000000
0.010000 0.360000 0.000000
0.010000 0.370000 0.000000
0.010000 0.380000 0.000000
0.010000 0.390000 0.000000
0.010000 0.400000 0.000000
0.010000 0.410000 0.000000
0.010000 0.420000 0.000000
0.010000 0.430000 0.000000
0.010000 0.440000 0.000000
0.010000 0.450000 0.000000
0.010000 0.460000 0.000000
0.010000 0.470000 0.000000
0.010000 0.480000 0.000000
0.010000 0.490000 0.000000
0.020000 0.000000 0.000000
0.020000 0.010000 0.000000
0.020000 0.020000 0.000000
0.020000 0.030000 0.000000
0.020000 0.040000 0.000000
0.020000 0.050000 0.000000
0.020000 0.060000 0.000000
0.020000 0.070000 0.000000
0.020000 0.080000 0.000000
0.020000 0.090000 0.000000
0.020000 0.100000 0.000000
0.020000 0.110000 0.000000
0.020000 0.120000 0.000000
0.020000 0.130000 0.000000
0.020000 0.140000 0.000000
0.020000 0.150000 0.000000
0.020000 0.160000 0.000000
0.020000 0.170000 0.000000
0.020000 0.180000 0.000000
0.020000 0.190000 0.000000
0.020000 0.200000 0.000000
0.020000 0.210000 0.000000
0.020000 0.220000 0.000000
0.020000 0.230000 0.000000
0.020000 0.240000 0.000000
0.020000 0.250000 0.000000
0.020000 0.260000 0.000000
0.020000 0.270000 0.000000
0.020000 0.280000 0.000000
0.020000 0.290000 0.000000
0.020000 0.300000 0.000000
0.020000 0.310000 0.000000
0.020000 0.320000 0.000000
0.020000 0.330000 0.000000
0.020000 0.340000 0.000000
0.020000 0.350000 0.000000
0.020000 0.360000 0.000000
0.020000 0.370000 0.000000
0.020000 0.380000 0.000000
0.020000 0.390000 0.000000
0.020000 0.400000 0.000000
0.020000 0.410000 0.000000
0.020000 0.420000 0.000000
0.020000 0.430000 0.000000
0.020000 0.440000 0.000000
0.020000 0.450000 0.000000
0.020000 0.460000 0.000000
0.020000 0.470000 0.000000
0.020000 0.480000 0.000000
0.020000 0.490000 0.000000
0.030000 0.000000 0.000000
0.030000 0.010000 0.000000
0.030000 0.020000 0.000000
0.030000 0.030000 0.000000
0.030000 0.040000 0.000000
0.030000 0.050000 0.000000
0.030000 0.060000 0.000000
0.030000 0.070000 0.000000
0.030000 0.080000 0.000000
0.030000 0.090000 0.000000
0.030000 0.100000 0.000000
0.030000 0.110000 0.000000
0.030000 0.120000 0.000000
0.030000 0.130000 0.000000
0.030000 0.140000 0.000000
0.030000 0.150000 0.000000
0.030000 0.160000 0.000000
0.030000 0.170000 0.000000
0.030000 0.180000 0.000000
0.030000 0.190000 0.000000
0.030000 0.200000 0.000000
0.030000 0.210000 0.000000
0.030000 0.220000 0.000000
0.030000 0.230000 0.000000
0.030000 0.240000 0.000000
0.030000 0.250000 0.000000
0.030000 0.260000 0.000000
0.030000 0.270000 0.000000
0.030000 0.280000 0.000000
0.030000 0.290000 0.000000
0.030000 0.300000 0.000000
0.030000 0.310000 0.000000
0.030000 0.320000 0.000000
0.030000 0.330000 0.000000
0.030000 0.340000 0.000000
0.030000 0.350000 0.000000
0.030000 0.360000 0.000000
0.030000 0.370000 0.000000
0.030000 0.380000 0.000000
0.030000 0.390000 0.000000
0.030000 0.400000 0.000000
0.030000 0.410000 0.000000
0.030000 0.420000 0.000000
0.030000 0.430000 0.000000
0.030000 0.440000 0.000000
0.030000 0.450000 0.000000
0.030000 0.460000 0.000000
0.030000 0.470000 0.000000
0.030000 0.480000 0.000000
0.030000 0.490000 0.000000
0.040000 0.000000 0.000000
0.040000 0.010000 0.000000
0.040000 0.020000 0.000000
0.040000 0.030000 0.000000
0.040000 0.040000 0.000000
0.040000 0.050000 0.000000
0.040000 0.060000 0.000000
0.040000 0.070000 0.000000
0.040000 0.080000 0.000000
0.040000 0.090000 0.000000
0.040000 0.100000 0.000000
0.040000 0.110000 0.000000
0.040000 0.120000 0.000000
0.040000 0.130000 0.000000
0.040000 0.140000 0.000000
0.040000 0.150000 0.000000
0.040000 0.160000 0.000000
0.040000 0.170000 0.000000
0.040000 0.180000 0.000000
0.040000 0.190000 0.000000
0.040000 0.200000 0.000000
0.040000 0.210000 0.000000
0.040000 0.220000 0.000000
0.040000 0.230000 0.000000
0.040000 0.240000 0.000000
0.040000 0.250000 0.000000
0.040000 0.260000 0.000000
0.040000 0.270000 0.000000
0.040000 0.280000 0.000000
0.040000 0.290000 0.000000
0.040000 0.300000 0.000000
0.040000 0.310000 0.000000
0.040000 0.320000 0.000000
0.040000 0.330000 0.000000
0.040000 0.340000 0.000000
0.040000 0.350000 0.000000
0.040000 0.360000 0.000000
0.040000 0.370000 0.000000
0.040000 0.380000 0.000000
0.040000 0.390000 0.000000
0.040000 0.400000 0.000000
0.040000 0.410000 0.000000
0.040000 0.420000 0.000000
0.040000 0.430000 0.000000
0.040000 0.440000 0.000000
0.040000 0.450000 0.000000
0.040000 0.460000 0.000000
0.040000 0.470000 0.000000
0.040000 0.480000 0.000000
0.040000 0.490000 0.000000
0.050000 0.000000 0.000000
0.050000 0.010000 0.000000
0.050000 0.020000 0.000000
0.050000 0.030000 0.000000
0.050000 0.040000 0.000000
0.050000 0.050000 0.000000
0.050000 0.060000 0.000000
0.050000 0.070000 0.000000
0.050000 0.080000 0.000000
0.050000 0.090000 0.000000
0.050000 0.100000 0.000000
0.050000 0.110000 0.000000
0.050000 0.120000 0.000000
0.050000 0.130000 0.000000
0.050000 0.140000 0.000000
0.050000 0.150000 0.000000
0.050000 0.160000 0.000000
0.050000 0.170000 0.000000
0.050000 0.180000 0.000000
0.050000 0.190000 0.000000
0.050000 0.200000 0.000000
0.050000 0.210000 0.000000
0.050000 0.220000 0.000000
0.050000 0.230000 0.000000
0.050000 0.240000 0.000000
0.050000 0.250000 0.000000
0.050000 0.260000 0.000000
0.050000 0.270000 0.000000
0.050000 0.280000 0.000000
0.050000 0.290000 0.000000
0.050000 0.300000 0.000000
0.050000 0.310000 0.000000
0.050000 0.320000 0.000000
0.050000 0.330000 0.000000
0.050000 0.340000 0.000000
0.050000 0.350000 0.000000
0.050000 0.360000 0.000000
0.050000 0.370000 0.000000
0.050000 0.380000 0.000000
0.050000 0.390000 0.000000
0.050000 0.400000 0.000000
0.050000 0.410000 0.000000
0.050000 0.420000 0.000000
0.050000 0.430000 0.000000
0.050000 0.440000 0.000000
0.050000 0.450000 0.000000
0.050000 0.460000 0.000000
0.050000 0.470000 0.000000
0.050000 0.480000 0.000000
0.050000 0.490000 0.000000
0.060000 0.000000 0.037434
0.060000 0.010000 0.000000
0.060000 0.020000 0.000000
0.060000 0.030000 0.000000
0.060000 0.040000 0.000000
0.060000 0.050000 0.000000
0.060000 0.060000 0.000000
0.060000 0.070000 0.000000
0.060000 0.080000 0.000000
0.060000 0.090000 0.000000
0.060000 0.100000 0.000000
0.060000 0.110000 0.000000
0.060000 0.120000 0.000000
0.060000 0.130000 0.000000
0.060000 0.140000 0.000000
0.060000 0.150000 0.000000
0.060000 0.160000 0.000000
0.060000 0.170000 0.000000
0.060000 0.180000 0.000000
0.060000 0.190000 0.000000
0.060000 0.200000 0.000000
0.060000 0.210000 0.000000
0.060000 0.220000 0.000000
0.060000 0.230000 0.000000
0.060000 0.240000 0.000000
0.060000 0.250000 0.000000
0.060000 0.260000 0.000000
0.060000 0.270000 0.000000
0.060000 0.280000 0.000000
0.060000 0.290000 0.000000
0.060000 0.300000 0.000000
0.060000 0.310000 0.000000
0.060000 0.320000 0.000000
0.060000 0.330000 0.000000
0.060000 0.340000 0.000000
0.060000 0.350000 0.000000
0.060000 0.360000 0.000000
0.060000 0.370000 0.000000
0.060000 0.380000 0.000000
0.060000 0.390000 0.000000
0.060000 0.400000 0.000000
0.060000 0.410000 0.000000
0.060000 0.420000 0.000000
0.060000 0.430000 0.000000
0.060000 0.440000 0.000000
0.060000 0.450000 0.000000
0.060000 0.460000 0.000000
0.060000 0.470000 0.000000
0.060000 0.480000 0.000000
0.060000 0.490000 0.000000
0.070000 0.000000 0.029323
0.070000 0.010000 0.000000
0.070000 0.020000 0.000000
0.070000 0.030000 0.000000
0.070000 0.040000 0.000000
0.070000 0.050000 0.000000
0.070000 0.060000 0.000000
0.070000 0.070000 0.000000
0.070000 0.080000 0.000000
0.070000 0.090000 0.000000
0.070000 0.100000 0.000000
0.070000 0.110000 0.000000
0.070000 0.120000 0.000000
0.070000 0.130000 0.000000
0.070000 0.140000 0.000000
0.070000 0.150000 0.000000
0.070000 0.160000 0.000000
0.070000 0.170000 0.000000
0.070000 0.180000 0.000000
0.070000 0.190000 0.000000
0.070000 0.200000 0.000000
0.070000 0.210000 0.000000
0.070000 0.220000 0.000000
0.070000 0.230000 0.000000
0.070000 0.240000 0.000000
0.070000 0.250000 0.000000
0.070000 0.260000 0.000000
0.070000 0.270000 0.000000
0.070000 0.280000 0.000000
0.070000 0.290000 0.000000
0.070000 0.300000 0.000000
0.070000 0.310000 0.000000
0.070000 0.320000 0.000000
0.070000 0.330000 0.000000
0.070000 0.340000 0.000000
0.070000 0.350000 0.000000
0.070000 0.360000 0.000000
0.070000 0.370000 0.000000
0.070000 0.380000 0.000000
0.070000 0.390000 0.000000
0.070000 0.400000 0.000000
0.070000 0.410000 0.000000
0.070000 0.420000 0.000000
0.070000 0.430000 0.000000
0.070000 0.440000 0.000000
0.070000 0.450000 0.000000
0.070000 0.460000 0.000000
0.070000 0.470000 0.000000
0.070000 0.480000 0.000000
0.070000 0.490000 0.000000
0.080000 0.000000 0.016414
0.080000 0.010000 0.016055
0.080000 0.020000 0.016230
0.080000 0.030000 0.016309
0.080000 0.040000 0.016534
0.080000 0.050000 0.015963
0.080000 0.060000 0.000000
0.080000 0.070000 0.000000
0.080000 0.080000 0.000000
0.080000 0.090000 0.000000
0.080000 0.100000 0.000000
0.080000 0.110000 0.000000
0.080000 0.120000 0.000000
0.080000 0.130000 0.000000
0.080000 0.140000 0.000000
0.080000 0.150000 0.000000
0.080000 0.160000 0.000000
0.080000 0.170000 0.000000
0.080000 0.180000 0.000000
0.080000 0.190000 0.000000
0.080000 0.200000 0.000000
0.080000 0.210000 0.000000
0.080000 0.220000 0.000000
0.080000 0.230000 0.000000
0.080000 0.240000 0.000000
0.080000 0.250000 0.000000
0.080000 0.260000 0.000000
0.080000 0.270000 0.000000
0.080000 0.280000 0.000000
0.080000 0.290000 0.000000
0.080000 0.300000 0.000000
0.080000 0.310000 0.000000
0.080000 0.320000 0.000000
0.080000 0.330000 0.000000
0.080000 0.340000 0.000000
0.080000 0.350000 0.000000
0.080000 0.360000 0.000000
0.080000 0.370000 0.000000
0.080000 0.380000 0.000000
0.080000 0.390000 0.000000
0.080000 0.400000 0.000000
0.080000 0.410000 0.000000
0.080000 0.420000 0.000000
0.080000 0.430000 0.000000
0.080000 0.440000 0.000000
0.080000 0.450000 0.000000
0.080000 0.460000 0.000000
0.080000 0.470000 0.000000
0.080000 0.480000 0.000000
0.080000 0.490000 0.000000
0.090000 0.000000 0.015437
0.090000 0.010000 0.014656
0.090000 0.020000 0.013820
0.090000 0.030000 0.013249
0.090000 0.040000 0.012561
0.090000 0.050000 0.012788
0.090000 0.060000 0.012900
0.090000 0.070000 0.013078
0.090000 0.080000 0.012345
0.090000 0.090000 0.011507
0.090000 0.100000 0.011051
0.090000 0.110000 0.010651
0.090000 0.120000 0.000000
0.090000 0.130000 0.000000
0.090000 0.140000 0.000000
0.090000 0.150000 0.000000
0.090000 0.160000 0.000000
0.090000 0.170000 0.000000
0.090000 0.180000 0.000000
0.090000 0.190000 0.000000
0.090000 0.200000 0.000000
0.090000 0.210000 0.000000
0.090000 0.220000 0.000000
0.090000 0.230000 0.000000
0.090000 0.240000 0.000000
0.090000 0.250000 0.000000
0.090000 0.260000 0.000000
0.090000 0.270000 0.000000
0.090000 0.280000 0.000000
0.090000 0.290000 0.000000
0.090000 0.300000 0.000000
0.090000 0.310000 0.000000
0.090000 0.320000 0.000000
0.090000 0.330000 0.000000
0.090000 0.340000 0.000000
0.090000 0.350000 0.000000
0.090000 0.360000 0.000000
0.090000 0.370000 0.000000
0.090000 0.380000 0.000000
0.090000 0.390000 0.000000
0.090000 0.400000 0.000000
0.090000 0.410000 0.000000
0.090000 0.420000 0.000000
0.090000 0.430000 0.000000
0.090000 0.440000 0.000000
0.090000 0.450000 0.000000
0.090000 0.460000 0.000000
0.090000 0.470000 0.000000
0.090000 0.480000 0.000000
0.090000 0.490000 0.000000
0.100000 0.000000 0.010961
0.100000 0.010000 0.011500
0.100000 0.020000 0.011620
0.100000 0.030000 0.000000
0.100000 0.040000 0.000000
0.100000 0.050000 0.010711
0.100000 0.060000 0.010153
0.100000 0.070000 0.009484
0.100000 0.080000 0.009779
0.100000 0.090000 0.010438
0.100000 0.100000 0.010347
0.100000 0.110000 0.009814
0.100000 0.120000 0.009315
0.100000 0.130000 0.008910
0.100000 0.140000 0.008511
0.100000 0.150000 0.008212
0.100000 0.160000 0.007941
0.100000 0.170000 0.007699
0.100000 0.180000 0.000000
0.100000 0.190000 0.000000
0.100000 0.200000 0.000000
0.100000 0.210000 0.000000
0.100000 0.220000 0.000000
0.100000 0.230000 0.000000
0.100000 0.240000 0.000000
0.100000 0.250000 0.000000
0.100000 0.260000 0.000000
0.100000 0.270000 0.000000
0.100000 0.280000 0.000000
0.100000 0.290000 0.000000
0.100000 0.300000 0.000000
0.100000 0.310000 0.000000
0.100000 0.320000 0.000000
0.100000 0.330000 0.000000
0.100000 0.340000 0.000000
0.100000 0.350000 0.000000
0.100000 0.360000 0.000000
0.100000 0.370000 0.000000
0.100000 0.380000 0.000000
0.100000 0.390000 0.000000
0.100000 0.400000 0.000000
0.100000 0.410000 0.000000
0.100000 0.420000 0.000000
0.100000 0.430000 0.000000
0.100000 0.440000 0.000000
0.100000 0.450000 0.000000
0.100000 0.460000 0.000000
0.100000 0.470000 0.000000
0.100000 0.480000 0.000000
0.100000 0.490000 0.000000
0.110000 0.000000 0.000000
0.110000 0.010000 0.009111
0.110000 0.020000 0.008960
0.110000 0.030000 0.008758
0.110000 0.040000 0.008640
0.110000 0.050000 0.008653
0.110000 0.060000 0.000000
0.110000 0.070000 0.000000
0.110000 0.080000 0.007853
0.110000 0.090000 0.007358
0.110000 0.100000 0.007246
0.110000 0.110000 0.007630
0.110000 0.120000 0.000000
0.110000 0.130000 0.008417
0.110000 0.140000 0.007880
0.110000 0.150000 0.007631
0.110000 0.160000 0.007359
0.110000 0.170000 0.007082
0.110000 0.180000 0.006590
0.110000 0.190000 0.006081
0.110000 0.200000 0.005569
0.110000 0.210000 0.005158
0.110000 0.220000 0.004861
0.110000 0.230000 0.004600
0.110000 0.240000 0.004373
0.110000 0.250000 0.000000
0.110000 0.260000 0.000000
0.110000 0.270000 0.000000
0.110000 0.280000 0.000000
0.110000 0.290000 0.000000
0.110000 0.300000 0.000000
0.110000 0.310000 0.000000
0.110000 0.320000 0.000000
0.110000 0.330000 0.000000
0.110000 0.340000 0.000000
0.110000 0.350000 0.000000
0.110000 0.360000 0.000000
0.110000 0.370000 0.000000
0.110000 0.380000 0.000000
0.110000 0.390000 0.000000
0.110000 0.400000 0.000000
0.110000 0.410000 0.000000
0.110000 0.420000 0.000000
0.110000 0.430000 0.000000
0.110000 0.440000 0.000000
0.110000 0.450000 0.000000
0.110000 0.460000 0.000000
0.110000 0.470000 0.000000
0.110000 0.480000 0.000000
0.110000 0.490000 0.000000
0.120000 0.000000 0.000000
0.120000 0.010000 0.000000
0.120000 0.020000 0.000000
0.120000 0.030000 0.000000
0.120000 0.040000 0.006478
0.120000 0.050000 0.006267
0.120000 0.060000 0.006075
0.120000 0.070000 0.005966
0.120000 0.080000 0.005956
0.120000 0.090000 0.000000
0.120000 0.100000 0.000000
0.120000 0.110000 0.005941
0.120000 0.120000 0.005783
0.120000 0.130000 0.005628
0.120000 0.140000 0.005938
0.120000 0.150000 0.000000
0.120000 0.160000 0.000000
0.120000 0.170000 0.000000
0.120000 0.180000 0.000000
0.120000 0.190000 0.000000
0.120000 0.200000 0.000000
0.120000 0.210000 0.004651
0.120000 0.220000 0.004411
0.120000 0.230000 0.004146
0.120000 0.240000 0.003873
0.120000 0.250000 0.003357
0.120000 0.260000 0.002829
0.120000 0.270000 0.002304
0.120000 0.280000 0.001896
0.120000 0.290000 0.001610
0.120000 0.300000 0.001377
0.120000 0.310000 0.000000
0.120000 0.320000 0.000000
0.120000 0.330000 0.000000
0.120000 0.340000 0.000000
0.120000 0.350000 0.000000
0.120000 0.360000 0.000000
0.120000 0.370000 0.000000
0.120000 0.380000 0.000000
0.120000 0.390000 0.000000
0.120000 0.400000 0.000000
0.120000 0.410000 0.000000
0.120000 0.420000 0.000000
0.120000 0.430000 0.000000
0.120000 0.440000 0.000000
0.120000 0.450000 0.000000
0.120000 0.460000 0.000000
0.120000 0.470000 0.000000
0.120000 0.480000 0.000000
0.120000 0.490000 0.000000
0.130000 0.000000 0.000000
0.130000 0.010000 0.000000
0.130000 0.020000 0.000000
0.130000 0.030000 0.000000
0.130000 0.040000 0.000000
0.130000 0.050000 0.000000
0.130000 0.060000 0.000000
0.130000 0.070000 0.004115
0.130000 0.080000 0.003934
0.130000 0.090000 0.003912
0.130000 0.100000 0.003894
0.130000 0.110000 0.003961
0.130000 0.120000 0.000000
0.130000 0.130000 0.000000
0.130000 0.140000 0.004239
0.130000 0.150000 0.004045
0.130000 0.160000 0.004022
0.130000 0.170000 0.003988
0.130000 0.180000 0.000000
0.130000 0.190000 0.000000
0.130000 0.200000 0.000000
0.130000 0.210000 0.000000
0.130000 0.220000 0.000000
0.130000 0.230000 0.000000
0.130000 0.240000 0.000000
0.130000 0.250000 0.000000
0.130000 0.260000 0.000000
0.130000 0.270000 0.000000
0.130000 0.280000 0.001507
0.130000 0.290000 0.001273
0.130000 0.300000 0.001001
0.130000 0.310000 0.000491
0.130000 0.320000 -0.000043
0.130000 0.330000 -0.000585
0.130000 0.340000 -0.001117
0.130000 0.350000 -0.001516
0.130000 0.360000 -0.001777
0.130000 0.370000 0.000000
0.130000 0.380000 0.000000
0.130000 0.390000 0.000000
0.130000 0.400000 0.000000
0.130000 0.410000 0.000000
0.130000 0.420000 0.000000
0.130000 0.430000 0.000000
0.130000 0.440000 0.000000
0.130000 0.450000 0.000000
0.130000 0.460000 0.000000
0.130000 0.470000 0.000000
0.130000 0.480000 0.000000
0.130000 0.490000 0.000000
0.140000 0.000000 0.000000
0.140000 0.010000 0.000000
0.140000 0.020000 0.000000
0.140000 0.030000 0.000000
0.140000 0.040000 0.000000
0.140000 0.050000 0.000000
0.140000 0.060000 0.000000
0.140000 0.070000 0.000000
0.140000 0.080000 0.000000
0.140000 0.090000 0.000000
0.140000 0.100000 0.000000
0.140000 0.110000 0.002142
0.140000 0.120000 0.002171
0.140000 0.130000 0.002195
0.140000 0.140000 0.002305
0.140000 0.150000 0.002495
0.140000 0.160000 0.002796
0.140000 0.170000 0.002428
0.140000 0.180000 0.002149
0.140000 0.190000 0.002021
0.140000 0.200000 0.001886
0.140000 0.210000 0.000000
0.140000 0.220000 0.000000
0.140000 0.230000 0.000000
0.140000 0.240000 0.000000
0.140000 0.250000 0.000000
0.140000 0.260000 0.000000
0.140000 0.270000 0.000000
0.140000 0.280000 0.000000
0.140000 0.290000 0.000000
0.140000 0.300000 0.000000
0.140000 0.310000 0.000000
0.140000 0.320000 0.000000
0.140000 0.330000 0.000000
0.140000 0.340000 0.000000
0.140000 0.350000 -0.001807
0.140000 0.360000 -0.002044
0.140000 0.370000 -0.002532
0.140000 0.380000 -0.003058
0.140000 0.390000 -0.003606
0.140000 0.400000 -0.004157
0.140000 0.410000 -0.004688
0.140000 0.420000 -0.005184
0.140000 0.430000 -0.005540
0.140000 0.440000 0.000000
0.140000 0.450000 0.000000
0.140000 0.460000 0.000000
0.140000 0.470000 0.000000
0.140000 0.480000 0.000000
0.140000 0.490000 0.000000
0.150000 0.000000 0.006084
0.150000 0.010000 0.000000
0.150000 0.020000 0.000000
0.150000 0.030000 0.000000
0.150000 0.040000 0.000000
0.150000 0.050000 0.000000
0.150000 0.060000 0.000000
0.150000 0.070000 0.000000
0.150000 0.080000 0.000000
0.150000 0.090000 0.000000
0.150000 0.100000 0.000000
0.150000 0.110000 0.000000
0.150000 0.120000 0.000000
0.150000 0.130000 0.000000
0.150000 0.140000 0.000490
0.150000 0.150000 0.000306
0.150000 0.160000 -0.000068
0.150000 0.170000 0.000453
0.150000 0.180000 0.000626
0.150000 0.190000 0.000797
0.150000 0.200000 0.000337
0.150000 0.210000 -0.000000
0.150000 0.220000 -0.000123
0.150000 0.230000 0.000000
0.150000 0.240000 0.000000
0.150000 0.250000 0.000000
0.150000 0.260000 0.000000
0.150000 0.270000 0.000000
0.150000 0.280000 0.000000
0.150000 0.290000 0.000000
0.150000 0.300000 0.000000
0.150000 0.310000 0.000000
0.150000 0.320000 0.000000
0.150000 0.330000 0.000000
0.150000 0.340000 0.000000
0.150000 0.350000 0.000000
0.150000 0.360000 0.000000
0.150000 0.370000 0.000000
0.150000 0.380000 0.000000
0.150000 0.390000 0.000000
0.150000 0.400000 0.000000
0.150000 0.410000 0.000000
0.150000 0.420000 0.000000
0.150000 0.430000 -0.005811
0.150000 0.440000 -0.006199
0.150000 0.450000 -0.006600
0.150000 0.460000 -0.007086
0.150000 0.470000 -0.007398
0.150000 0.480000 0.000000
0.150000 0.490000 0.000000
0.160000 0.000000 0.006095
0.160000 0.010000 0.005311
0.160000 0.020000 0.004938
0.160000 0.030000 0.004570
0.160000 0.040000 0.004203
0.160000 0.050000 0.003836
0.160000 0.060000 0.003469
0.160000 0.070000 0.003102
0.160000 0.080000 0.002735
0.160000 0.090000 0.002368
0.160000 0.100000 0.002002
0.160000 0.110000 0.001635
0.160000 0.120000 0.001268
0.160000 0.130000 0.000901
0.160000 0.140000 0.000534
0.160000 0.150000 0.000212
0.160000 0.160000 -0.000204
0.160000 0.170000 -0.000836
0.160000 0.180000 -0.001246
0.160000 0.190000 -0.001806
0.160000 0.200000 -0.001639
0.160000 0.210000 -0.001552
0.160000 0.220000 -0.001382
0.160000 0.230000 -0.001696
0.160000 0.240000 -0.002288
0.160000 0.250000 -0.002481
0.160000 0.260000 -0.002421
0.160000 0.270000 -0.002750
0.160000 0.280000 -0.003246
0.160000 0.290000 -0.003425
0.160000 0.300000 -0.003604
0.160000 0.310000 -0.003782
0.160000 0.320000 -0.003961
0.160000 0.330000 -0.004140
0.160000 0.340000 -0.004319
0.160000 0.350000 -0.004498
0.160000 0.360000 -0.004676
0.160000 0.370000 -0.004855
0.160000 0.380000 -0.005034
0.160000 0.390000 -0.005213
0.160000 0.400000 -0.005392
0.160000 0.410000 -0.005570
0.160000 0.420000 -0.005749
0.160000 0.430000 -0.005928
0.160000 0.440000 -0.006225
0.160000 0.450000 -0.006545
0.160000 0.460000 -0.007215
0.160000 0.470000 -0.007414
0.160000 0.480000 0.000000
0.160000 0.490000 0.000000
0.170000 0.000000 0.000000
0.170000 0.010000 0.000000
0.170000 0.020000 0.000000
0.170000 0.030000 0.000000
0.170000 0.040000 0.000000
0.170000 0.050000 0.000000
0.170000 0.060000 0.000000
0.170000 0.070000 0.000000
0.170000 0.080000 0.000000
0.170000 0.090000 0.000000
0.170000 0.100000 0.000000
0.170000 0.110000 0.000000
0.170000 0.120000 0.000000
0.170000 0.130000 0.000000
0.170000 0.140000 0.000000
0.170000 0.150000 0.000000
0.170000 0.160000 0.000000
0.170000 0.170000 0.000000
0.170000 0.180000 0.000000
0.170000 0.190000 0.000000
0.170000 0.200000 -0.003102
0.170000 0.210000 -0.003370
0.170000 0.220000 -0.003936
0.170000 0.230000 -0.004129
0.170000 0.240000 -0.003959
0.170000 0.250000 -0.003814
0.170000 0.260000 -0.004197
0.170000 0.270000 -0.004568
0.170000 0.280000 -0.004497
0.170000 0.290000 0.000000
0.170000 0.300000 0.000000
0.170000 0.310000 0.000000
0.170000 0.320000 0.000000
0.170000 0.330000 0.000000
0.170000 0.340000 0.000000
0.170000 0.350000 0.000000
0.170000 0.360000 0.000000
0.170000 0.370000 0.000000
0.170000 0.380000 0.000000
0.170000 0.390000 0.000000
0.170000 0.400000 0.000000
0.170000 0.410000 0.000000
0.170000 0.420000 0.000000
0.170000 0.430000 0.000000
0.170000 0.440000 0.000000
0.170000 0.450000 0.000000
0.170000 0.460000 0.000000
0.170000 0.470000 -0.007274
0.170000 0.480000 0.000000
0.170000 0.490000 0.000000
0.180000 0.000000 0.000000
0.180000 0.010000 0.000000
0.180000 0.020000 0.000000
0.180000 0.030000 0.000000
0.180000 0.040000 0.000000
0.180000 0.050000 0.000000
0.180000 0.060000 0.000000
0.180000 0.070000 0.000000
0.180000 0.080000 0.000000
0.180000 0.090000 0.000000
0.180000 0.100000 0.000000
0.180000 0.110000 0.000000
0.180000 0.120000 0.000000
0.180000 0.130000 0.000000
0.180000 0.140000 0.000000
0.180000 0.150000 0.000000
0.180000 0.160000 0.000000
0.180000 0.170000 0.000000
0.180000 0.180000 0.000000
0.180000 0.190000 0.000000
0.180000 0.200000 0.000000
0.180000 0.210000 0.000000
0.180000 0.220000 0.000000
0.180000 0.230000 0.000000
0.180000 0.240000 -0.005643
0.180000 0.250000 -0.006111
0.180000 0.260000 -0.006302
0.180000 0.270000 -0.006024
0.180000 0.280000 -0.005738
0.180000 0.290000 -0.005875
0.180000 0.300000 -0.006065
0.180000 0.310000 -0.006189
0.180000 0.320000 0.000000
0.180000 0.330000 0.000000
0.180000 0.340000 0.000000
0.180000 0.350000 0.000000
0.180000 0.360000 0.000000
0.180000 0.370000 0.000000
0.180000 0.380000 0.000000
0.180000 0.390000 0.000000
0.180000 0.400000 0.000000
0.180000 0.410000 0.000000
0.180000 0.420000 0.000000
0.180000 0.430000 0.000000
0.180000 0.440000 0.000000
0.180000 0.450000 0.000000
0.180000 0.460000 0.000000
0.180000 0.470000 0.000000
0.180000 0.480000 0.000000
0.180000 0.490000 0.000000
0.190000 0.000000 0.000000
0.190000 0.010000 0.000000
0.190000 0.020000 0.000000
0.190000 0.030000 0.000000
0.190000 0.040000 0.000000
0.190000 0.050000 0.000000
0.190000 0.060000 0.000000
0.190000 0.070000 0.000000
0.190000 0.080000 0.000000
0.190000 0.090000 0.000000
0.190000 0.100000 0.000000
0.190000 0.110000 0.000000
0.190000 0.120000 0.000000
0.190000 0.130000 0.000000
0.190000 0.140000 0.000000
0.190000 0.150000 0.000000
0.190000 0.160000 0.000000
0.190000 0.170000 0.000000
0.190000 0.180000 0.000000
0.190000 0.190000 0.000000
0.190000 0.200000 0.000000
0.190000 0.210000 0.000000
0.190000 0.220000 0.000000
0.190000 0.230000 0.000000
0.190000 0.240000 0.000000
0.190000 0.250000 0.000000
0.190000 0.260000 0.000000
0.190000 0.270000 -0.007405
0.190000 0.280000 -0.007775
0.190000 0.290000 -0.007979
0.190000 0.300000 -0.008039
0.190000 0.310000 -0.008056
0.190000 0.320000 -0.007994
0.190000 0.330000 -0.008098
0.190000 0.340000 0.000000
0.190000 0.350000 0.000000
0.190000 0.360000 0.000000
0.190000 0.370000 0.000000
0.190000 0.380000 0.000000
0.190000 0.390000 0.000000
0.190000 0.400000 0.000000
0.190000 0.410000 0.000000
0.190000 0.420000 0.000000
0.190000 0.430000 0.000000
0.190000 0.440000 0.000000
0.190000 0.450000 0.000000
0.190000 0.460000 0.000000
0.190000 0.470000 0.000000
0.190000 0.480000 0.000000
0.190000 0.490000 0.000000
0.200000 0.000000 0.000000
0.200000 0.010000 0.000000
0.200000 0.020000 0.000000
0.200000 0.030000 0.000000
0.200000 0.040000 0.000000
0.200000 0.050000 0.000000
0.200000 0.060000 0.000000
0.200000 0.070000 0.000000
0.200000 0.080000 0.000000
0.200000 0.090000 0.000000
0.200000 0.100000 0.000000
0.200000 0.110000 0.000000
0.200000 0.120000 0.000000
0.200000 0.130000 0.000000
0.200000 0.140000 0.000000
0.200000 0.150000 0.000000
0.200000 0.160000 0.000000
0.200000 0.170000 0.000000
0.200000 0.180000 0.000000
0.200000 0.190000 0.000000
0.200000 0.200000 0.000000
0.200000 0.210000 0.000000
0.200000 0.220000 0.000000
0.200000 0.230000 0.000000
0.200000 0.240000 0.000000
0.200000 0.250000 0.000000
0.200000 0.260000 0.000000
0.200000 0.270000 0.000000
0.200000 0.280000 0.000000
0.200000 0.290000 0.000000
0.200000 0.300000 -0.009105
0.200000 0.310000 -0.009294
0.200000 0.320000 -0.009697
0.200000 0.330000 -0.009850
0.200000 0.340000 -0.009952
0.200000 0.350000 -0.009873
0.200000 0.360000 -0.009820
0.200000 0.370000 0.000000
0.200000 0.380000 0.000000
0.200000 0.390000 0.000000
0.200000 0.400000 0.000000
0.200000 0.410000 0.000000
0.200000 0.420000 0.000000
0.200000 0.430000 0.000000
0.200000 0.440000 0.000000
0.200000 0.450000 0.000000
0.200000 0.460000 0.000000
0.200000 0.470000 0.000000
0.200000 0.480000 0.000000
0.200000 0.490000 0.000000
0.210000 0.000000 0.000000
0.210000 0.010000 0.000000
0.210000 0.020000 0.000000
0.210000 0.030000 0.000000
0.210000 0.040000 0.000000
0.210000 0.050000 0.000000
0.210000 0.060000 0.000000
0.210000 0.070000 0.000000
0.210000 0.080000 0.000000
0.210000 0.090000 0.000000
0.210000 0.100000 0.000000
0.210000 0.110000 0.000000
0.210000 0.120000 0.000000
0.210000 0.130000 0.000000
0.210000 0.140000 0.000000
0.210000 0.150000 0.000000
0.210000 0.160000 0.000000
0.210000 0.170000 0.000000
0.210000 0.180000 0.000000
0.210000 0.190000 0.000000
0.210000 0.200000 0.000000
0.210000 0.210000 0.000000
0.210000 0.220000 0.000000
0.210000 0.230000 0.000000
0.210000 0.240000 0.000000
0.210000 0.250000 0.000000
0.210000 0.260000 0.000000
0.210000 0.270000 0.000000
0.210000 0.280000 0.000000
0.210000 0.290000 0.000000
0.210000 0.300000 0.000000
0.210000 0.310000 0.000000
0.210000 0.320000 0.000000
0.210000 0.330000 -0.010759
0.210000 0.340000 -0.010986
0.210000 0.350000 -0.011405
0.210000 0.360000 -0.011789
0.210000 0.370000 -0.012031
0.210000 0.380000 -0.012022
0.210000 0.390000 -0.011993
0.210000 0.400000 0.000000
0.210000 0.410000 0.000000
0.210000 0.420000 0.000000
0.210000 0.430000 0.000000
0.210000 0.440000 0.000000
0.210000 0.450000 0.000000
0.210000 0.460000 0.000000
0.210000 0.470000 0.000000
0.210000 0.480000 0.000000
0.210000 0.490000 0.000000
0.220000 0.000000 0.000000
0.220000 0.010000 0.000000
0.220000 0.020000 0.000000
0.220000 0.030000 0.000000
0.220000 0.040000 0.000000
0.220000 0.050000 0.000000
0.220000 0.060000 0.000000
0.220000 0.070000 0.000000
0.220000 0.080000 0.000000
0.220000 0.090000 0.000000
0.220000 0.100000 0.000000
0.220000 0.110000 0.000000
0.220000 0.120000 0.000000
0.220000 0.130000 0.000000
0.220000 0.140000 0.000000
0.220000 0.150000 0.000000
0.220000 0.160000 0.000000
0.220000 0.170000 0.000000
0.220000 0.180000 0.000000
0.220000 0.190000 0.000000
0.220000 0.200000 0.000000
0.220000 0.210000 0.000000
0.220000 0.220000 0.000000
0.220000 0.230000 0.000000
0.220000 0.240000 0.000000
0.220000 0.250000 0.000000
0.220000 0.260000 0.000000
0.220000 0.270000 0.000000
0.220000 0.280000 0.000000
0.220000 0.290000 0.000000
0.220000 0.300000 0.000000
0.220000 0.310000 0.000000
0.220000 0.320000 0.000000
0.220000 0.330000 0.000000
0.220000 0.340000 0.000000
0.220000 0.350000 0.000000
0.220000 0.360000 0.000000
0.220000 0.370000 -0.012937
0.220000 0.380000 -0.013279
0.220000 0.390000 -0.013644
0.220000 0.400000 -0.013894
0.220000 0.410000 -0.013822
0.220000 0.420000 -0.013901
0.220000 0.430000 0.000000
0.220000 0.440000 0.000000
0.220000 0.450000 0.000000
0.220000 0.460000 0.000000
0.220000 0.470000 0.000000
0.220000 0.480000 0.000000
0.220000 0.490000 0.000000
0.230000 0.000000 0.000000
0.230000 0.010000 0.000000
0.230000 0.020000 0.000000
0.230000 0.030000 0.000000
0.230000 0.040000 0.000000
0.230000 0.050000 0.000000
0.230000 0.060000 0.000000
0.230000 0.070000 0.000000
0.230000 0.080000 0.000000
0.230000 0.090000 0.000000
0.230000 0.100000 0.000000
0.230000 0.110000 0.000000
0.230000 0.120000 0.000000
0.230000 0.130000 0.000000
0.230000 0.140000 0.000000
0.230000 0.150000 0.000000
0.230000 0.160000 0.000000
0.230000 0.170000 0.000000
0.230000 0.180000 0.000000
0.230000 0.190000 0.000000
0.230000 0.200000 0.000000
0.230000 0.210000 0.000000
0.230000 0.220000 0.000000
0.230000 0.230000 0.000000
0.230000 0.240000 0.000000
0.230000 0.250000 0.000000
0.230000 0.260000 0.000000
0.230000 0.270000 0.000000
0.230000 0.280000 0.000000
0.230000 0.290000 0.000000
0.230000 0.300000 0.000000
0.230000 0.310000 0.000000
0.230000 0.320000 0.000000
0.230000 0.330000 0.000000
0.230000 0.340000 0.000000
0.230000 0.350000 0.000000
0.230000 0.360000 0.000000
0.230000 0.370000 0.000000
0.230000 0.380000 0.000000
0.230000 0.390000 0.000000
0.230000 0.400000 -0.014615
0.230000 0.410000 -0.015013
0.230000 0.420000 -0.015271
0.230000 0.430000 -0.015526
0.230000 0.440000 -0.015607
0.230000 0.450000 -0.015641
0.230000 0.460000 0.000000
0.230000 0.470000 0.000000
0.230000 0.480000 0.000000
0.230000 0.490000 0.000000
0.240000 0.000000 0.000000
0.240000 0.010000 0.000000
0.240000 0.020000 0.000000
0.240000 0.030000 0.000000
0.240000 0.040000 0.000000
0.240000 0.050000 0.000000
0.240000 0.060000 0.000000
0.240000 0.070000 0.000000
0.240000 0.080000 0.000000
0.240000 0.090000 0.000000
0.240000 0.100000 0.000000
0.240000 0.110000 0.000000
0.240000 0.120000 0.000000
0.240000 0.130000 0.000000
0.240000 0.140000 0.000000
0.240000 0.150000 0.000000
0.240000 0.160000 0.000000
0.240000 0.170000 0.000000
0.240000 0.180000 0.000000
0.240000 0.190000 0.000000
0.240000 0.200000 0.000000
0.240000 0.210000 0.000000
0.240000 0.220000 0.000000
0.240000 0.230000 0.000000
0.240000 0.240000 0.000000
0.240000 0.250000 0.000000
0.240000 0.260000 0.000000
0.240000 0.270000 0.000000
0.240000 0.280000 0.000000
0.240000 0.290000 0.000000
0.240000 0.300000 0.000000
0.240000 0.310000 0.000000
0.240000 0.320000 0.000000
0.240000 0.330000 0.000000
0.240000 0.340000 0.000000
0.240000 0.350000 0.000000
0.240000 0.360000 0.000000
0.240000 0.370000 0.000000
0.240000 0.380000 0.000000
0.240000 0.390000 0.000000
0.240000 0.400000 0.000000
0.240000 0.410000 0.000000
0.240000 0.420000 0.000000
0.240000 0.430000 -0.015996
0.240000 0.440000 -0.016244
0.240000 0.450000 -0.016545
0.240000 0.460000 -0.016802
0.240000 0.470000 -0.016924
0.240000 0.480000 0.000000
0.240000 0.490000 0.000000
0.250000 0.000000 0.000000
0.250000 0.010000 0.000000
0.250000 0.020000 0.000000
0.250000 0.030000 0.000000
0.250000 0.040000 0.000000
0.250000 0.050000 0.000000
0.250000 0.060000 0.000000
0.250000 0.070000 0.000000
0.250000 0.080000 0.000000
0.250000 0.090000 0.000000
0.250000 0.100000 0.000000
0.250000 0.110000 0.000000
0.250000 0.120000 0.000000
0.250000 0.130000 0.000000
0.250000 0.140000 0.000000
0.250000 0.150000 0.000000
0.250000 0.160000 0.000000
0.250000 0.170000 0.000000
0.250000 0.180000 0.000000
0.250000 0.190000 0.000000
0.250000 0.200000 0.000000
0.250000 0.210000 0.000000
0.250000 0.220000 0.000000
0.250000 0.230000 0.000000
0.250000 0.240000 0.000000
0.250000 0.250000 0.000000
0.250000 0.260000 0.000000
0.250000 0.270000 0.000000
0.250000 0.280000 0.000000
0.250000 0.290000 0.000000
0.250000 0.300000 0.000000
0.250000 0.310000 0.000000
0.250000 0.320000 0.000000
0.250000 0.330000 0.000000
0.250000 0.340000 0.000000
0.250000 0.350000 0.000000
0.250000 0.360000 0.000000
0.250000 0.370000 0.000000
0.250000 0.380000 0.000000
0.250000 0.390000 0.000000
0.250000 0.400000 0.000000
0.250000 0.410000 0.000000
0.250000 0.420000 0.000000
0.250000 0.430000 0.000000
0.250000 0.440000 0.000000
0.250000 0.450000 0.000000
0.250000 0.460000 -0.017077
0.250000 0.470000 -0.017597
0.250000 0.480000 0.000000
0.250000 0.490000 0.000000
0.260000 0.000000 0.000000
0.260000 0.010000 0.000000
0.260000 0.020000 0.000000
0.260000 0.030000 0.000000
0.260000 0.040000 0.000000
0.260000 0.050000 0.000000
0.260000 0.060000 0.000000
0.260000 0.070000 0.000000
0.260000 0.080000 0.000000
0.260000 0.090000 0.000000
0.260000 0.100000 0.000000
0.260000 0.110000 0.000000
0.260000 0.120000 0.000000
0.260000 0.130000 0.000000
0.260000 0.140000 0.000000
0.260000 0.150000 0.000000
0.260000 0.160000 0.000000
0.260000 0.170000 0.000000
0.260000 0.180000 0.000000
0.260000 0.190000 0.000000
0.260000 0.200000 0.000000
0.260000 0.210000 0.000000
0.260000 0.220000 0.000000
0.260000 0.230000 0.000000
0.260000 0.240000 0.000000
0.260000 0.250000 0.000000
0.260000 0.260000 0.000000
0.260000 0.270000 0.000000
0.260000 0.280000 0.000000
0.260000 0.290000 0.000000
0.260000 0.300000 0.000000
0.260000 0.310000 0.000000
0.260000 0.320000 0.000000
0.260000 0.330000 0.000000
0.260000 0.340000 0.000000
0.260000 0.350000 0.000000
0.260000 0.360000 0.000000
0.260000 0.370000 0.000000
0.260000 0.380000 0.000000
0.260000 0.390000 0.000000
0.260000 0.400000 0.000000
0.260000 0.410000 0.000000
0.260000 0.420000 0.000000
0.260000 0.430000 0.000000
0.260000 0.440000 0.000000
0.260000 0.450000 0.000000
0.260000 0.460000 0.000000
0.260000 0.470000 0.000000
0.260000 0.480000 0.000000
0.260000 0.490000 0.000000
0.270000 0.000000 0.018495
0.270000 0.010000 0.018153
0.270000 0.020000 0.017810
0.270000 0.030000 0.017468
0.270000 0.040000 0.017126
0.270000 0.050000 0.016784
0.270000 0.060000 0.016442
0.270000 0.070000 0.016099
0.270000 0.080000 0.015757
0.270000 0.090000 0.015415
0.270000 0.100000 0.015073
0.270000 0.110000 0.014730
0.270000 0.120000 0.014388
0.270000 0.130000 0.014046
0.270000 0.140000 0.013703
0.270000 0.150000 0.013361
0.270000 0.160000 0.013019
0.270000 0.170000 0.012676
0.270000 0.180000 0.012334
0.270000 0.190000 0.011992
0.270000 0.200000 0.011650
0.270000 0.210000 0.011307
0.270000 0.220000 0.010965
0.270000 0.230000 0.010623
0.270000 0.240000 0.010280
0.270000 0.250000 0.009938
0.270000 0.260000 0.009596
0.270000 0.270000 0.009253
0.270000 0.280000 0.008911
0.270000 0.290000 0.008569
0.270000 0.300000 0.008226
0.270000 0.310000 0.007884
0.270000 0.320000 0.007542
0.270000 0.330000 0.007200
0.270000 0.340000 0.006857
0.270000 0.350000 0.006515
0.270000 0.360000 0.006173
0.270000 0.370000 0.005830
0.270000 0.380000 0.005488
0.270000 0.390000 0.005146
0.270000 0.400000 0.004804
0.270000 0.410000 0.004461
0.270000 0.420000 0.004119
0.270000 0.430000 0.003777
0.270000 0.440000 0.003435
0.270000 0.450000 0.003093
0.270000 0.460000 0.002750
0.270000 0.470000 0.002089
0.270000 0.480000 0.000000
0.270000 0.490000 0.000000
0.280000 0.000000 0.018495
0.280000 0.010000 0.018153
0.280000 0.020000 0.017810
0.280000 0.030000 0.017468
0.280000 0.040000 0.017126
0.280000 0.050000 0.016784
0.280000 0.060000 0.016442
0.280000 0.070000 0.016099
0.280000 0.080000 0.015757
0.280000 0.090000 0.015415
0.280000 0.100000 0.015073
0.280000 0.110000 0.014730
0.280000 0.120000 0.014388
0.280000 0.130000 0.014046
0.280000 0.140000 0.013703
0.280000 0.150000 0.013361
0.280000 0.160000 0.013019
0.280000 0.170000 0.012676
0.280000 0.180000 0.012334
0.280000 0.190000 0.011992
0.280000 0.200000 0.011650
0.280000 0.210000 0.011307
0.280000 0.220000 0.010965
0.280000 0.230000 0.010623
0.280000 0.240000 0.010280
0.280000 0.250000 0.009938
0.280000 0.260000 0.009596
0.280000 0.270000 0.009253
0.280000 0.280000 0.008911
0.280000 0.290000 0.008569
0.280000 0.300000 0.008226
0.280000 0.310000 0.007884
0.280000 0.320000 0.007542
0.280000 0.330000 0.007200
0.280000 0.340000 0.006857
0.280000 0.350000 0.006515
0.280000 0.360000 0.006173
0.280000 0.370000 0.005830
0.280000 0.380000 0.005488
0.280000 0.390000 0.005146
0.280000 0.400000 0.004804
0.280000 0.410000 0.004461
0.280000 0.420000 0.004119
0.280000 0.430000 0.003777
0.280000 0.440000 0.003435
0.280000 0.450000 0.003093
0.280000 0.460000 0.002750
0.280000 0.470000 0.002089
0.280000 0.480000 0.000000
0.280000 0.490000 0.000000
0.290000 0.000000 0.018495
0.290000 0.010000 0.018153
0.290000 0.020000 0.017810
0.290000 0.030000 0.017468
0.290000 0.040000 0.017126
0.290000 0.050000 0.016784
0.290000 0.060000 0.016442
0.290000 0.070000 0.016099
0.290000 0.080000 0.015757
0.290000 0.090000 0.015415
0.290000 0.100000 0.015073
0.290000 0.110000 0.014730
0.290000 0.120000 0.014388
0.290000 0.130000 0.014046
0.290000 0.140000 0.013703
0.290000 0.150000 0.013361
0.290000 0.160000 0.013019
0.290000 0.170000 0.012676
0.290000 0.180000 0.012334
0.290000 0.190000 0.011992
0.290000 0.200000 0.011650
0.290000 0.210000 0.011307
0.290000 0.220000 0.010965
0.290000 0.230000 0.010623
0.290000 0.240000 0.010280
0.290000 0.250000 0.009938
0.290000 0.260000 0.009596
0.290000 0.270000 0.009253
0.290000 0.280000 0.008911
0.290000 0.290000 0.008569
0.290000 0.300000 0.008226
0.290000 0.310000 0.007884
0.290000 0.320000 0.007542
0.290000 0.330000 0.007200
0.290000 0.340000 0.006857
0.290000 0.350000 0.006515
0.290000 0.360000 0.006173
0.290000 0.370000 0.005830
0.290000 0.380000 0.005488
0.290000 0.390000 0.005146
0.290000 0.400000 0.004804
0.290000 0.410000 0.004461
0.290000 0.420000 0.004119
0.290000 0.430000 0.003777
0.290000 0.440000 0.003435
0.290000 0.450000 0.003093
0.290000 0.460000 0.002750
0.290000 0.470000 0.002089
0.290000 0.480000 0.000000
0.290000 0.490000 0.000000
0.300000 0.000000 0.018495
0.300000 0.010000 0.018153
0.300000 0.020000 0.017810
0.300000 0.030000 0.017468
0.300000 0.040000 0.017126
0.300000 0.050000 0.016784
0.300000 0.060000 0.016442
0.300000 0.070000 0.016099
0.300000 0.080000 0.015757
0.300000 0.090000 0.015415
0.300000 0.100000 0.015073
0.300000 0.110000 0.014730
0.300000 0.120000 0.014388
0.300000 0.130000 0.014046
0.300000 0.140000 0.013703
0.300000 0.150000 0.013361
0.300000 0.160000 0.013019
0.300000 0.170000 0.012676
0.300000 0.180000 0.012334
0.300000 0.190000 0.011992
0.300000 0.200000 0.011650
0.300000 0.210000 0.011307
0.300000 0.220000 0.010965
0.300000 0.230000 0.010623
0.300000 0.240000 0.010280
0.300000 0.250000 0.009938
0.300000 0.260000 0.009596
0.300000 0.270000 0.009253
0.300000 0.280000 0.008911
0.300000 0.290000 0.008569
0.300000 0.300000 0.008226
0.300000 0.310000 0.007884
0.300000 0.320000 0.007542
0.300000 0.330000 0.007200
0.300000 0.340000 0.006857
0.300000 0.350000 0.006515
0.300000 0.360000 0.006173
0.300000 0.370000 0.005830
0.300000 0.380000 0.005488
0.300000 0.390000 0.005146
0.300000 0.400000 0.004804
0.300000 0.410000 0.004461
0.300000 0.420000 0.004119
0.300000 0.430000 0.003777
0.300000 0.440000 0.003435
0.300000 0.450000 0.003093
0.300000 0.460000 0.002750
0.300000 0.470000 0.002089
0.300000 0.480000 0.000000
0.300000 0.490000 0.000000
0.310000 0.000000 0.018495
0.310000 0.010000 0.018153
0.310000 0.020000 0.017810
0.310000 0.030000 0.017468
0.310000 0.040000 0.017126
0.310000 0.050000 0.016784
0.310000 0.060000 0.016442
0.310000 0.070000 0.016099
0.310000 0.080000 0.015757
0.310000 0.090000 0.015415
0.310000 0.100000 0.015073
0.310000 0.110000 0.014730
0.310000 0.120000 0.014388
0.310000 0.130000 0.014046
0.310000 0.140000 0.013703
0.310000 0.150000 0.013361
0.310000 0.160000 0.013019
0.310000 0.170000 0.012676
0.310000 0.180000 0.012334
0.310000 0.190000 0.011992
0.310000 0.200000 0.011650
0.310000 0.210000 0.011307
0.310000 0.220000 0.010965
0.310000 0.230000 0.010623
0.310000 0.240000 0.010280
0.310000 0.250000 0.009938
0.310000 0.260000 0.009596
0.310000 0.270000 0.009253
0.310000 0.280000 0.008911
0.310000 0.290000 0.008569
0.310000 0.300000 0.008226
0.310000 0.310000 0.007884
0.310000 0.320000 0.007542
0.310000 0.330000 0.007200
0.310000 0.340000 0.006857
0.310000 0.350000 0.006515
0.310000 0.360000 0.006173
0.310000 0.370000 0.005830
0.310000 0.380000 0.005488
0.310000 0.390000 0.005146
0.310000 0.400000 0.004804
0.310000 0.410000 0.004461
0.310000 0.420000 0.004119
0.310000 0.430000 0.003777
0.310000 0.440000 0.003435
0.310000 0.450000 0.003093
0.310000 0.460000 0.002750
0.310000 0.470000 0.002089
0.310000 0.480000 0.000000
0.310000 0.490000 0.000000
0.320000 0.000000 0.018495
0.320000 0.010000 0.018153
0.320000 0.020000 0.017810
0.320000 0.030000 0.017468
0.320000 0.040000 0.017126
0.320000 0.050000 0.016784
0.320000 0.060000 0.016442
0.320000 0.070000 0.016099
0.320000 0.080000 0.015757
0.320000 0.090000 0.015415
0.320000 0.100000 0.015073
0.320000 0.110000 0.014730
0.320000 0.120000 0.014388
0.320000 0.130000 0.014046
0.320000 0.140000 0.013703
0.320000 0.150000 0.013361
0.320000 0.160000 0.013019
0.320000 0.170000 0.012676
0.320000 0.180000 0.012334
0.320000 0.190000 0.011992
0.320000 0.200000 0.011650
0.320000 0.210000 0.011307
0.320000 0.220000 0.010965
0.320000 0.230000 0.010623
0.320000 0.240000 0.010280
0.320000 0.250000 0.009938
0.320000 0.260000 0.009596
0.320000 0.270000 0.009253
0.320000 0.280000 0.008911
0.320000 0.290000 0.008569
0.320000 0.300000 0.008226
0.320000 0.310000 0.007884
0.320000 0.320000 0.007542
0.320000 0.330000 0.007200
0.320000 0.340000 0.006857
0.320000 0.350000 0.006515
0.320000 0.360000 0.006173
0.320000 0.370000 0.005830
0.320000 0.380000 0.005488
0.320000 0.390000 0.005146
0.320000 0.400000 0.004804
0.320000 0.410000 0.004461
0.320000 0.420000 0.004119
0.320000 0.430000 0.003777
0.320000 0.440000 0.003435
0.320000 0.450000 0.003093
0.320000 0.460000 0.002750
0.320000 0.470000 0.002089
0.320000 0.480000 0.000000
0.320000 0.490000 0.000000
0.330000 0.000000 0.018495
0.330000 0.010000 0.018153
0.330000 0.020000 0.017810
0.330000 0.030000 0.017468
0.330000 0.040000 0.017126
0.330000 0.050000 0.016784
0.330000 0.060000 0.016442
0.330000 0.070000 0.016099
0.330000 0.080000 0.015757
0.330000 0.090000 0.015415
0.330000 0.100000 0.015073
0.330000 0.110000 0.014730
0.330000 0.120000 0.014388
0.330000 0.130000 0.014046
0.330000 0.140000 0.013703
0.330000 0.150000 0.013361
0.330000 0.160000 0.013019
0.330000 0.170000 0.012676
0.330000 0.180000 0.012334
0.330000 0.190000 0.011992
0.330000 0.200000 0.011650
0.330000 0.210000 0.011307
0.330000 0.220000 0.010965
0.330000 0.230000 0.010623
0.330000 0.240000 0.010280
0.330000 0.250000 0.009938
0.330000 0.260000 0.009596
0.330000 0.270000 0.009253
0.330000 0.280000 0.008911
0.330000 0.290000 0.008569
0.330000 0.300000 0.008226
0.330000 0.310000 0.007884
0.330000 0.320000 0.007542
0.330000 0.330000 0.007200
0.330000 0.340000 0.006857
0.330000 0.350000 0.006515
0.330000 0.360000 0.006173
0.330000 0.370000 0.005830
0.330000 0.380000 0.005488
0.330000 0.390000 0.005146
0.330000 0.400000 0.004804
0.330000 0.410000 0.004461
0.330000 0.420000 0.004119
0.330000 0.430000 0.003777
0.330000 0.440000 0.003435
0.330000 0.450000 0.003093
0.330000 0.460000 0.002750
0.330000 0.470000 0.002089
0.330000 0.480000 0.000000
0.330000 0.490000 0.000000
0.340000 0.000000 0.018495
0.340000 0.010000 0.018153
0.340000 0.020000 0.017810
0.340000 0.030000 0.017468
0.340000 0.040000 0.017126
0.340000 0.050000 0.016784
0.340000 0.060000 0.016442
0.340000 0.070000 0.016099
0.340000 0.080000 0.015757
0.340000 0.090000 0.015415
0.340000 0.100000 0.015073
0.340000 0.110000 0.014730
0.340000 0.120000 0.014388
0.340000 0.130000 0.014046
0.340000 0.140000 0.013703
0.340000 0.150000 0.013361
0.340000 0.160000 0.013019
0.340000 0.170000 0.012676
0.340000 0.180000 0.012334
0.340000 0.190000 0.011992
0.340000 0.200000 0.011650
0.340000 0.210000 0.011307
0.340000 0.220000 0.010965
0.340000 0.230000 0.010623
0.340000 0.240000 0.010280
0.340000 0.250000 0.009938
0.340000 0.260000 0.009596
0.340000 0.270000 0.009253
0.340000 0.280000 0.008911
0.340000 0.290000 0.008569
0.340000 0.300000 0.008226
0.340000 0.310000 0.007884
0.340000 0.320000 0.007542
0.340000 0.330000 0.007200
0.340000 0.340000 0.006857
0.340000 0.350000 0.006515
0.340000 0.360000 0.006173
0.340000 0.370000 0.005830
0.340000 0.380000 0.005488
0.340000 0.390000 0.005146
0.340000 0.400000 0.004804
0.340000 0.410000 0.004461
0.340000 0.420000 0.004119
0.340000 0.430000 0.003777
0.340000 0.440000 0.003435
0.340000 0.450000 0.003093
0.340000 0.460000 0.002750
0.340000 0.470000 0.002089
0.340000 0.480000 0.000000
0.340000 0.490000 0.000000
0.350000 0.000000 0.018495
0.350000 0.010000 0.018153
0.350000 0.020000 0.017810
0.350000 0.030000 0.017468
0.350000 0.040000 0.017126
0.350000 0.050000 0.016784
0.350000 0.060000 0.016442
0.350000 0.070000 0.016099
0.350000 0.080000 0.015757
0.350000 0.090000 0.015415
0.350000 0.100000 0.015073
0.350000 0.110000 0.014730
0.350000 0.120000 0.014388
0.350000 0.130000 0.014046
0.350000 0.140000 0.013703
0.350000 0.150000 0.013361
0.350000 0.160000 0.013019
0.350000 0.170000 0.012676
0.350000 0.180000 0.012334
0.350000 0.190000 0.011992
0.350000 0.200000 0.011650
0.350000 0.210000 0.011307
0.350000 0.220000 0.010965
0.350000 0.230000 0.010623
0.350000 0.240000 0.010280
0.350000 0.250000 0.009938
0.350000 0.260000 0.009596
0.350000 0.270000 0.009253
0.350000 0.280000 0.008911
0.350000 0.290000 0.008569
0.350000 0.300000 0.008226
0.350000 0.310000 0.007884
0.350000 0.320000 0.007542
0.350000 0.330000 0.007200
0.350000 0.340000 0.006857
0.350000 0.350000 0.006515
0.350000 0.360000 0.006173
0.350000 0.370000 0.005830
0.350000 0.380000 0.005488
0.350000 0.390000 0.005146
0.350000 0.400000 0.004804
0.350000 0.410000 0.004461
0.350000 0.420000 0.004119
0.350000 0.430000 0.003777
0.350000 0.440000 0.003435
0.350000 0.450000 0.003093
0.350000 0.460000 0.002750
0.350000 0.470000 0.002089
0.350000 0.480000 0.000000
0.350000 0.490000 0.000000
0.360000 0.000000 0.018495
0.360000 0.010000 0.018153
0.360000 0.020000 0.017810
0.360000 0.030000 0.017468
0.360000 0.040000 0.017126
0.360000 0.050000 0.016784
0.360000 0.060000 0.016442
0.360000 0.070000 0.016099
0.360000 0.080000 0.015757
0.360000 0.090000 0.015415
0.360000 0.100000 0.015073
0.360000 0.110000 0.014730
0.360000 0.120000 0.014388
0.360000 0.130000 0.014046
0.360000 0.140000 0.013703
0.360000 0.150000 0.013361
0.360000 0.160000 0.013019
0.360000 0.170000 0.012676
0.360000 0.180000 0.012334
0.360000 0.190000 0.011992
0.360000 0.200000 0.011650
0.360000 0.210000 0.011307
0.360000 0.220000 0.010965
0.360000 0.230000 0.010623
0.360000 0.240000 0.010280
0.360000 0.250000 0.009938
0.360000 0.260000 0.009596
0.360000 0.270000 0.009253
0.360000 0.280000 0.008911
0.360000 0.290000 0.008569
0.360000 0.300000 0.008226
0.360000 0.310000 0.007884
0.360000 0.320000 0.007542
0.360000 0.330000 0.007200
0.360000 0.340000 0.006857
0.360000 0.350000 0.006515
0.360000 0.360000 0.006173
0.360000 0.370000 0.005830
0.360000 0.380000 0.005488
0.360000 0.390000 0.005146
0.360000 0.400000 0.004804
0.360000 0.410000 0.004461
0.360000 0.420000 0.004119
0.360000 0.430000 0.003777
0.360000 0.440000 0.003435
0.360000 0.450000 0.003093
0.360000 0.460000 0.002750
0.360000 0.470000 0.002089
0.360000 0.480000 0.000000
0.360000 0.490000 0.000000
0.370000 0.000000 0.018495
0.370000 0.010000 0.018153
0.370000 0.020000 0.017810
0.370000 0.030000 0.017468
0.370000 0.040000 0.017126
0.370000 0.050000 0.016784
0.370000 0.060000 0.016442
0.370000 0.070000 0.016099
0.370000 0.080000 0.015757
0.370000 0.090000 0.015415
0.370000 0.100000 0.015072
0.370000 0.110000 0.014730
0.370000 0.120000 0.014388
0.370000 0.130000 0.014046
0.370000 0.140000 0.013703
0.370000 0.150000 0.013361
0.370000 0.160000 0.013019
0.370000 0.170000 0.012676
0.370000 0.180000 0.012334
0.370000 0.190000 0.011992
0.370000 0.200000 0.011650
0.370000 0.210000 0.011307
0.370000 0.220000 0.010965
0.370000 0.230000 0.010623
0.370000 0.240000 0.010280
0.370000 0.250000 0.009938
0.370000 0.260000 0.009596
0.370000 0.270000 0.009253
0.370000 0.280000 0.008911
0.370000 0.290000 0.008569
0.370000 0.300000 0.008226
0.370000 0.310000 0.007884
0.370000 0.320000 0.007542
0.370000 0.330000 0.007200
0.370000 0.340000 0.006857
0.370000 0.350000 0.006515
0.370000 0.360000 0.006173
0.370000 0.370000 0.005830
0.370000 0.380000 0.005488
0.370000 0.390000 0.005146
0.370000 0.400000 0.004804
0.370000 0.410000 0.004461
0.370000 0.420000 0.004119
0.370000 0.430000 0.003777
0.370000 0.440000 0.003435
0.370000 0.450000 0.003093
0.370000 0.460000 0.002750
0.370000 0.470000 0.002089
0.370000 0.480000 0.000000
0.370000 0.490000 0.000000
0.380000 0.000000 0.018495
0.380000 0.010000 0.018153
0.380000 0.020000 0.017810
0.380000 0.030000 0.017468
0.380000 0.040000 0.017126
0.380000 0.050000 0.016784
0.380000 0.060000 0.016442
0.380000 0.070000 0.016099
0.380000 0.080000 0.015757
0.380000 0.090000 0.015415
0.380000 0.100000 0.015072
0.380000 0.110000 0.014730
0.380000 0.120000 0.014388
0.380000 0.130000 0.014046
0.380000 0.140000 0.013703
0.380000 0.150000 0.013361
0.380000 0.160000 0.013019
0.380000 0.170000 0.012676
0.380000 0.180000 0.012334
0.380000 0.190000 0.011992
0.380000 0.200000 0.011650
0.380000 0.210000 0.011307
0.380000 0.220000 0.010965
0.380000 0.230000 0.010623
0.380000 0.240000 0.010280
0.380000 0.250000 0.009938
0.380000 0.260000 0.009596
0.380000 0.270000 0.009253
0.380000 0.280000 0.008911
0.380000 0.290000 0.008569
0.380000 0.300000 0.008226
0.380000 0.310000 0.007884
0.380000 0.320000 0.007542
0.380000 0.330000 0.007200
0.380000 0.340000 0.006857
0.380000 0.350000 0.006515
0.380000 0.360000 0.006173
0.380000 0.370000 0.005830
0.380000 0.380000 0.005488
0.380000 0.390000 0.005146
0.380000 0.400000 0.004804
0.380000 0.410000 0.004461
0.380000 0.420000 0.004119
0.380000 0.430000 0.003777
0.380000 0.440000 0.003435
0.380000 0.450000 0.003093
0.380000 0.460000 0.002750
0.380000 0.470000 0.002089
0.380000 0.480000 0.000000
0.380000 0.490000 0.000000
0.390000 0.000000 0.018495
0.390000 0.010000 0.018153
0.390000 0.020000 0.017810
0.390000 0.030000 0.017468
0.390000 0.040000 0.017126
0.390000 0.050000 0.016784
0.390000 0.060000 0.016442
0.390000 0.070000 0.016099
0.390000 0.080000 0.015757
0.390000 0.090000 0.015415
0.390000 0.100000 0.015072
0.390000 0.110000 0.014730
0.390000 0.120000 0.014388
0.390000 0.130000 0.014046
0.390000 0.140000 0.013703
0.390000 0.150000 0.013361
0.390000 0.160000 0.013019
0.390000 0.170000 0.012676
0.390000 0.180000 0.012334
0.390000 0.190000 0.011992
0.390000 0.200000 0.011650
0.390000 0.210000 0.011307
0.390000 0.220000 0.010965
0.390000 0.230000 0.010623
0.390000 0.240000 0.010280
0.390000 0.250000 0.009938
0.390000 0.260000 0.009596
0.390000 0.270000 0.009253
0.390000 0.280000 0.008911
0.390000 0.290000 0.008569
0.390000 0.300000 0.008226
0.390000 0.310000 0.007884
0.390000 0.320000 0.007542
0.390000 0.330000 0.007200
0.390000 0.340000 0.006857
0.390000 0.350000 0.006515
0.390000 0.360000 0.006173
0.390000 0.370000 0.005830
0.390000 0.380000 0.005488
0.390000 0.390000 0.005146
0.390000 0.400000 0.004804
0.390000 0.410000 0.004461
0.390000 0.420000 0.004119
0.390000 0.430000 0.003777
0.390000 0.440000 0.003435
0.390000 0.450000 0.003093
0.390000 0.460000 0.002750
0.390000 0.470000 0.002089
0.390000 0.480000 0.000000
0.390000 0.490000 0.000000
0.400000 0.000000 0.018495
0.400000 0.010000 0.018153
0.400000 0.020000 0.017810
0.400000 0.030000 0.017468
0.400000 0.040000 0.017126
0.400000 0.050000 0.016784
0.400000 0.060000 0.016442
0.400000 0.070000 0.016099
0.400000 0.080000 0.015757
0.400000 0.090000 0.015415
0.400000 0.100000 0.015072
0.400000 0.110000 0.014730
0.400000 0.120000 0.014388
0.400000 0.130000 0.014046
0.400000 0.140000 0.013703
0.400000 0.150000 0.013361
0.400000 0.160000 0.013019
0.400000 0.170000 0.012676
0.400000 0.180000 0.012334
0.400000 0.190000 0.011992
0.400000 0.200000 0.011650
0.400000 0.210000 0.011307
0.400000 0.220000 0.010965
0.400000 0.230000 0.010623
0.400000 0.240000 0.010280
0.400000 0.250000 0.009938
0.400000 0.260000 0.009596
0.400000 0.270000 0.009253
0.400000 0.280000 0.008911
0.400000 0.290000 0.008569
0.400000 0.300000 0.008226
0.400000 0.310000 0.007884
0.400000 0.320000 0.007542
0.400000 0.330000 0.007200
0.400000 0.340000 0.006857
0.400000 0.350000 0.006515
0.400000 0.360000 0.006173
0.400000 0.370000 0.005830
0.400000 0.380000 0.005488
0.400000 0.390000 0.005146
0.400000 0.400000 0.004804
0.400000 0.410000 0.004461
0.400000 0.420000 0.004119
0.400000 0.430000 0.003777
0.400000 0.440000 0.003435
0.400000 0.450000 0.003093
0.400000 0.460000 0.002750
0.400000 0.470000 0.002089
0.400000 0.480000 0.000000
0.400000 0.490000 0.000000
0.410000 0.000000 0.018495
0.410000 0.010000 0.018153
0.410000 0.020000 0.017810
0.410000 0.030000 0.017468
0.410000 0.040000 0.017126
0.410000 0.050000 0.016784
0.410000 0.060000 0.016442
0.410000 0.070000 0.016099
0.410000 0.080000 0.015757
0.410000 0.090000 0.015415
0.410000 0.100000 0.015072
0.410000 0.110000 0.014730
0.410000 0.120000 0.014388
0.410000 0.130000 0.014046
0.410000 0.140000 0.013703
0.410000 0.150000 0.013361
0.410000 0.160000 0.013019
0.410000 0.170000 0.012676
0.410000 0.180000 0.012334
0.410000 0.190000 0.011992
0.410000 0.200000 0.011650
0.410000 0.210000 0.011307
0.410000 0.220000 0.010965
0.410000 0.230000 0.010623
0.410000 0.240000 0.010280
0.410000 0.250000 0.009938
0.410000 0.260000 0.009596
0.410000 0.270000 0.009253
0.410000 0.280000 0.008911
0.410000 0.290000 0.008569
0.410000 0.300000 0.008226
0.410000 0.310000 0.007884
0.410000 0.320000 0.007542
0.410000 0.330000 0.007200
0.410000 0.340000 0.006857
0.410000 0.350000 0.006515
0.410000 0.360000 0.006173
0.410000 0.370000 0.005830
0.410000 0.380000 0.005488
0.410000 0.390000 0.005146
0.410000 0.400000 0.004804
0.410000 0.410000 0.004461
0.410000 0.420000 0.004119
0.410000 0.430000 0.003777
0.410000 0.440000 0.003435
0.410000 0.450000 0.003093
0.410000 0.460000 0.002750
0.410000 0.470000 0.002089
0.410000 0.480000 0.000000
0.410000 0.490000 0.000000
0.420000 0.000000 0.018495
0.420000 0.010000 0.018153
0.420000 0.020000 0.017810
0.420000 0.030000 0.017468
0.420000 0.040000 0.017126
0.420000 0.050000 0.016784
0.420000 0.060000 0.016442
0.420000 0.070000 0.016099
0.420000 0.080000 0.015757
0.420000 0.090000 0.015415
0.420000 0.100000 0.015072
0.420000 0.110000 0.014730
0.420000 0.120000 0.014388
0.420000 0.130000 0.014046
0.420000 0.140000 0.013703
0.420000 0.150000 0.013361
0.420000 0.160000 0.013019
0.420000 0.170000 0.012676
0.420000 0.180000 0.012334
0.420000 0.190000 0.011992
0.420000 0.200000 0.011650
0.420000 0.210000 0.011307
0.420000 0.220000 0.010965
0.420000 0.230000 0.010623
0.420000 0.240000 0.010280
0.420000 0.250000 0.009938
0.420000 0.260000 0.009596
0.420000 0.270000 0.009253
0.420000 0.280000 0.008911
0.420000 0.290000 0.008569
0.420000 0.300000 0.008226
0.420000 0.310000 0.007884
0.420000 0.320000 0.007542
0.420000 0.330000 0.007200
0.420000 0.340000 0.006857
0.420000 0.350000 0.006515
0.420000 0.360000 0.006173
0.420000 0.370000 0.005830
0.420000 0.380000 0.005488
0.420000 0.390000 0.005146
0.420000 0.400000 0.004804
0.420000 0.410000 0.004461
0.420000 0.420000 0.004119
0.420000 0.430000 0.003777
0.420000 0.440000 0.003435
0.420000 0.450000 0.003093
0.420000 0.460000 0.002750
0.420000 0.470000 0.002089
0.420000 0.480000 0.000000
0.420000 0.490000 0.000000
0.430000 0.000000 0.018495
0.430000 0.010000 0.018153
0.430000 0.020000 0.017810
0.430000 0.030000 0.017468
0.430000 0.040000 0.017126
0.430000 0.050000 0.016784
0.430000 0.060000 0.016442
0.430000 0.070000 0.016099
0.430000 0.080000 0.015757
0.430000 0.090000 0.015415
0.430000 0.100000 0.015072
0.430000 0.110000 0.014730
0.430000 0.120000 0.014388
0.430000 0.130000 0.014046
0.430000 0.140000 0.013703
0.430000 0.150000 0.013361
0.430000 0.160000 0.013019
0.430000 0.170000 0.012676
0.430000 0.180000 0.012334
0.430000 0.190000 0.011992
0.430000 0.200000 0.011650
0.430000 0.210000 0.011307
0.430000 0.220000 0.010965
0.430000 0.230000 0.010623
0.430000 0.240000 0.010280
0.430000 0.250000 0.009938
0.430000 0.260000 0.009596
0.430000 0.270000 0.009253
0.430000 0.280000 0.008911
0.430000 0.290000 0.008569
0.430000 0.300000 0.008226
0.430000 0.310000 0.007884
0.430000 0.320000 0.007542
0.430000 0.330000 0.007200
0.430000 0.340000 0.006857
0.430000 0.350000 0.006515
0.430000 0.360000 0.006173
0.430000 0.370000 0.005830
0.430000 0.380000 0.005488
0.430000 0.390000 0.005146
0.430000 0.400000 0.004804
0.430000 0.410000 0.004461
0.430000 0.420000 0.004119
0.430000 0.430000 0.003777
0.430000 0.440000 0.003435
0.430000 0.450000 0.003093
0.430000 0.460000 0.002750
0.430000 0.470000 0.002089
0.430000 0.480000 0.000000
0.430000 0.490000 0.000000
0.440000 0.000000 0.018495
0.440000 0.010000 0.018153
0.440000 0.020000 0.017810
0.440000 0.030000 0.017468
0.440000 0.040000 0.017126
0.440000 0.050000 0.016784
0.440000 0.060000 0.016442
0.440000 0.070000 0.016099
0.440000 0.080000 0.015757
0.440000 0.090000 0.015415
0.440000 0.100000 0.015072
0.440000 0.110000 0.014730
0.440000 0.120000 0.014388
0.440000 0.130000 0.014046
0.440000 0.140000 0.013703
0.440000 0.150000 0.013361
0.440000 0.160000 0.013019
0.440000 0.170000 0.012676
0.440000 0.180000 0.012334
0.440000 0.190000 0.011992
0.440000 0.200000 0.011650
0.440000 0.210000 0.011307
0.440000 0.220000 0.010965
0.440000 0.230000 0.010623
0.440000 0.240000 0.010280
0.440000 0.250000 0.009938
0.440000 0.260000 0.009596
0.440000 0.270000 0.009253
0.440000 0.280000 0.008911
0.440000 0.290000 0.008569
0.440000 0.300000 0.008226
0.440000 0.310000 0.007884
0.440000 0.320000 0.007542
0.440000 0.330000 0.007200
0.440000 0.340000 0.006857
0.440000 0.350000 0.006515
0.440000 0.360000 0.006173
0.440000 0.370000 0.005830
0.440000 0.380000 0.005488
0.440000 0.390000 0.005146
0.440000 0.400000 0.004804
0.440000 0.410000 0.004461
0.440000 0.420000 0.004119
0.440000 0.430000 0.003777
0.440000 0.440000 0.003435
0.440000 0.450000 0.003093
0.440000 0.460000 0.002750
0.440000 0.470000 0.002089
0.440000 0.480000 0.000000
0.440000 0.490000 0.000000
0.450000 0.000000 0.018495
0.450000 0.010000 0.018153
0.450000 0.020000 0.017810
0.450000 0.030000 0.017468
0.450000 0.040000 0.017126
0.450000 0.050000 0.016784
0.450000 0.060000 0.016442
0.450000 0.070000 0.016099
0.450000 0.080000 0.015757
0.450000 0.090000 0.015415
0.450000 0.100000 0.015072
0.450000 0.110000 0.014730
0.450000 0.120000 0.014388
0.450000 0.130000 0.014046
0.450000 0.140000 0.013703
0.450000 0.150000 0.013361
0.450000 0.160000 0.013019
0.450000 0.170000 0.012676
0.450000 0.180000 0.012334
0.450000 0.190000 0.011992
0.450000 0.200000 0.011650
0.450000 0.210000 0.011307
0.450000 0.220000 0.010965
0.450000 0.230000 0.010623
0.450000 0.240000 0.010280
0.450000 0.250000 0.009938
0.450000 0.260000 0.009596
0.450000 0.270000 0.009253
0.450000 0.280000 0.008911
0.450000 0.290000 0.008569
0.450000 0.300000 0.008226
0.450000 0.310000 0.007884
0.450000 0.320000 0.007542
0.450000 0.330000 0.007200
0.450000 0.340000 0.006857
0.450000 0.350000 0.006515
0.450000 0.360000 0.006173
0.450000 0.370000 0.005830
0.450000 0.380000 0.005488
0.450000 0.390000 0.005146
0.450000 0.400000 0.004804
0.450000 0.410000 0.004461
0.450000 0.420000 0.004119
0.450000 0.430000 0.003777
0.450000 0.440000 0.003435
0.450000 0.450000 0.003093
0.450000 0.460000 0.002750
0.450000 0.470000 0.002089
0.450000 0.480000 0.000000
0.450000 0.490000 0.000000
0.460000 0.000000 0.018495
0.460000 0.010000 0.018153
0.460000 0.020000 0.017810
0.460000 0.030000 0.017468
0.460000 0.040000 0.017126
0.460000 0.050000 0.016784
0.460000 0.060000 0.016442
0.460000 0.070000 0.016099
0.460000 0.080000 0.015757
0.460000 0.090000 0.015415
0.460000 0.100000 0.015072
0.460000 0.110000 0.014730
0.460000 0.120000 0.014388
0.460000 0.130000 0.014046
0.460000 0.140000 0.013703
0.460000 0.150000 0.013361
0.460000 0.160000 0.013019
0.460000 0.170000 0.012676
0.460000 0.180000 0.012334
0.460000 0.190000 0.011992
0.460000 0.200000 0.011650
0.460000 0.210000 0.011307
0.460000 0.220000 0.010965
0.460000 0.230000 0.010623
0.460000 0.240000 0.010280
0.460000 0.250000 0.009938
0.460000 0.260000 0.009596
0.460000 0.270000 0.009253
0.460000 0.280000 0.008911
0.460000 0.290000 0.008569
0.460000 0.300000 0.008226
0.460000 0.310000 0.007884
0.460000 0.320000 0.007542
0.460000 0.330000 0.007200
0.460000 0.340000 0.006857
0.460000 0.350000 0.006515
0.460000 0.360000 0.006173
0.460000 0.370000 0.005830
0.460000 0.380000 0.005488
0.460000 0.390000 0.005146
0.460000 0.400000 0.004804
0.460000 0.410000 0.004461
0.460000 0.420000 0.004119
0.460000 0.430000 0.003777
0.460000 0.440000 0.003435
0.460000 0.450000 0.003093
0.460000 0.460000 0.002750
0.460000 0.470000 0.002089
0.460000 0.480000 0.000000
0.460000 0.490000 0.000000
0.470000 0.000000 0.018495
0.470000 0.010000 0.018153
0.470000 0.020000 0.017810
0.470000 0.030000 0.017468
0.470000 0.040000 0.017126
0.470000 0.050000 0.016784
0.470000 0.060000 0.016442
0.470000 0.070000 0.016099
0.470000 0.080000 0.015757
0.470000 0.090000 0.015415
0.470000 0.100000 0.015072
0.470000 0.110000 0.014730
0.470000 0.120000 0.014388
0.470000 0.130000 0.014046
0.470000 0.140000 0.013703
0.470000 0.150000 0.013361
0.470000 0.160000 0.013019
0.470000 0.170000 0.012676
0.470000 0.180000 0.012334
0.470000 0.190000 0.011992
0.470000 0.200000 0.011650
0.470000 0.210000 0.011307
0.470000 0.220000 0.010965
0.470000 0.230000 0.010623
0.470000 0.240000 0.010280
0.470000 0.250000 0.009938
0.470000 0.260000 0.009596
0.470000 0.270000 0.009253
0.470000 0.280000 0.008911
0.470000 0.290000 0.008569
0.470000 0.300000 0.008226
0.470000 0.310000 0.007884
0.470000 0.320000 0.007542
0.470000 0.330000 0.007200
0.470000 0.340000 0.006857
0.470000 0.350000 0.006515
0.470000 0.360000 0.006173
0.470000 0.370000 0.005830
0.470000 0.380000 0.005488
0.470000 0.390000 0.005146
0.470000 0.400000 0.004804
0.470000 0.410000 0.004461
0.470000 0.420000 0.004119
0.470000 0.430000 0.003777
0.470000 0.440000 0.003435
0.470000 0.450000 0.003093
0.470000 0.460000 0.002750
0.470000 0.470000 0.002089
0.470000 0.480000 0.000000
0.470000 0.490000 0.000000
0.480000 0.000000 0.018495
0.480000 0.010000 0.018153
0.480000 0.020000 0.017810
0.480000 0.030000 0.017468
0.480000 0.040000 0.017126
0.480000 0.050000 0.016784
0.480000 0.060000 0.016442
0.480000 0.070000 0.016099
0.480000 0.080000 0.015757
0.480000 0.090000 0.015415
0.480000 0.100000 0.015072
0.480000 0.110000 0.014730
0.480000 0.120000 0.014388
0.480000 0.130000 0.014046
0.480000 0.140000 0.013703
0.480000 0.150000 0.013361
0.480000 0.160000 0.013019
0.480000 0.170000 0.012676
0.480000 0.180000 0.012334
0.480000 0.190000 0.011992
0.480000 0.200000 0.011650
0.480000 0.210000 0.011307
0.480000 0.220000 0.010965
0.480000 0.230000 0.010623
0.480000 0.240000 0.010280
0.480000 0.250000 0.009938
0.480000 0.260000 0.009596
0.480000 0.270000 0.009253
0.480000 0.280000 0.008911
0.480000 0.290000 0.008569
0.480000 0.300000 0.008226
0.480000 0.310000 0.007884
0.480000 0.320000 0.007542
0.480000 0.330000 0.007200
0.480000 0.340000 0.006857
0.480000 0.350000 0.006515
0.480000 0.360000 0.006173
0.480000 0.370000 0.005831
0.480000 0.380000 0.005488
0.480000 0.390000 0.005146
0.480000 0.400000 0.004804
0.480000 0.410000 0.004461
0.480000 0.420000 0.004119
0.480000 0.430000 0.003777
0.480000 0.440000 0.003435
0.480000 0.450000 0.003093
0.480000 0.460000 0.002750
0.480000 0.470000 0.002089
0.480000 0.480000 0.000000
0.480000 0.490000 0.000000
0.490000 0.000000 0.018495
0.490000 0.010000 0.018153
0.490000 0.020000 0.017810
0.490000 0.030000 0.017468
0.490000 0.040000 0.017126
0.490000 0.050000 0.016784
0.490000 0.060000 0.016442
0.490000 0.070000 0.016099
0.490000 0.080000 0.015757
0.490000 0.090000 0.015415
0.490000 0.100000 0.015072
0.490000 0.110000 0.014730
0.490000 0.120000 0.014388
0.490000 0.130000 0.014046
0.490000 0.140000 0.013703
0.490000 0.150000 0.013361
0.490000 0.160000 0.013019
0.490000 0.170000 0.012676
0.490000 0.180000 0.012334
0.490000 0.190000 0.011992
0.490000 0.200000 0.011650
0.490000 0.210000 0.011307
0.490000 0.220000 0.010965
0.490000 0.230000 0.010623
0.490000 0.240000 0.010280
0.490000 0.250000 0.009938
0.490000 0.260000 0.009596
0.490000 0.270000 0.009253
0.490000 0.280000 0.008911
0.490000 0.290000 0.008569
0.490000 0.300000 0.008226
0.490000 0.310000 0.007884
0.490000 0.320000 0.007542
0.490000 0.330000 0.007200
0.490000 0.340000 0.006857
0.490000 0.350000 0.006515
0.490000 0.360000 0.006173
0.490000 0.370000 0.005831
0.490000 0.380000 0.005488
0.490000 0.390000 0.005146
0.490000 0.400000 0.004804
0.490000 0.410000 0.004461
0.490000 0.420000 0.004119
0.490000 0.430000 0.003777
0.490000 0.440000 0.003435
0.490000 0.450000 0.003093
0.490000 0.460000 0.002750
0.490000 0.470000 0.002089
0.490000 0.480000 0.000000
0.490000 0.490000 0.000000
