0.000000 0.000000 0.047777
0.000000 0.010000 0.026102
0.000000 0.020000 0.020725
0.000000 0.030000 0.020546
0.000000 0.040000 0.020237
0.000000 0.050000 0.014506
0.000000 0.060000 0.020841
0.000000 0.070000 0.022398
0.000000 0.080000 0.021160
0.000000 0.090000 0.019610
0.000000 0.100000 0.019091
0.000000 0.110000 0.018505
0.000000 0.120000 0.018785
0.000000 0.130000 0.018004
0.000000 0.140000 0.018072
0.000000 0.150000 0.000000
0.000000 0.160000 0.000000
0.000000 0.170000 0.000000
0.000000 0.180000 0.000000
0.000000 0.190000 0.000000
0.000000 0.200000 0.000000
0.000000 0.210000 0.000000
0.000000 0.220000 -0.000226
0.000000 0.230000 0.000000
0.000000 0.240000 0.000000
0.000000 0.250000 0.000000
0.000000 0.260000 0.000000
0.000000 0.270000 0.000000
0.000000 0.280000 0.000000
0.000000 0.290000 0.000000
0.000000 0.300000 0.000000
0.000000 0.310000 0.000000
0.000000 0.320000 0.000000
0.000000 0.330000 0.000000
0.000000 0.340000 0.000000
0.000000 0.350000 0.000000
0.000000 0.360000 0.000000
0.000000 0.370000 0.000000
0.000000 0.380000 0.000000
0.000000 0.390000 0.000000
0.000000 0.400000 0.000000
0.000000 0.410000 0.000000
0.000000 0.420000 0.000000
0.000000 0.430000 0.000000
0.000000 0.440000 0.000000
0.000000 0.450000 0.000000
0.000000 0.460000 0.000000
0.000000 0.470000 0.000000
0.000000 0.480000 0.000000
0.000000 0.490000 0.000000
0.010000 0.000000 0.029881
0.010000 0.010000 0.004131
0.010000 0.020000 0.006779
0.010000 0.030000 0.000000
0.010000 0.040000 0.005593
0.010000 0.050000 0.008959
0.010000 0.060000 0.011851
0.010000 0.070000 0.013951
0.010000 0.080000 0.015122
0.010000 0.090000 0.015775
0.010000 0.100000 0.000000
0.010000 0.110000 0.017727
0.010000 0.120000 0.017480
0.010000 0.130000 0.017193
0.010000 0.140000 0.016465
0.010000 0.150000 0.015989
0.010000 0.160000 0.014343
0.010000 0.170000 0.000000
0.010000 0.180000 0.000000
0.010000 0.190000 0.000000
0.010000 0.200000 0.000000
0.010000 0.210000 0.000000
0.010000 0.220000 0.000000
0.010000 0.230000 0.000000
0.010000 0.240000 0.000000
0.010000 0.250000 0.000000
0.010000 0.260000 0.000000
0.010000 0.270000 0.000000
0.010000 0.280000 0.000000
0.010000 0.290000 0.000000
0.010000 0.300000 0.000000
0.010000 0.310000 0.000000
0.010000 0.320000 0.000000
0.010000 0.330000 0.000000
0.010000 0.340000 0.000000
0.010000 0.350000 0.000000
0.010000 0.360000 0.000000
0.010000 0.370000 0.000000
0.010000 0.380000 0.000000
0.010000 0.390000 0.000000
0.010000 0.400000 0.000000
0.010000 0.410000 0.000000
0.010000 0.420000 0.000000
0.010000 0.430000 0.000000
0.010000 0.440000 0.000000
0.010000 0.450000 0.000000
0.010000 0.460000 0.000000
0.010000 0.470000 0.000000
0.010000 0.480000 0.000000
0.010000 0.490000 0.000000
0.020000 0.000000 0.000000
0.020000 0.010000 0.003999
0.020000 0.020000 0.005162
0.020000 0.030000 0.000000
0.020000 0.040000 0.008097
0.020000 0.050000 0.009300
0.020000 0.060000 0.010636
0.020000 0.070000 0.010183
0.020000 0.080000 0.000000
0.020000 0.090000 0.015775
0.020000 0.100000 0.000000
0.020000 0.110000 0.000000
0.020000 0.120000 0.016332
0.020000 0.130000 0.016536
0.020000 0.140000 0.016174
0.020000 0.150000 0.015599
0.020000 0.160000 0.000000
0.020000 0.170000 0.002035
0.020000 0.180000 0.000000
0.020000 0.190000 0.000000
0.020000 0.200000 0.000000
0.020000 0.210000 0.000000
0.020000 0.220000 0.000000
0.020000 0.230000 0.000000
0.020000 0.240000 0.000000
0.020000 0.250000 0.000000
0.020000 0.260000 0.000000
0.020000 0.270000 0.000000
0.020000 0.280000 0.000000
0.020000 0.290000 0.000000
0.020000 0.300000 0.000000
0.020000 0.310000 0.000000
0.020000 0.320000 0.000000
0.020000 0.330000 0.000000
0.020000 0.340000 0.000000
0.020000 0.350000 0.000000
0.020000 0.360000 0.000000
0.020000 0.370000 0.000000
0.020000 0.380000 0.000000
0.020000 0.390000 0.000000
0.020000 0.400000 0.000000
0.020000 0.410000 0.000000
0.020000 0.420000 0.000000
0.020000 0.430000 0.000000
0.020000 0.440000 0.000000
0.020000 0.450000 0.000000
0.020000 0.460000 0.000000
0.020000 0.470000 0.000000
0.020000 0.480000 0.000000
0.020000 0.490000 0.000000
0.030000 0.000000 0.002169
0.030000 0.010000 0.001725
0.030000 0.020000 0.000000
0.030000 0.030000 0.000000
0.030000 0.040000 0.008097
0.030000 0.050000 0.000000
0.030000 0.060000 0.000000
0.030000 0.070000 0.010183
0.030000 0.080000 0.000000
0.030000 0.090000 0.015932
0.030000 0.100000 0.000000
0.030000 0.110000 0.000000
0.030000 0.120000 0.014709
0.030000 0.130000 0.000000
0.030000 0.140000 0.015958
0.030000 0.150000 0.015089
0.030000 0.160000 0.000000
0.030000 0.170000 0.001255
0.030000 0.180000 0.000268
0.030000 0.190000 0.000000
0.030000 0.200000 0.000000
0.030000 0.210000 0.000000
0.030000 0.220000 0.000000
0.030000 0.230000 0.000000
0.030000 0.240000 0.000000
0.030000 0.250000 0.000000
0.030000 0.260000 0.000000
0.030000 0.270000 0.000000
0.030000 0.280000 0.000000
0.030000 0.290000 0.000000
0.030000 0.300000 0.000000
0.030000 0.310000 0.000000
0.030000 0.320000 0.000000
0.030000 0.330000 0.000000
0.030000 0.340000 0.000000
0.030000 0.350000 0.000000
0.030000 0.360000 0.000000
0.030000 0.370000 0.000000
0.030000 0.380000 0.000000
0.030000 0.390000 0.000000
0.030000 0.400000 0.000000
0.030000 0.410000 0.000000
0.030000 0.420000 0.000000
0.030000 0.430000 0.000000
0.030000 0.440000 0.000000
0.030000 0.450000 0.000000
0.030000 0.460000 0.000000
0.030000 0.470000 0.000000
0.030000 0.480000 0.000000
0.030000 0.490000 0.000000
0.040000 0.000000 0.000000
0.040000 0.010000 -0.000322
0.040000 0.020000 0.000000
0.040000 0.030000 0.000000
0.040000 0.040000 0.000000
0.040000 0.050000 0.000000
0.040000 0.060000 0.000000
0.040000 0.070000 0.000000
0.040000 0.080000 0.015376
0.040000 0.090000 0.015906
0.040000 0.100000 0.000000
0.040000 0.110000 0.013547
0.040000 0.120000 0.013309
0.040000 0.130000 0.013467
0.040000 0.140000 0.013070
0.040000 0.150000 0.014025
0.040000 0.160000 0.000000
0.040000 0.170000 0.000000
0.040000 0.180000 -0.000387
0.040000 0.190000 0.000000
0.040000 0.200000 0.000000
0.040000 0.210000 0.000000
0.040000 0.220000 0.000000
0.040000 0.230000 0.000000
0.040000 0.240000 0.000000
0.040000 0.250000 0.000000
0.040000 0.260000 0.000000
0.040000 0.270000 0.000000
0.040000 0.280000 0.000000
0.040000 0.290000 0.000000
0.040000 0.300000 0.000000
0.040000 0.310000 0.000000
0.040000 0.320000 0.000000
0.040000 0.330000 0.000000
0.040000 0.340000 0.000000
0.040000 0.350000 0.000000
0.040000 0.360000 0.000000
0.040000 0.370000 0.000000
0.040000 0.380000 0.000000
0.040000 0.390000 0.000000
0.040000 0.400000 0.000000
0.040000 0.410000 0.000000
0.040000 0.420000 0.000000
0.040000 0.430000 0.000000
0.040000 0.440000 0.000000
0.040000 0.450000 0.000000
0.040000 0.460000 0.000000
0.040000 0.470000 0.000000
0.040000 0.480000 0.000000
0.040000 0.490000 0.000000
0.050000 0.000000 0.003969
0.050000 0.010000 -0.001466
0.050000 0.020000 0.000000
0.050000 0.030000 0.000000
0.050000 0.040000 0.000471
0.050000 0.050000 0.000000
0.050000 0.060000 0.000000
0.050000 0.070000 0.014864
0.050000 0.080000 0.014538
0.050000 0.090000 0.013171
0.050000 0.100000 0.012761
0.050000 0.110000 0.000000
0.050000 0.120000 0.013309
0.050000 0.130000 0.000000
0.050000 0.140000 0.000000
0.050000 0.150000 0.000000
0.050000 0.160000 0.000000
0.050000 0.170000 0.000000
0.050000 0.180000 0.000000
0.050000 0.190000 0.000000
0.050000 0.200000 0.000000
0.050000 0.210000 0.000000
0.050000 0.220000 0.000000
0.050000 0.230000 0.000000
0.050000 0.240000 0.000000
0.050000 0.250000 0.000000
0.050000 0.260000 0.000000
0.050000 0.270000 0.000000
0.050000 0.280000 0.000000
0.050000 0.290000 0.000000
0.050000 0.300000 0.000000
0.050000 0.310000 0.000000
0.050000 0.320000 0.000000
0.050000 0.330000 0.000000
0.050000 0.340000 0.000000
0.050000 0.350000 0.000000
0.050000 0.360000 0.000000
0.050000 0.370000 0.000000
0.050000 0.380000 0.000000
0.050000 0.390000 0.000000
0.050000 0.400000 0.000000
0.050000 0.410000 0.000000
0.050000 0.420000 0.000000
0.050000 0.430000 0.000000
0.050000 0.440000 0.000000
0.050000 0.450000 0.000000
0.050000 0.460000 0.000000
0.050000 0.470000 0.000000
0.050000 0.480000 0.000000
0.050000 0.490000 0.000000
0.060000 0.000000 0.009332
0.060000 0.010000 -0.005449
0.060000 0.020000 -0.005495
0.060000 0.030000 0.000000
0.060000 0.040000 0.000000
0.060000 0.050000 0.000000
0.060000 0.060000 0.000000
0.060000 0.070000 0.015069
0.060000 0.080000 0.000000
0.060000 0.090000 0.000000
0.060000 0.100000 0.000000
0.060000 0.110000 0.000000
0.060000 0.120000 0.000000
0.060000 0.130000 0.000000
0.060000 0.140000 0.000000
0.060000 0.150000 0.000000
0.060000 0.160000 0.000000
0.060000 0.170000 0.002083
0.060000 0.180000 0.000000
0.060000 0.190000 0.001362
0.060000 0.200000 0.000000
0.060000 0.210000 0.000000
0.060000 0.220000 0.000000
0.060000 0.230000 0.000000
0.060000 0.240000 0.000000
0.060000 0.250000 0.000000
0.060000 0.260000 0.000000
0.060000 0.270000 0.000000
0.060000 0.280000 0.000000
0.060000 0.290000 0.000000
0.060000 0.300000 0.000000
0.060000 0.310000 0.000000
0.060000 0.320000 0.000000
0.060000 0.330000 0.000000
0.060000 0.340000 0.000000
0.060000 0.350000 0.000000
0.060000 0.360000 0.000000
0.060000 0.370000 0.000000
0.060000 0.380000 0.000000
0.060000 0.390000 0.000000
0.060000 0.400000 0.000000
0.060000 0.410000 0.000000
0.060000 0.420000 0.000000
0.060000 0.430000 0.000000
0.060000 0.440000 0.000000
0.060000 0.450000 0.000000
0.060000 0.460000 0.000000
0.060000 0.470000 0.000000
0.060000 0.480000 0.000000
0.060000 0.490000 0.000000
0.070000 0.000000 0.012846
0.070000 0.010000 -0.006647
0.070000 0.020000 -0.007129
0.070000 0.030000 0.000000
0.070000 0.040000 0.000000
0.070000 0.050000 0.015618
0.070000 0.060000 0.015336
0.070000 0.070000 0.000000
0.070000 0.080000 0.016383
0.070000 0.090000 0.016111
0.070000 0.100000 0.016248
0.070000 0.110000 0.000000
0.070000 0.120000 0.013993
0.070000 0.130000 0.000000
0.070000 0.140000 0.002101
0.070000 0.150000 0.000000
0.070000 0.160000 0.000000
0.070000 0.170000 0.002155
0.070000 0.180000 0.001809
0.070000 0.190000 0.001520
0.070000 0.200000 0.000000
0.070000 0.210000 0.000000
0.070000 0.220000 0.000000
0.070000 0.230000 0.000000
0.070000 0.240000 0.000000
0.070000 0.250000 0.000000
0.070000 0.260000 0.000000
0.070000 0.270000 0.000000
0.070000 0.280000 0.000000
0.070000 0.290000 0.001952
0.070000 0.300000 0.000000
0.070000 0.310000 0.000000
0.070000 0.320000 0.000000
0.070000 0.330000 0.000000
0.070000 0.340000 0.000000
0.070000 0.350000 0.000000
0.070000 0.360000 0.000000
0.070000 0.370000 0.000000
0.070000 0.380000 0.000000
0.070000 0.390000 0.000000
0.070000 0.400000 0.000000
0.070000 0.410000 0.000000
0.070000 0.420000 0.000000
0.070000 0.430000 0.000000
0.070000 0.440000 0.000000
0.070000 0.450000 0.000000
0.070000 0.460000 0.000000
0.070000 0.470000 0.000000
0.070000 0.480000 0.000000
0.070000 0.490000 0.000000
0.080000 0.000000 0.000000
0.080000 0.010000 -0.005818
0.080000 0.020000 0.000000
0.080000 0.030000 0.000000
0.080000 0.040000 0.014762
0.080000 0.050000 0.014076
0.080000 0.060000 0.013544
0.080000 0.070000 0.000000
0.080000 0.080000 0.000000
0.080000 0.090000 0.015556
0.080000 0.100000 0.014569
0.080000 0.110000 0.014200
0.080000 0.120000 0.013669
0.080000 0.130000 0.000000
0.080000 0.140000 0.002098
0.080000 0.150000 0.000000
0.080000 0.160000 0.000000
0.080000 0.170000 0.002310
0.080000 0.180000 0.001654
0.080000 0.190000 0.000000
0.080000 0.200000 0.000000
0.080000 0.210000 0.000000
0.080000 0.220000 0.001049
0.080000 0.230000 0.000787
0.080000 0.240000 0.000367
0.080000 0.250000 0.000000
0.080000 0.260000 0.004059
0.080000 0.270000 0.000000
0.080000 0.280000 0.000000
0.080000 0.290000 0.000000
0.080000 0.300000 0.000000
0.080000 0.310000 0.000000
0.080000 0.320000 0.000000
0.080000 0.330000 0.000000
0.080000 0.340000 0.000000
0.080000 0.350000 0.000000
0.080000 0.360000 0.000000
0.080000 0.370000 0.000000
0.080000 0.380000 0.000000
0.080000 0.390000 0.000000
0.080000 0.400000 0.000000
0.080000 0.410000 0.000000
0.080000 0.420000 0.000000
0.080000 0.430000 0.000000
0.080000 0.440000 0.000000
0.080000 0.450000 0.000000
0.080000 0.460000 0.000000
0.080000 0.470000 0.000000
0.080000 0.480000 0.000000
0.080000 0.490000 0.000000
0.090000 0.000000 0.007409
0.090000 0.010000 -0.006001
0.090000 0.020000 -0.006369
0.090000 0.030000 0.000000
0.090000 0.040000 0.000000
0.090000 0.050000 0.000000
0.090000 0.060000 0.000000
0.090000 0.070000 0.014446
0.090000 0.080000 0.014318
0.090000 0.090000 0.013484
0.090000 0.100000 0.000000
0.090000 0.110000 0.014344
0.090000 0.120000 0.000000
0.090000 0.130000 0.002274
0.090000 0.140000 0.001821
0.090000 0.150000 0.001435
0.090000 0.160000 0.001142
0.090000 0.170000 0.001161
0.090000 0.180000 0.001062
0.090000 0.190000 0.000000
0.090000 0.200000 0.000000
0.090000 0.210000 0.000000
0.090000 0.220000 0.000952
0.090000 0.230000 0.000654
0.090000 0.240000 0.000000
0.090000 0.250000 0.000000
0.090000 0.260000 0.002803
0.090000 0.270000 0.000000
0.090000 0.280000 0.000000
0.090000 0.290000 0.000000
0.090000 0.300000 0.000000
0.090000 0.310000 0.000000
0.090000 0.320000 0.000000
0.090000 0.330000 0.000000
0.090000 0.340000 0.000000
0.090000 0.350000 0.000000
0.090000 0.360000 0.000000
0.090000 0.370000 0.000000
0.090000 0.380000 0.000000
0.090000 0.390000 0.000000
0.090000 0.400000 0.000000
0.090000 0.410000 0.000000
0.090000 0.420000 0.000000
0.090000 0.430000 0.000000
0.090000 0.440000 0.000000
0.090000 0.450000 0.000000
0.090000 0.460000 0.000000
0.090000 0.470000 0.000000
0.090000 0.480000 0.000000
0.090000 0.490000 0.000000
0.100000 0.000000 0.002520
0.100000 0.010000 -0.001282
0.100000 0.020000 0.000000
0.100000 0.030000 0.007052
0.100000 0.040000 0.000000
0.100000 0.050000 0.000000
0.100000 0.060000 0.000000
0.100000 0.070000 0.000000
0.100000 0.080000 0.014318
0.100000 0.090000 0.000000
0.100000 0.100000 0.000000
0.100000 0.110000 0.000000
0.100000 0.120000 0.001358
0.100000 0.130000 0.000000
0.100000 0.140000 0.000449
0.100000 0.150000 0.000000
0.100000 0.160000 0.001023
0.100000 0.170000 -0.000250
0.100000 0.180000 0.000000
0.100000 0.190000 0.000000
0.100000 0.200000 0.000000
0.100000 0.210000 -0.000589
0.100000 0.220000 0.000000
0.100000 0.230000 0.000000
0.100000 0.240000 0.000000
0.100000 0.250000 0.002001
0.100000 0.260000 0.001393
0.100000 0.270000 0.000884
0.100000 0.280000 0.000000
0.100000 0.290000 0.000000
0.100000 0.300000 0.000000
0.100000 0.310000 0.000000
0.100000 0.320000 0.000000
0.100000 0.330000 0.000000
0.100000 0.340000 0.000000
0.100000 0.350000 0.000000
0.100000 0.360000 0.000000
0.100000 0.370000 0.000000
0.100000 0.380000 0.000000
0.100000 0.390000 0.000000
0.100000 0.400000 0.000000
0.100000 0.410000 0.000000
0.100000 0.420000 0.000000
0.100000 0.430000 0.000000
0.100000 0.440000 0.000000
0.100000 0.450000 0.000000
0.100000 0.460000 0.000000
0.100000 0.470000 0.000000
0.100000 0.480000 0.000000
0.100000 0.490000 0.000000
0.110000 0.000000 0.001568
0.110000 0.010000 -0.000402
0.110000 0.020000 0.000026
0.110000 0.030000 0.001842
0.110000 0.040000 0.001840
0.110000 0.050000 0.000000
0.110000 0.060000 0.000000
0.110000 0.070000 0.000000
0.110000 0.080000 0.000000
0.110000 0.090000 0.000000
0.110000 0.100000 0.000000
0.110000 0.110000 0.000000
0.110000 0.120000 0.001157
0.110000 0.130000 0.000996
0.110000 0.140000 0.000000
0.110000 0.150000 0.000785
0.110000 0.160000 0.000691
0.110000 0.170000 -0.000148
0.110000 0.180000 -0.000934
0.110000 0.190000 0.000000
0.110000 0.200000 0.000000
0.110000 0.210000 -0.000594
0.110000 0.220000 0.000000
0.110000 0.230000 0.015987
0.110000 0.240000 0.015139
0.110000 0.250000 0.000000
0.110000 0.260000 0.000359
0.110000 0.270000 0.000145
0.110000 0.280000 -0.000012
0.110000 0.290000 0.000000
0.110000 0.300000 0.000000
0.110000 0.310000 0.000000
0.110000 0.320000 0.000000
0.110000 0.330000 0.000000
0.110000 0.340000 0.000000
0.110000 0.350000 0.000000
0.110000 0.360000 0.000000
0.110000 0.370000 0.000000
0.110000 0.380000 0.000000
0.110000 0.390000 0.000000
0.110000 0.400000 0.000000
0.110000 0.410000 0.000000
0.110000 0.420000 0.000000
0.110000 0.430000 0.000000
0.110000 0.440000 0.000000
0.110000 0.450000 0.000000
0.110000 0.460000 0.000000
0.110000 0.470000 0.000000
0.110000 0.480000 0.000000
0.110000 0.490000 0.000000
0.120000 0.000000 0.002469
0.120000 0.010000 -0.001258
0.120000 0.020000 0.000000
0.120000 0.030000 0.001428
0.120000 0.040000 0.001506
0.120000 0.050000 0.000000
0.120000 0.060000 0.000000
0.120000 0.070000 0.000000
0.120000 0.080000 0.000000
0.120000 0.090000 0.000000
0.120000 0.100000 -0.000000
0.120000 0.110000 0.000000
0.120000 0.120000 0.000000
0.120000 0.130000 -0.000329
0.120000 0.140000 0.000000
0.120000 0.150000 -0.000864
0.120000 0.160000 -0.001571
0.120000 0.170000 -0.002482
0.120000 0.180000 -0.002518
0.120000 0.190000 -0.002764
0.120000 0.200000 -0.003851
0.120000 0.210000 0.000000
0.120000 0.220000 0.000000
0.120000 0.230000 0.015180
0.120000 0.240000 0.000000
0.120000 0.250000 0.000000
0.120000 0.260000 0.000000
0.120000 0.270000 -0.000127
0.120000 0.280000 -0.000286
0.120000 0.290000 -0.000659
0.120000 0.300000 0.000000
0.120000 0.310000 0.000000
0.120000 0.320000 0.000000
0.120000 0.330000 0.000000
0.120000 0.340000 0.000000
0.120000 0.350000 0.000000
0.120000 0.360000 0.000000
0.120000 0.370000 0.000000
0.120000 0.380000 0.000000
0.120000 0.390000 0.000000
0.120000 0.400000 0.000000
0.120000 0.410000 0.000000
0.120000 0.420000 0.000000
0.120000 0.430000 0.000000
0.120000 0.440000 0.000000
0.120000 0.450000 0.000000
0.120000 0.460000 0.000000
0.120000 0.470000 0.000000
0.120000 0.480000 0.000000
0.120000 0.490000 0.000000
0.130000 0.000000 0.000992
0.130000 0.010000 -0.001222
0.130000 0.020000 0.000000
0.130000 0.030000 0.000000
0.130000 0.040000 0.001611
0.130000 0.050000 0.000000
0.130000 0.060000 0.000000
0.130000 0.070000 0.000000
0.130000 0.080000 0.000000
0.130000 0.090000 0.000000
0.130000 0.100000 0.000000
0.130000 0.110000 0.000000
0.130000 0.120000 0.000000
0.130000 0.130000 -0.001823
0.130000 0.140000 0.000000
0.130000 0.150000 -0.000864
0.130000 0.160000 0.000000
0.130000 0.170000 -0.002382
0.130000 0.180000 -0.002618
0.130000 0.190000 0.000000
0.130000 0.200000 0.000000
0.130000 0.210000 0.000000
0.130000 0.220000 0.000000
0.130000 0.230000 0.014030
0.130000 0.240000 0.000000
0.130000 0.250000 0.000000
0.130000 0.260000 0.000000
0.130000 0.270000 0.000000
0.130000 0.280000 0.000000
0.130000 0.290000 0.000000
0.130000 0.300000 -0.000054
0.130000 0.310000 0.000000
0.130000 0.320000 0.000000
0.130000 0.330000 0.000000
0.130000 0.340000 0.000000
0.130000 0.350000 0.000000
0.130000 0.360000 0.000000
0.130000 0.370000 0.000000
0.130000 0.380000 0.000000
0.130000 0.390000 0.000000
0.130000 0.400000 0.000000
0.130000 0.410000 0.000000
0.130000 0.420000 0.000000
0.130000 0.430000 0.000000
0.130000 0.440000 0.000000
0.130000 0.450000 0.000000
0.130000 0.460000 0.000000
0.130000 0.470000 0.000000
0.130000 0.480000 0.000000
0.130000 0.490000 0.000000
0.140000 0.000000 0.000269
0.140000 0.010000 -0.000682
0.140000 0.020000 0.000000
0.140000 0.030000 0.027106
0.140000 0.040000 0.000000
0.140000 0.050000 0.000000
0.140000 0.060000 0.000000
0.140000 0.070000 0.000000
0.140000 0.080000 0.000000
0.140000 0.090000 0.000000
0.140000 0.100000 0.000000
0.140000 0.110000 0.000000
0.140000 0.120000 0.000000
0.140000 0.130000 0.000000
0.140000 0.140000 0.000000
0.140000 0.150000 0.000000
0.140000 0.160000 0.017652
0.140000 0.170000 0.000000
0.140000 0.180000 0.000000
0.140000 0.190000 0.000000
0.140000 0.200000 0.000000
0.140000 0.210000 0.000000
0.140000 0.220000 0.014420
0.140000 0.230000 0.013816
0.140000 0.240000 0.013720
0.140000 0.250000 0.000000
0.140000 0.260000 0.000000
0.140000 0.270000 0.000000
0.140000 0.280000 0.000000
0.140000 0.290000 0.000000
0.140000 0.300000 0.000000
0.140000 0.310000 0.000000
0.140000 0.320000 0.000000
0.140000 0.330000 0.000000
0.140000 0.340000 0.000000
0.140000 0.350000 0.000000
0.140000 0.360000 0.000000
0.140000 0.370000 0.000000
0.140000 0.380000 0.000000
0.140000 0.390000 0.000000
0.140000 0.400000 0.000000
0.140000 0.410000 0.000000
0.140000 0.420000 0.000000
0.140000 0.430000 0.000000
0.140000 0.440000 0.000000
0.140000 0.450000 0.000000
0.140000 0.460000 0.000000
0.140000 0.470000 0.000000
0.140000 0.480000 0.000000
0.140000 0.490000 0.000000
0.150000 0.000000 0.001069
0.150000 0.010000 0.000000
0.150000 0.020000 0.027405
0.150000 0.030000 0.027069
0.150000 0.040000 0.026766
0.150000 0.050000 0.000000
0.150000 0.060000 0.000000
0.150000 0.070000 0.000000
0.150000 0.080000 0.000000
0.150000 0.090000 0.000000
0.150000 0.100000 0.000000
0.150000 0.110000 0.000000
0.150000 0.120000 0.000000
0.150000 0.130000 0.000000
0.150000 0.140000 0.000000
0.150000 0.150000 0.000000
0.150000 0.160000 0.015078
0.150000 0.170000 0.000000
0.150000 0.180000 0.015618
0.150000 0.190000 0.000000
0.150000 0.200000 0.000000
0.150000 0.210000 0.000000
0.150000 0.220000 0.000000
0.150000 0.230000 0.012226
0.150000 0.240000 0.012370
0.150000 0.250000 0.011427
0.150000 0.260000 0.010601
0.150000 0.270000 0.000000
0.150000 0.280000 0.008582
0.150000 0.290000 0.000000
0.150000 0.300000 0.000000
0.150000 0.310000 0.000000
0.150000 0.320000 0.000000
0.150000 0.330000 0.000000
0.150000 0.340000 0.000000
0.150000 0.350000 0.000000
0.150000 0.360000 0.000000
0.150000 0.370000 0.000000
0.150000 0.380000 0.000000
0.150000 0.390000 0.000000
0.150000 0.400000 0.000000
0.150000 0.410000 0.000000
0.150000 0.420000 0.000000
0.150000 0.430000 0.000000
0.150000 0.440000 0.000000
0.150000 0.450000 0.000000
0.150000 0.460000 0.000000
0.150000 0.470000 0.000000
0.150000 0.480000 0.000000
0.150000 0.490000 0.000000
0.160000 0.000000 0.000759
0.160000 0.010000 0.000000
0.160000 0.020000 0.000000
0.160000 0.030000 0.027134
0.160000 0.040000 0.026892
0.160000 0.050000 0.026581
0.160000 0.060000 0.026142
0.160000 0.070000 0.000000
0.160000 0.080000 0.000000
0.160000 0.090000 0.000000
0.160000 0.100000 0.000000
0.160000 0.110000 0.000000
0.160000 0.120000 0.000000
0.160000 0.130000 0.000000
0.160000 0.140000 0.000000
0.160000 0.150000 0.015591
0.160000 0.160000 0.015059
0.160000 0.170000 0.014578
0.160000 0.180000 0.014118
0.160000 0.190000 0.013746
0.160000 0.200000 0.013442
0.160000 0.210000 0.012912
0.160000 0.220000 0.000000
0.160000 0.230000 0.011509
0.160000 0.240000 0.010523
0.160000 0.250000 0.010213
0.160000 0.260000 0.010273
0.160000 0.270000 0.009507
0.160000 0.280000 0.008760
0.160000 0.290000 0.000000
0.160000 0.300000 0.007489
0.160000 0.310000 0.007293
0.160000 0.320000 0.000000
0.160000 0.330000 0.000000
0.160000 0.340000 0.000000
0.160000 0.350000 0.000161
0.160000 0.360000 0.000000
0.160000 0.370000 0.000000
0.160000 0.380000 0.000000
0.160000 0.390000 0.000000
0.160000 0.400000 0.000000
0.160000 0.410000 0.000000
0.160000 0.420000 0.000000
0.160000 0.430000 0.000000
0.160000 0.440000 0.000000
0.160000 0.450000 0.000000
0.160000 0.460000 0.000000
0.160000 0.470000 0.000000
0.160000 0.480000 0.000000
0.160000 0.490000 0.000000
0.170000 0.000000 0.000000
0.170000 0.010000 0.031002
0.170000 0.020000 0.029533
0.170000 0.030000 0.027748
0.170000 0.040000 0.026597
0.170000 0.050000 0.026875
0.170000 0.060000 0.026047
0.170000 0.070000 0.000000
0.170000 0.080000 0.000000
0.170000 0.090000 0.023954
0.170000 0.100000 0.000000
0.170000 0.110000 0.000000
0.170000 0.120000 0.000000
0.170000 0.130000 0.000000
0.170000 0.140000 0.000000
0.170000 0.150000 0.015591
0.170000 0.160000 0.000000
0.170000 0.170000 0.000000
0.170000 0.180000 0.000000
0.170000 0.190000 0.013518
0.170000 0.200000 0.012918
0.170000 0.210000 0.012202
0.170000 0.220000 0.011064
0.170000 0.230000 0.010557
0.170000 0.240000 0.000000
0.170000 0.250000 0.007467
0.170000 0.260000 0.000000
0.170000 0.270000 0.008998
0.170000 0.280000 0.008460
0.170000 0.290000 0.008236
0.170000 0.300000 0.007164
0.170000 0.310000 0.006896
0.170000 0.320000 0.000000
0.170000 0.330000 0.000000
0.170000 0.340000 0.000000
0.170000 0.350000 0.000000
0.170000 0.360000 -0.000000
0.170000 0.370000 0.000000
0.170000 0.380000 0.000000
0.170000 0.390000 0.000000
0.170000 0.400000 0.000000
0.170000 0.410000 0.000000
0.170000 0.420000 0.000000
0.170000 0.430000 0.000000
0.170000 0.440000 0.000000
0.170000 0.450000 0.000000
0.170000 0.460000 0.000000
0.170000 0.470000 0.000000
0.170000 0.480000 0.000000
0.170000 0.490000 0.000000
0.180000 0.000000 0.032024
0.180000 0.010000 0.030121
0.180000 0.020000 0.028773
0.180000 0.030000 0.000000
0.180000 0.040000 0.000000
0.180000 0.050000 0.025720
0.180000 0.060000 0.025410
0.180000 0.070000 0.024464
0.180000 0.080000 0.024141
0.180000 0.090000 0.023952
0.180000 0.100000 0.023222
0.180000 0.110000 0.000000
0.180000 0.120000 0.000000
0.180000 0.130000 0.015830
0.180000 0.140000 0.015750
0.180000 0.150000 0.015589
0.180000 0.160000 0.015424
0.180000 0.170000 0.000000
0.180000 0.180000 0.000000
0.180000 0.190000 0.000000
0.180000 0.200000 0.010442
0.180000 0.210000 0.000000
0.180000 0.220000 0.000000
0.180000 0.230000 0.000000
0.180000 0.240000 0.000000
0.180000 0.250000 0.007467
0.180000 0.260000 0.006995
0.180000 0.270000 0.000000
0.180000 0.280000 0.008124
0.180000 0.290000 0.007944
0.180000 0.300000 0.007978
0.180000 0.310000 0.000000
0.180000 0.320000 0.000000
0.180000 0.330000 0.000000
0.180000 0.340000 0.000000
0.180000 0.350000 0.000000
0.180000 0.360000 0.000000
0.180000 0.370000 0.000000
0.180000 0.380000 0.000000
0.180000 0.390000 0.000000
0.180000 0.400000 0.000000
0.180000 0.410000 0.000000
0.180000 0.420000 0.000000
0.180000 0.430000 0.000000
0.180000 0.440000 0.000000
0.180000 0.450000 0.000000
0.180000 0.460000 0.000000
0.180000 0.470000 0.000000
0.180000 0.480000 0.000000
0.180000 0.490000 0.000000
0.190000 0.000000 0.030339
0.190000 0.010000 0.022723
0.190000 0.020000 0.024600
0.190000 0.030000 0.024877
0.190000 0.040000 0.025365
0.190000 0.050000 0.024831
0.190000 0.060000 0.000000
0.190000 0.070000 0.023564
0.190000 0.080000 0.000000
0.190000 0.090000 0.000000
0.190000 0.100000 0.023279
0.190000 0.110000 0.022772
0.190000 0.120000 0.022337
0.190000 0.130000 0.000000
0.190000 0.140000 0.015779
0.190000 0.150000 0.015626
0.190000 0.160000 0.000000
0.190000 0.170000 0.000000
0.190000 0.180000 0.000000
0.190000 0.190000 0.000000
0.190000 0.200000 0.000000
0.190000 0.210000 0.000000
0.190000 0.220000 0.010541
0.190000 0.230000 0.010371
0.190000 0.240000 0.000000
0.190000 0.250000 0.007409
0.190000 0.260000 0.000000
0.190000 0.270000 0.000000
0.190000 0.280000 0.000000
0.190000 0.290000 0.000000
0.190000 0.300000 0.000000
0.190000 0.310000 0.000000
0.190000 0.320000 0.000000
0.190000 0.330000 0.000000
0.190000 0.340000 0.000000
0.190000 0.350000 0.000000
0.190000 0.360000 0.000000
0.190000 0.370000 0.000000
0.190000 0.380000 0.000000
0.190000 0.390000 0.000000
0.190000 0.400000 0.000000
0.190000 0.410000 0.000000
0.190000 0.420000 0.000000
0.190000 0.430000 0.000000
0.190000 0.440000 0.000000
0.190000 0.450000 0.000000
0.190000 0.460000 0.000000
0.190000 0.470000 0.000000
0.190000 0.480000 0.000000
0.190000 0.490000 0.000000
0.200000 0.000000 0.028337
0.200000 0.010000 0.023040
0.200000 0.020000 0.022734
0.200000 0.030000 0.022723
0.200000 0.040000 0.022356
0.200000 0.050000 0.022476
0.200000 0.060000 0.000000
0.200000 0.070000 0.022649
0.200000 0.080000 0.021388
0.200000 0.090000 0.000000
0.200000 0.100000 0.000000
0.200000 0.110000 0.000000
0.200000 0.120000 0.000000
0.200000 0.130000 0.016525
0.200000 0.140000 0.016033
0.200000 0.150000 0.000000
0.200000 0.160000 0.000000
0.200000 0.170000 0.000000
0.200000 0.180000 0.000000
0.200000 0.190000 0.010022
0.200000 0.200000 0.009753
0.200000 0.210000 0.009458
0.200000 0.220000 0.000000
0.200000 0.230000 0.006810
0.200000 0.240000 0.006716
0.200000 0.250000 0.000000
0.200000 0.260000 0.000000
0.200000 0.270000 0.000000
0.200000 0.280000 0.000000
0.200000 0.290000 0.004746
0.200000 0.300000 0.003800
0.200000 0.310000 0.000000
0.200000 0.320000 0.000000
0.200000 0.330000 0.000000
0.200000 0.340000 0.000000
0.200000 0.350000 0.000000
0.200000 0.360000 0.000000
0.200000 0.370000 0.000000
0.200000 0.380000 0.000000
0.200000 0.390000 0.000000
0.200000 0.400000 0.000000
0.200000 0.410000 0.000000
0.200000 0.420000 0.000000
0.200000 0.430000 0.000000
0.200000 0.440000 0.000000
0.200000 0.450000 0.000000
0.200000 0.460000 0.000000
0.200000 0.470000 0.000000
0.200000 0.480000 0.000000
0.200000 0.490000 0.000000
0.210000 0.000000 0.026254
0.210000 0.010000 0.021021
0.210000 0.020000 0.020714
0.210000 0.030000 0.000000
0.210000 0.040000 0.000000
0.210000 0.050000 0.020491
0.210000 0.060000 0.019770
0.210000 0.070000 0.019243
0.210000 0.080000 0.019446
0.210000 0.090000 0.000000
0.210000 0.100000 0.019317
0.210000 0.110000 0.018392
0.210000 0.120000 0.000000
0.210000 0.130000 0.000000
0.210000 0.140000 0.016013
0.210000 0.150000 0.000000
0.210000 0.160000 0.011535
0.210000 0.170000 0.010908
0.210000 0.180000 0.010277
0.210000 0.190000 0.009946
0.210000 0.200000 0.009784
0.210000 0.210000 0.009430
0.210000 0.220000 0.009342
0.210000 0.230000 0.000000
0.210000 0.240000 0.005887
0.210000 0.250000 0.000000
0.210000 0.260000 0.000000
0.210000 0.270000 0.000000
0.210000 0.280000 0.000000
0.210000 0.290000 0.004475
0.210000 0.300000 0.000000
0.210000 0.310000 0.000000
0.210000 0.320000 0.000000
0.210000 0.330000 0.000000
0.210000 0.340000 0.000000
0.210000 0.350000 0.000000
0.210000 0.360000 0.000000
0.210000 0.370000 0.000000
0.210000 0.380000 0.000000
0.210000 0.390000 0.000000
0.210000 0.400000 0.000000
0.210000 0.410000 0.000000
0.210000 0.420000 0.000000
0.210000 0.430000 0.000000
0.210000 0.440000 0.000000
0.210000 0.450000 0.000000
0.210000 0.460000 0.000000
0.210000 0.470000 0.000000
0.210000 0.480000 0.000000
0.210000 0.490000 0.000000
0.220000 0.000000 0.020872
0.220000 0.010000 0.020329
0.220000 0.020000 0.018081
0.220000 0.030000 0.016760
0.220000 0.040000 0.017923
0.220000 0.050000 0.019171
0.220000 0.060000 0.019559
0.220000 0.070000 0.018244
0.220000 0.080000 0.017764
0.220000 0.090000 0.017464
0.220000 0.100000 0.017171
0.220000 0.110000 0.016762
0.220000 0.120000 0.000000
0.220000 0.130000 0.000000
0.220000 0.140000 0.015950
0.220000 0.150000 0.000000
0.220000 0.160000 0.000000
0.220000 0.170000 0.000000
0.220000 0.180000 0.000000
0.220000 0.190000 0.000000
0.220000 0.200000 0.010327
0.220000 0.210000 0.009405
0.220000 0.220000 0.009314
0.220000 0.230000 0.000000
0.220000 0.240000 0.004739
0.220000 0.250000 0.004739
0.220000 0.260000 0.004280
0.220000 0.270000 0.000000
0.220000 0.280000 0.000000
0.220000 0.290000 0.004034
0.220000 0.300000 0.000000
0.220000 0.310000 0.000000
0.220000 0.320000 0.000000
0.220000 0.330000 0.001268
0.220000 0.340000 0.000000
0.220000 0.350000 0.000000
0.220000 0.360000 0.000000
0.220000 0.370000 0.000000
0.220000 0.380000 0.000180
0.220000 0.390000 0.000000
0.220000 0.400000 0.000000
0.220000 0.410000 0.000000
0.220000 0.420000 0.000000
0.220000 0.430000 0.000000
0.220000 0.440000 0.000000
0.220000 0.450000 0.000000
0.220000 0.460000 0.000000
0.220000 0.470000 0.000000
0.220000 0.480000 0.000000
0.220000 0.490000 0.000000
0.230000 0.000000 0.020339
0.230000 0.010000 0.019706
0.230000 0.020000 0.000000
0.230000 0.030000 0.000000
0.230000 0.040000 0.000000
0.230000 0.050000 0.017663
0.230000 0.060000 0.017185
0.230000 0.070000 0.015397
0.230000 0.080000 0.015906
0.230000 0.090000 0.000000
0.230000 0.100000 0.016706
0.230000 0.110000 0.015803
0.230000 0.120000 0.015447
0.230000 0.130000 0.015110
0.230000 0.140000 0.015014
0.230000 0.150000 0.000000
0.230000 0.160000 0.013667
0.230000 0.170000 0.013264
0.230000 0.180000 0.000000
0.230000 0.190000 0.000000
0.230000 0.200000 0.010155
0.230000 0.210000 0.009654
0.230000 0.220000 0.000000
0.230000 0.230000 0.005638
0.230000 0.240000 0.004594
0.230000 0.250000 0.003367
0.230000 0.260000 0.000000
0.230000 0.270000 0.005798
0.230000 0.280000 0.005101
0.230000 0.290000 0.004121
0.230000 0.300000 0.000000
0.230000 0.310000 0.000000
0.230000 0.320000 0.000000
0.230000 0.330000 0.001214
0.230000 0.340000 0.000757
0.230000 0.350000 0.000407
0.230000 0.360000 0.000002
0.230000 0.370000 -0.000199
0.230000 0.380000 0.000000
0.230000 0.390000 0.000000
0.230000 0.400000 0.000000
0.230000 0.410000 0.000000
0.230000 0.420000 0.000000
0.230000 0.430000 0.000000
0.230000 0.440000 0.000000
0.230000 0.450000 0.000000
0.230000 0.460000 0.000000
0.230000 0.470000 0.000000
0.230000 0.480000 0.000000
0.230000 0.490000 0.000000
0.240000 0.000000 0.020341
0.240000 0.010000 0.000000
0.240000 0.020000 0.000000
0.240000 0.030000 0.000000
0.240000 0.040000 0.000000
0.240000 0.050000 0.000000
0.240000 0.060000 0.000000
0.240000 0.070000 0.000000
0.240000 0.080000 0.014766
0.240000 0.090000 0.014707
0.240000 0.100000 0.014351
0.240000 0.110000 0.014302
0.240000 0.120000 0.014562
0.240000 0.130000 0.013952
0.240000 0.140000 0.013645
0.240000 0.150000 0.013105
0.240000 0.160000 0.012784
0.240000 0.170000 0.013051
0.240000 0.180000 0.000000
0.240000 0.190000 0.000000
0.240000 0.200000 0.000000
0.240000 0.210000 0.000000
0.240000 0.220000 0.000000
0.240000 0.230000 0.000000
0.240000 0.240000 0.000000
0.240000 0.250000 0.000000
0.240000 0.260000 0.000000
0.240000 0.270000 0.005121
0.240000 0.280000 0.004308
0.240000 0.290000 0.004106
0.240000 0.300000 0.003806
0.240000 0.310000 0.002687
0.240000 0.320000 0.000000
0.240000 0.330000 0.001186
0.240000 0.340000 0.000000
0.240000 0.350000 0.000550
0.240000 0.360000 0.000000
0.240000 0.370000 0.000147
0.240000 0.380000 0.000000
0.240000 0.390000 0.000000
0.240000 0.400000 0.000000
0.240000 0.410000 0.000000
0.240000 0.420000 0.000000
0.240000 0.430000 0.000000
0.240000 0.440000 0.000000
0.240000 0.450000 0.000000
0.240000 0.460000 0.000000
0.240000 0.470000 0.000000
0.240000 0.480000 0.000000
0.240000 0.490000 0.000000
0.250000 0.000000 0.000000
0.250000 0.010000 0.000000
0.250000 0.020000 0.000000
0.250000 0.030000 0.000000
0.250000 0.040000 0.000000
0.250000 0.050000 0.000000
0.250000 0.060000 0.000000
0.250000 0.070000 0.000000
0.250000 0.080000 0.000000
0.250000 0.090000 0.000000
0.250000 0.100000 0.000000
0.250000 0.110000 0.013161
0.250000 0.120000 0.012901
0.250000 0.130000 0.012065
0.250000 0.140000 0.011730
0.250000 0.150000 0.011823
0.250000 0.160000 0.011952
0.250000 0.170000 0.011273
0.250000 0.180000 0.010631
0.250000 0.190000 0.010635
0.250000 0.200000 0.010432
0.250000 0.210000 0.000000
0.250000 0.220000 0.000000
0.250000 0.230000 0.000000
0.250000 0.240000 0.000000
0.250000 0.250000 0.005938
0.250000 0.260000 0.005204
0.250000 0.270000 0.004996
0.250000 0.280000 0.000000
0.250000 0.290000 0.003848
0.250000 0.300000 0.003321
0.250000 0.310000 0.002739
0.250000 0.320000 0.000000
0.250000 0.330000 0.001222
0.250000 0.340000 0.000000
0.250000 0.350000 0.000586
0.250000 0.360000 0.000000
0.250000 0.370000 0.000371
0.250000 0.380000 -0.000065
0.250000 0.390000 0.000000
0.250000 0.400000 0.000000
0.250000 0.410000 0.000000
0.250000 0.420000 0.000000
0.250000 0.430000 0.000000
0.250000 0.440000 0.000000
0.250000 0.450000 0.000000
0.250000 0.460000 0.000000
0.250000 0.470000 0.000000
0.250000 0.480000 0.000000
0.250000 0.490000 0.000000
0.260000 0.000000 0.000000
0.260000 0.010000 0.000000
0.260000 0.020000 0.000000
0.260000 0.030000 0.000000
0.260000 0.040000 0.000000
0.260000 0.050000 0.000000
0.260000 0.060000 0.000000
0.260000 0.070000 0.000000
0.260000 0.080000 0.000000
0.260000 0.090000 0.000000
0.260000 0.100000 0.000000
0.260000 0.110000 0.000000
0.260000 0.120000 0.012942
0.260000 0.130000 0.012065
0.260000 0.140000 0.011269
0.260000 0.150000 0.010773
0.260000 0.160000 0.010111
0.260000 0.170000 0.009658
0.260000 0.180000 0.009671
0.260000 0.190000 0.009664
0.260000 0.200000 0.008812
0.260000 0.210000 0.008166
0.260000 0.220000 0.008158
0.260000 0.230000 0.007175
0.260000 0.240000 0.006861
0.260000 0.250000 0.006088
0.260000 0.260000 0.000000
0.260000 0.270000 0.000000
0.260000 0.280000 0.000000
0.260000 0.290000 0.000000
0.260000 0.300000 0.000000
0.260000 0.310000 0.002278
0.260000 0.320000 0.001528
0.260000 0.330000 0.001197
0.260000 0.340000 0.000000
0.260000 0.350000 0.000000
0.260000 0.360000 -0.000090
0.260000 0.370000 0.000000
0.260000 0.380000 0.000000
0.260000 0.390000 0.000000
0.260000 0.400000 0.000000
0.260000 0.410000 0.000000
0.260000 0.420000 0.000000
0.260000 0.430000 0.000000
0.260000 0.440000 0.000000
0.260000 0.450000 0.000000
0.260000 0.460000 0.000000
0.260000 0.470000 0.000000
0.260000 0.480000 0.000000
0.260000 0.490000 0.000000
0.270000 0.000000 0.000000
0.270000 0.010000 0.000000
0.270000 0.020000 0.000000
0.270000 0.030000 0.000000
0.270000 0.040000 0.000000
0.270000 0.050000 0.000000
0.270000 0.060000 0.000000
0.270000 0.070000 0.000000
0.270000 0.080000 0.000000
0.270000 0.090000 0.000000
0.270000 0.100000 0.000000
0.270000 0.110000 0.000000
0.270000 0.120000 0.000000
0.270000 0.130000 0.000000
0.270000 0.140000 0.011269
0.270000 0.150000 0.000000
0.270000 0.160000 0.010111
0.270000 0.170000 0.000000
0.270000 0.180000 0.008762
0.270000 0.190000 0.008109
0.270000 0.200000 0.007224
0.270000 0.210000 0.007134
0.270000 0.220000 0.000000
0.270000 0.230000 0.006167
0.270000 0.240000 0.005551
0.270000 0.250000 0.005400
0.270000 0.260000 0.005077
0.270000 0.270000 0.004976
0.270000 0.280000 0.003271
0.270000 0.290000 0.002998
0.270000 0.300000 0.000000
0.270000 0.310000 0.000000
0.270000 0.320000 0.001406
0.270000 0.330000 0.000000
0.270000 0.340000 0.000000
0.270000 0.350000 0.000000
0.270000 0.360000 0.000000
0.270000 0.370000 0.000000
0.270000 0.380000 0.000000
0.270000 0.390000 -0.003867
0.270000 0.400000 -0.004167
0.270000 0.410000 -0.004599
0.270000 0.420000 0.000000
0.270000 0.430000 0.000000
0.270000 0.440000 0.000000
0.270000 0.450000 0.000000
0.270000 0.460000 0.000000
0.270000 0.470000 0.000000
0.270000 0.480000 0.000000
0.270000 0.490000 0.000000
0.280000 0.000000 0.000000
0.280000 0.010000 0.000000
0.280000 0.020000 0.000000
0.280000 0.030000 0.000000
0.280000 0.040000 0.000000
0.280000 0.050000 0.000000
0.280000 0.060000 0.000000
0.280000 0.070000 0.000000
0.280000 0.080000 0.000000
0.280000 0.090000 0.000000
0.280000 0.100000 0.000000
0.280000 0.110000 0.000000
0.280000 0.120000 0.000000
0.280000 0.130000 0.000000
0.280000 0.140000 0.000000
0.280000 0.150000 0.000000
0.280000 0.160000 0.000000
0.280000 0.170000 0.000000
0.280000 0.180000 0.009077
0.280000 0.190000 0.008462
0.280000 0.200000 0.006609
0.280000 0.210000 0.005837
0.280000 0.220000 0.005462
0.280000 0.230000 0.005061
0.280000 0.240000 0.004412
0.280000 0.250000 0.004198
0.280000 0.260000 0.004240
0.280000 0.270000 0.003696
0.280000 0.280000 0.003029
0.280000 0.290000 0.002794
0.280000 0.300000 0.002568
0.280000 0.310000 0.000000
0.280000 0.320000 0.001059
0.280000 0.330000 0.000495
0.280000 0.340000 0.000000
0.280000 0.350000 0.000000
0.280000 0.360000 0.000000
0.280000 0.370000 -0.001999
0.280000 0.380000 -0.002401
0.280000 0.390000 -0.002943
0.280000 0.400000 0.000000
0.280000 0.410000 0.000000
0.280000 0.420000 0.000000
0.280000 0.430000 0.000000
0.280000 0.440000 0.000000
0.280000 0.450000 0.000000
0.280000 0.460000 0.000000
0.280000 0.470000 0.000000
0.280000 0.480000 0.000000
0.280000 0.490000 0.000000
0.290000 0.000000 0.000000
0.290000 0.010000 0.000000
0.290000 0.020000 0.000000
0.290000 0.030000 0.000000
0.290000 0.040000 0.000000
0.290000 0.050000 0.000000
0.290000 0.060000 0.000000
0.290000 0.070000 0.000000
0.290000 0.080000 0.000000
0.290000 0.090000 0.000000
0.290000 0.100000 0.000000
0.290000 0.110000 0.000000
0.290000 0.120000 0.000000
0.290000 0.130000 0.000000
0.290000 0.140000 0.000000
0.290000 0.150000 0.000000
0.290000 0.160000 0.000000
0.290000 0.170000 0.000000
0.290000 0.180000 0.009077
0.290000 0.190000 0.000000
0.290000 0.200000 0.000000
0.290000 0.210000 0.000000
0.290000 0.220000 0.000000
0.290000 0.230000 0.000000
0.290000 0.240000 0.004764
0.290000 0.250000 0.003729
0.290000 0.260000 0.003456
0.290000 0.270000 0.003180
0.290000 0.280000 0.002794
0.290000 0.290000 0.002254
0.290000 0.300000 0.002268
0.290000 0.310000 0.000000
0.290000 0.320000 0.000734
0.290000 0.330000 0.000000
0.290000 0.340000 0.000000
0.290000 0.350000 0.000000
0.290000 0.360000 -0.001253
0.290000 0.370000 -0.001915
0.290000 0.380000 -0.002479
0.290000 0.390000 -0.002930
0.290000 0.400000 -0.003460
0.290000 0.410000 -0.003729
0.290000 0.420000 0.000000
0.290000 0.430000 0.000000
0.290000 0.440000 0.000000
0.290000 0.450000 0.000000
0.290000 0.460000 0.000000
0.290000 0.470000 0.000000
0.290000 0.480000 0.000000
0.290000 0.490000 0.000000
0.300000 0.000000 0.000000
0.300000 0.010000 0.000000
0.300000 0.020000 0.000000
0.300000 0.030000 0.000000
0.300000 0.040000 0.000000
0.300000 0.050000 0.000000
0.300000 0.060000 0.000000
0.300000 0.070000 0.000000
0.300000 0.080000 0.000000
0.300000 0.090000 0.000000
0.300000 0.100000 0.000000
0.300000 0.110000 0.000000
0.300000 0.120000 0.000000
0.300000 0.130000 0.000000
0.300000 0.140000 0.000000
0.300000 0.150000 0.000000
0.300000 0.160000 0.000000
0.300000 0.170000 0.000000
0.300000 0.180000 0.000000
0.300000 0.190000 0.000000
0.300000 0.200000 0.000000
0.300000 0.210000 0.000000
0.300000 0.220000 0.000000
0.300000 0.230000 0.005194
0.300000 0.240000 0.004764
0.300000 0.250000 0.000000
0.300000 0.260000 0.000000
0.300000 0.270000 0.000000
0.300000 0.280000 0.000000
0.300000 0.290000 0.000000
0.300000 0.300000 0.001665
0.300000 0.310000 0.000000
0.300000 0.320000 0.000584
0.300000 0.330000 0.000460
0.300000 0.340000 0.000000
0.300000 0.350000 -0.001006
0.300000 0.360000 -0.001301
0.300000 0.370000 -0.001674
0.300000 0.380000 0.000000
0.300000 0.390000 -0.003035
0.300000 0.400000 -0.003551
0.300000 0.410000 -0.003828
0.300000 0.420000 -0.004209
0.300000 0.430000 0.000000
0.300000 0.440000 0.000000
0.300000 0.450000 0.000000
0.300000 0.460000 0.000000
0.300000 0.470000 0.000000
0.300000 0.480000 0.000000
0.300000 0.490000 0.000000
0.310000 0.000000 0.000000
0.310000 0.010000 0.000000
0.310000 0.020000 0.000000
0.310000 0.030000 0.000000
0.310000 0.040000 0.000000
0.310000 0.050000 0.000000
0.310000 0.060000 0.000000
0.310000 0.070000 0.000000
0.310000 0.080000 0.000000
0.310000 0.090000 0.000000
0.310000 0.100000 0.000000
0.310000 0.110000 0.000000
0.310000 0.120000 0.000000
0.310000 0.130000 0.000000
0.310000 0.140000 0.000000
0.310000 0.150000 0.000000
0.310000 0.160000 0.000000
0.310000 0.170000 0.000000
0.310000 0.180000 0.000000
0.310000 0.190000 0.000000
0.310000 0.200000 0.000000
0.310000 0.210000 0.000000
0.310000 0.220000 0.000000
0.310000 0.230000 0.000000
0.310000 0.240000 0.000000
0.310000 0.250000 0.000000
0.310000 0.260000 0.000000
0.310000 0.270000 0.000000
0.310000 0.280000 0.001989
0.310000 0.290000 0.000000
0.310000 0.300000 0.001549
0.310000 0.310000 0.000628
0.310000 0.320000 0.000442
0.310000 0.330000 0.000000
0.310000 0.340000 -0.000620
0.310000 0.350000 -0.000897
0.310000 0.360000 -0.001282
0.310000 0.370000 0.000000
0.310000 0.380000 -0.002156
0.310000 0.390000 -0.002772
0.310000 0.400000 -0.003417
0.310000 0.410000 -0.003825
0.310000 0.420000 -0.004332
0.310000 0.430000 -0.005180
0.310000 0.440000 -0.006111
0.310000 0.450000 0.000000
0.310000 0.460000 0.000000
0.310000 0.470000 0.000000
0.310000 0.480000 0.000000
0.310000 0.490000 0.000000
0.320000 0.000000 0.000000
0.320000 0.010000 0.000000
0.320000 0.020000 0.000000
0.320000 0.030000 0.000000
0.320000 0.040000 0.000000
0.320000 0.050000 0.000000
0.320000 0.060000 0.000000
0.320000 0.070000 0.000000
0.320000 0.080000 0.000000
0.320000 0.090000 0.000000
0.320000 0.100000 0.000000
0.320000 0.110000 0.000000
0.320000 0.120000 0.000000
0.320000 0.130000 0.000000
0.320000 0.140000 0.000000
0.320000 0.150000 0.000000
0.320000 0.160000 0.000000
0.320000 0.170000 0.000000
0.320000 0.180000 0.000000
0.320000 0.190000 0.000000
0.320000 0.200000 0.000000
0.320000 0.210000 0.000000
0.320000 0.220000 0.000000
0.320000 0.230000 0.000000
0.320000 0.240000 0.000000
0.320000 0.250000 0.000000
0.320000 0.260000 0.002488
0.320000 0.270000 0.002245
0.320000 0.280000 0.001975
0.320000 0.290000 0.001475
0.320000 0.300000 0.001274
0.320000 0.310000 0.000000
0.320000 0.320000 0.000438
0.320000 0.330000 -0.000132
0.320000 0.340000 -0.000545
0.320000 0.350000 -0.000850
0.320000 0.360000 -0.001216
0.320000 0.370000 -0.001794
0.320000 0.380000 -0.002072
0.320000 0.390000 -0.002966
0.320000 0.400000 -0.003279
0.320000 0.410000 -0.003949
0.320000 0.420000 -0.004385
0.320000 0.430000 -0.004993
0.320000 0.440000 -0.005479
0.320000 0.450000 -0.005516
0.320000 0.460000 0.000000
0.320000 0.470000 0.000000
0.320000 0.480000 0.000000
0.320000 0.490000 0.000000
0.330000 0.000000 0.012493
0.330000 0.010000 0.011733
0.330000 0.020000 0.011363
0.330000 0.030000 0.011003
0.330000 0.040000 0.010643
0.330000 0.050000 0.010281
0.330000 0.060000 0.009918
0.330000 0.070000 0.009554
0.330000 0.080000 0.009190
0.330000 0.090000 0.008825
0.330000 0.100000 0.008459
0.330000 0.110000 0.008094
0.330000 0.120000 0.007728
0.330000 0.130000 0.007362
0.330000 0.140000 0.006996
0.330000 0.150000 0.006630
0.330000 0.160000 0.006264
0.330000 0.170000 0.005899
0.330000 0.180000 0.005536
0.330000 0.190000 0.005174
0.330000 0.200000 0.004737
0.330000 0.210000 0.004354
0.330000 0.220000 0.003985
0.330000 0.230000 0.003616
0.330000 0.240000 0.003247
0.330000 0.250000 0.002942
0.330000 0.260000 0.002567
0.330000 0.270000 0.002247
0.330000 0.280000 0.001846
0.330000 0.290000 0.001494
0.330000 0.300000 0.001280
0.330000 0.310000 0.000841
0.330000 0.320000 0.000381
0.330000 0.330000 0.000045
0.330000 0.340000 -0.000594
0.330000 0.350000 -0.000778
0.330000 0.360000 0.000000
0.330000 0.370000 -0.001695
0.330000 0.380000 -0.002210
0.330000 0.390000 -0.002637
0.330000 0.400000 -0.003194
0.330000 0.410000 0.000000
0.330000 0.420000 -0.003095
0.330000 0.430000 -0.003813
0.330000 0.440000 -0.004350
0.330000 0.450000 0.000000
0.330000 0.460000 0.000000
0.330000 0.470000 0.000000
0.330000 0.480000 0.000000
0.330000 0.490000 0.000000
0.340000 0.000000 0.012564
0.340000 0.010000 0.011667
0.340000 0.020000 0.011356
0.340000 0.030000 0.011005
0.340000 0.040000 0.010645
0.340000 0.050000 0.010283
0.340000 0.060000 0.009919
0.340000 0.070000 0.009555
0.340000 0.080000 0.009190
0.340000 0.090000 0.008825
0.340000 0.100000 0.008459
0.340000 0.110000 0.008094
0.340000 0.120000 0.007728
0.340000 0.130000 0.007362
0.340000 0.140000 0.006995
0.340000 0.150000 0.006629
0.340000 0.160000 0.006263
0.340000 0.170000 0.005898
0.340000 0.180000 0.005533
0.340000 0.190000 0.005173
0.340000 0.200000 0.004747
0.340000 0.210000 0.004357
0.340000 0.220000 0.003988
0.340000 0.230000 0.003620
0.340000 0.240000 0.003253
0.340000 0.250000 0.002942
0.340000 0.260000 0.002590
0.340000 0.270000 0.002246
0.340000 0.280000 0.001909
0.340000 0.290000 0.001469
0.340000 0.300000 0.001174
0.340000 0.310000 0.000838
0.340000 0.320000 0.000577
0.340000 0.330000 0.000015
0.340000 0.340000 -0.000583
0.340000 0.350000 -0.000921
0.340000 0.360000 -0.001181
0.340000 0.370000 -0.001578
0.340000 0.380000 -0.002081
0.340000 0.390000 -0.002555
0.340000 0.400000 -0.003118
0.340000 0.410000 0.000000
0.340000 0.420000 -0.002824
0.340000 0.430000 -0.003283
0.340000 0.440000 -0.003550
0.340000 0.450000 0.000000
0.340000 0.460000 0.000000
0.340000 0.470000 0.000000
0.340000 0.480000 0.000000
0.340000 0.490000 0.000000
0.350000 0.000000 0.012385
0.350000 0.010000 0.011783
0.350000 0.020000 0.011389
0.350000 0.030000 0.011017
0.350000 0.040000 0.010650
0.350000 0.050000 0.010285
0.350000 0.060000 0.009921
0.350000 0.070000 0.009556
0.350000 0.080000 0.009191
0.350000 0.090000 0.008825
0.350000 0.100000 0.008460
0.350000 0.110000 0.008094
0.350000 0.120000 0.007728
0.350000 0.130000 0.007362
0.350000 0.140000 0.006995
0.350000 0.150000 0.006629
0.350000 0.160000 0.006262
0.350000 0.170000 0.005895
0.350000 0.180000 0.005528
0.350000 0.190000 0.005160
0.350000 0.200000 0.004782
0.350000 0.210000 0.004361
0.350000 0.220000 0.003992
0.350000 0.230000 0.003628
0.350000 0.240000 0.003270
0.350000 0.250000 0.002917
0.350000 0.260000 0.002604
0.350000 0.270000 0.002248
0.350000 0.280000 0.001892
0.350000 0.290000 0.001536
0.350000 0.300000 0.001165
0.350000 0.310000 0.000863
0.350000 0.320000 0.000497
0.350000 0.330000 -0.000123
0.350000 0.340000 -0.000390
0.350000 0.350000 -0.000897
0.350000 0.360000 -0.001072
0.350000 0.370000 -0.001647
0.350000 0.380000 0.000000
0.350000 0.390000 0.000000
0.350000 0.400000 -0.003015
0.350000 0.410000 -0.003022
0.350000 0.420000 0.000000
0.350000 0.430000 -0.003186
0.350000 0.440000 -0.003591
0.350000 0.450000 -0.004019
0.350000 0.460000 0.000000
0.350000 0.470000 0.000000
0.350000 0.480000 0.000000
0.350000 0.490000 0.000000
0.360000 0.000000 0.012425
0.360000 0.010000 0.011811
0.360000 0.020000 0.011401
0.360000 0.030000 0.011023
0.360000 0.040000 0.010654
0.360000 0.050000 0.010288
0.360000 0.060000 0.009922
0.360000 0.070000 0.009557
0.360000 0.080000 0.009192
0.360000 0.090000 0.008826
0.360000 0.100000 0.008460
0.360000 0.110000 0.008094
0.360000 0.120000 0.007728
0.360000 0.130000 0.007362
0.360000 0.140000 0.006995
0.360000 0.150000 0.006628
0.360000 0.160000 0.006261
0.360000 0.170000 0.005893
0.360000 0.180000 0.005525
0.360000 0.190000 0.005157
0.360000 0.200000 0.004790
0.360000 0.210000 0.004372
0.360000 0.220000 0.004005
0.360000 0.230000 0.003634
0.360000 0.240000 0.003285
0.360000 0.250000 0.002913
0.360000 0.260000 0.002601
0.360000 0.270000 0.002244
0.360000 0.280000 0.001887
0.360000 0.290000 0.001531
0.360000 0.300000 0.001179
0.360000 0.310000 0.000840
0.360000 0.320000 0.000489
0.360000 0.330000 -0.000073
0.360000 0.340000 -0.000294
0.360000 0.350000 -0.000636
0.360000 0.360000 -0.001319
0.360000 0.370000 -0.001786
0.360000 0.380000 -0.002126
0.360000 0.390000 -0.002679
0.360000 0.400000 -0.002918
0.360000 0.410000 -0.003051
0.360000 0.420000 -0.003176
0.360000 0.430000 -0.003482
0.360000 0.440000 -0.003735
0.360000 0.450000 0.000000
0.360000 0.460000 0.000000
0.360000 0.470000 0.000000
0.360000 0.480000 0.000000
0.360000 0.490000 0.000000
0.370000 0.000000 0.012584
0.370000 0.010000 0.011710
0.370000 0.020000 0.011379
0.370000 0.030000 0.011020
0.370000 0.040000 0.010655
0.370000 0.050000 0.010289
0.370000 0.060000 0.009924
0.370000 0.070000 0.009558
0.370000 0.080000 0.009193
0.370000 0.090000 0.008827
0.370000 0.100000 0.008461
0.370000 0.110000 0.008095
0.370000 0.120000 0.007729
0.370000 0.130000 0.007362
0.370000 0.140000 0.006995
0.370000 0.150000 0.006628
0.370000 0.160000 0.006261
0.370000 0.170000 0.005892
0.370000 0.180000 0.005523
0.370000 0.190000 0.005152
0.370000 0.200000 0.004778
0.370000 0.210000 0.004394
0.370000 0.220000 0.004033
0.370000 0.230000 0.003625
0.370000 0.240000 0.003327
0.370000 0.250000 0.002917
0.370000 0.260000 0.002572
0.370000 0.270000 0.002248
0.370000 0.280000 0.001884
0.370000 0.290000 0.001527
0.370000 0.300000 0.001180
0.370000 0.310000 0.000828
0.370000 0.320000 0.000459
0.370000 0.330000 0.000088
0.370000 0.340000 -0.000263
0.370000 0.350000 -0.000561
0.370000 0.360000 -0.001191
0.370000 0.370000 -0.001652
0.370000 0.380000 -0.002215
0.370000 0.390000 -0.002544
0.370000 0.400000 -0.002862
0.370000 0.410000 -0.003034
0.370000 0.420000 -0.003056
0.370000 0.430000 -0.003429
0.370000 0.440000 -0.003619
0.370000 0.450000 0.000000
0.370000 0.460000 0.000000
0.370000 0.470000 0.000000
0.370000 0.480000 0.000000
0.370000 0.490000 0.000000
0.380000 0.000000 0.012531
0.380000 0.010000 0.011763
0.380000 0.020000 0.011387
0.380000 0.030000 0.011022
0.380000 0.040000 0.010656
0.380000 0.050000 0.010291
0.380000 0.060000 0.009925
0.380000 0.070000 0.009560
0.380000 0.080000 0.009194
0.380000 0.090000 0.008828
0.380000 0.100000 0.008462
0.380000 0.110000 0.008096
0.380000 0.120000 0.007730
0.380000 0.130000 0.007363
0.380000 0.140000 0.006996
0.380000 0.150000 0.006629
0.380000 0.160000 0.006261
0.380000 0.170000 0.005892
0.380000 0.180000 0.005523
0.380000 0.190000 0.005151
0.380000 0.200000 0.004777
0.380000 0.210000 0.004397
0.380000 0.220000 0.004045
0.380000 0.230000 0.003635
0.380000 0.240000 0.003355
0.380000 0.250000 0.002932
0.380000 0.260000 0.002583
0.380000 0.270000 0.002231
0.380000 0.280000 0.001875
0.380000 0.290000 0.001514
0.380000 0.300000 0.001190
0.380000 0.310000 0.000834
0.380000 0.320000 0.000489
0.380000 0.330000 0.000152
0.380000 0.340000 -0.000246
0.380000 0.350000 -0.000654
0.380000 0.360000 -0.000956
0.380000 0.370000 -0.001779
0.380000 0.380000 -0.001927
0.380000 0.390000 -0.002405
0.380000 0.400000 -0.002804
0.380000 0.410000 -0.003017
0.380000 0.420000 -0.003099
0.380000 0.430000 -0.003396
0.380000 0.440000 -0.003679
0.380000 0.450000 0.000000
0.380000 0.460000 0.000000
0.380000 0.470000 0.000000
0.380000 0.480000 0.000000
0.380000 0.490000 0.000000
0.390000 0.000000 0.012599
0.390000 0.010000 0.011729
0.390000 0.020000 0.011384
0.390000 0.030000 0.011023
0.390000 0.040000 0.010658
0.390000 0.050000 0.010293
0.390000 0.060000 0.009927
0.390000 0.070000 0.009561
0.390000 0.080000 0.009195
0.390000 0.090000 0.008829
0.390000 0.100000 0.008463
0.390000 0.110000 0.008097
0.390000 0.120000 0.007731
0.390000 0.130000 0.007364
0.390000 0.140000 0.006997
0.390000 0.150000 0.006630
0.390000 0.160000 0.006262
0.390000 0.170000 0.005894
0.390000 0.180000 0.005524
0.390000 0.190000 0.005153
0.390000 0.200000 0.004782
0.390000 0.210000 0.004379
0.390000 0.220000 0.004046
0.390000 0.230000 0.003682
0.390000 0.240000 0.003333
0.390000 0.250000 0.002959
0.390000 0.260000 0.002608
0.390000 0.270000 0.002227
0.390000 0.280000 0.001874
0.390000 0.290000 0.001527
0.390000 0.300000 0.001175
0.390000 0.310000 0.000833
0.390000 0.320000 0.000511
0.390000 0.330000 0.000132
0.390000 0.340000 -0.000357
0.390000 0.350000 -0.000639
0.390000 0.360000 -0.001019
0.390000 0.370000 -0.001527
0.390000 0.380000 -0.001840
0.390000 0.390000 -0.002146
0.390000 0.400000 -0.002873
0.390000 0.410000 0.000000
0.390000 0.420000 -0.003264
0.390000 0.430000 -0.003484
0.390000 0.440000 -0.003820
0.390000 0.450000 -0.004221
0.390000 0.460000 0.000000
0.390000 0.470000 0.000000
0.390000 0.480000 0.000000
0.390000 0.490000 0.000000
0.400000 0.000000 0.012533
0.400000 0.010000 0.011779
0.400000 0.020000 0.011398
0.400000 0.030000 0.011028
0.400000 0.040000 0.010661
0.400000 0.050000 0.010295
0.400000 0.060000 0.009929
0.400000 0.070000 0.009563
0.400000 0.080000 0.009197
0.400000 0.090000 0.008831
0.400000 0.100000 0.008465
0.400000 0.110000 0.008099
0.400000 0.120000 0.007732
0.400000 0.130000 0.007366
0.400000 0.140000 0.006999
0.400000 0.150000 0.006632
0.400000 0.160000 0.006265
0.400000 0.170000 0.005897
0.400000 0.180000 0.005529
0.400000 0.190000 0.005154
0.400000 0.200000 0.004751
0.400000 0.210000 0.004410
0.400000 0.220000 0.004061
0.400000 0.230000 0.003694
0.400000 0.240000 0.003333
0.400000 0.250000 0.002968
0.400000 0.260000 0.002606
0.400000 0.270000 0.002244
0.400000 0.280000 0.001880
0.400000 0.290000 0.001545
0.400000 0.300000 0.001159
0.400000 0.310000 0.000869
0.400000 0.320000 0.000519
0.400000 0.330000 0.000145
0.400000 0.340000 -0.000407
0.400000 0.350000 -0.000659
0.400000 0.360000 -0.001000
0.400000 0.370000 -0.001336
0.400000 0.380000 -0.001910
0.400000 0.390000 -0.002222
0.400000 0.400000 -0.002776
0.400000 0.410000 -0.003079
0.400000 0.420000 -0.003308
0.400000 0.430000 0.000000
0.400000 0.440000 -0.003805
0.400000 0.450000 -0.003750
0.400000 0.460000 0.000000
0.400000 0.470000 0.000000
0.400000 0.480000 0.000000
0.400000 0.490000 0.000000
0.410000 0.000000 0.012502
0.410000 0.010000 0.011791
0.410000 0.020000 0.011399
0.410000 0.030000 0.011029
0.410000 0.040000 0.010662
0.410000 0.050000 0.010297
0.410000 0.060000 0.009931
0.410000 0.070000 0.009565
0.410000 0.080000 0.009199
0.410000 0.090000 0.008833
0.410000 0.100000 0.008466
0.410000 0.110000 0.008100
0.410000 0.120000 0.007734
0.410000 0.130000 0.007368
0.410000 0.140000 0.007001
0.410000 0.150000 0.006634
0.410000 0.160000 0.006268
0.410000 0.170000 0.005901
0.410000 0.180000 0.005538
0.410000 0.190000 0.005115
0.410000 0.200000 0.004778
0.410000 0.210000 0.004430
0.410000 0.220000 0.004066
0.410000 0.230000 0.003702
0.410000 0.240000 0.003339
0.410000 0.250000 0.002976
0.410000 0.260000 0.002606
0.410000 0.270000 0.002265
0.410000 0.280000 0.001863
0.410000 0.290000 0.001566
0.410000 0.300000 0.001177
0.410000 0.310000 0.000848
0.410000 0.320000 0.000504
0.410000 0.330000 0.000066
0.410000 0.340000 -0.000283
0.410000 0.350000 -0.000684
0.410000 0.360000 -0.000991
0.410000 0.370000 -0.001370
0.410000 0.380000 -0.001859
0.410000 0.390000 -0.002121
0.410000 0.400000 -0.002659
0.410000 0.410000 -0.003209
0.410000 0.420000 0.000000
0.410000 0.430000 -0.003608
0.410000 0.440000 -0.003888
0.410000 0.450000 -0.003787
0.410000 0.460000 0.000000
0.410000 0.470000 0.000000
0.410000 0.480000 0.000000
0.410000 0.490000 0.000000
0.420000 0.000000 0.012595
0.420000 0.010000 0.011707
0.420000 0.020000 0.011380
0.420000 0.030000 0.011026
0.420000 0.040000 0.010664
0.420000 0.050000 0.010299
0.420000 0.060000 0.009933
0.420000 0.070000 0.009567
0.420000 0.080000 0.009200
0.420000 0.090000 0.008834
0.420000 0.100000 0.008468
0.420000 0.110000 0.008102
0.420000 0.120000 0.007736
0.420000 0.130000 0.007370
0.420000 0.140000 0.007003
0.420000 0.150000 0.006637
0.420000 0.160000 0.006271
0.420000 0.170000 0.005903
0.420000 0.180000 0.005528
0.420000 0.190000 0.005111
0.420000 0.200000 0.004789
0.420000 0.210000 0.004439
0.420000 0.220000 0.004073
0.420000 0.230000 0.003709
0.420000 0.240000 0.003346
0.420000 0.250000 0.002992
0.420000 0.260000 0.002585
0.420000 0.270000 0.002288
0.420000 0.280000 0.001887
0.420000 0.290000 0.001548
0.420000 0.300000 0.001188
0.420000 0.310000 0.000840
0.420000 0.320000 0.000493
0.420000 0.330000 0.000055
0.420000 0.340000 -0.000296
0.420000 0.350000 -0.000675
0.420000 0.360000 -0.000884
0.420000 0.370000 -0.001408
0.420000 0.380000 -0.001721
0.420000 0.390000 -0.001980
0.420000 0.400000 -0.002257
0.420000 0.410000 -0.002943
0.420000 0.420000 -0.003377
0.420000 0.430000 -0.003562
0.420000 0.440000 -0.004006
0.420000 0.450000 0.000000
0.420000 0.460000 0.000000
0.420000 0.470000 0.000000
0.420000 0.480000 0.000000
0.420000 0.490000 0.000000
0.430000 0.000000 0.012550
0.430000 0.010000 0.011735
0.430000 0.020000 0.011389
0.430000 0.030000 0.011031
0.430000 0.040000 0.010667
0.430000 0.050000 0.010302
0.430000 0.060000 0.009935
0.430000 0.070000 0.009569
0.430000 0.080000 0.009202
0.430000 0.090000 0.008836
0.430000 0.100000 0.008470
0.430000 0.110000 0.008104
0.430000 0.120000 0.007738
0.430000 0.130000 0.007372
0.430000 0.140000 0.007006
0.430000 0.150000 0.006640
0.430000 0.160000 0.006275
0.430000 0.170000 0.005911
0.430000 0.180000 0.005486
0.430000 0.190000 0.005148
0.430000 0.200000 0.004804
0.430000 0.210000 0.004442
0.430000 0.220000 0.004079
0.430000 0.230000 0.003715
0.430000 0.240000 0.003349
0.430000 0.250000 0.002992
0.430000 0.260000 0.002617
0.430000 0.270000 0.002270
0.430000 0.280000 0.001903
0.430000 0.290000 0.001547
0.430000 0.300000 0.001189
0.430000 0.310000 0.000836
0.430000 0.320000 0.000485
0.430000 0.330000 0.000050
0.430000 0.340000 -0.000256
0.430000 0.350000 -0.000687
0.430000 0.360000 -0.000889
0.430000 0.370000 -0.001318
0.430000 0.380000 -0.001668
0.430000 0.390000 -0.001914
0.430000 0.400000 -0.002390
0.430000 0.410000 -0.002820
0.430000 0.420000 -0.003079
0.430000 0.430000 -0.003283
0.430000 0.440000 -0.003928
0.430000 0.450000 0.000000
0.430000 0.460000 0.000000
0.430000 0.470000 0.000000
0.430000 0.480000 0.000000
0.430000 0.490000 0.000000
0.440000 0.000000 0.012453
0.440000 0.010000 0.011782
0.440000 0.020000 0.011411
0.440000 0.030000 0.011041
0.440000 0.040000 0.010673
0.440000 0.050000 0.010305
0.440000 0.060000 0.009938
0.440000 0.070000 0.009571
0.440000 0.080000 0.009204
0.440000 0.090000 0.008838
0.440000 0.100000 0.008471
0.440000 0.110000 0.008105
0.440000 0.120000 0.007739
0.440000 0.130000 0.007374
0.440000 0.140000 0.007009
0.440000 0.150000 0.006644
0.440000 0.160000 0.006278
0.440000 0.170000 0.005901
0.440000 0.180000 0.005482
0.440000 0.190000 0.005160
0.440000 0.200000 0.004812
0.440000 0.210000 0.004445
0.440000 0.220000 0.004085
0.440000 0.230000 0.003717
0.440000 0.240000 0.003358
0.440000 0.250000 0.002995
0.440000 0.260000 0.002629
0.440000 0.270000 0.002271
0.440000 0.280000 0.001908
0.440000 0.290000 0.001549
0.440000 0.300000 0.001190
0.440000 0.310000 0.000832
0.440000 0.320000 0.000473
0.440000 0.330000 0.000107
0.440000 0.340000 -0.000303
0.440000 0.350000 -0.000605
0.440000 0.360000 -0.000900
0.440000 0.370000 -0.001296
0.440000 0.380000 -0.001594
0.440000 0.390000 -0.002074
0.440000 0.400000 -0.002386
0.440000 0.410000 -0.002730
0.440000 0.420000 -0.003164
0.440000 0.430000 0.000000
0.440000 0.440000 0.000000
0.440000 0.450000 0.000000
0.440000 0.460000 0.000000
0.440000 0.470000 0.000000
0.440000 0.480000 0.000000
0.440000 0.490000 0.000000
0.450000 0.000000 0.012345
0.450000 0.010000 0.011845
0.450000 0.020000 0.011433
0.450000 0.030000 0.011051
0.450000 0.040000 0.010678
0.450000 0.050000 0.010308
0.450000 0.060000 0.009940
0.450000 0.070000 0.009573
0.450000 0.080000 0.009206
0.450000 0.090000 0.008839
0.450000 0.100000 0.008473
0.450000 0.110000 0.008107
0.450000 0.120000 0.007741
0.450000 0.130000 0.007376
0.450000 0.140000 0.007012
0.450000 0.150000 0.006649
0.450000 0.160000 0.006289
0.450000 0.170000 0.005856
0.450000 0.180000 0.005517
0.450000 0.190000 0.005175
0.450000 0.200000 0.004812
0.450000 0.210000 0.004447
0.450000 0.220000 0.004092
0.450000 0.230000 0.003724
0.450000 0.240000 0.003362
0.450000 0.250000 0.002999
0.450000 0.260000 0.002635
0.450000 0.270000 0.002274
0.450000 0.280000 0.001912
0.450000 0.290000 0.001551
0.450000 0.300000 0.001191
0.450000 0.310000 0.000831
0.450000 0.320000 0.000471
0.450000 0.330000 0.000109
0.450000 0.340000 -0.000256
0.450000 0.350000 -0.000595
0.450000 0.360000 -0.000912
0.450000 0.370000 -0.001303
0.450000 0.380000 -0.001540
0.450000 0.390000 -0.002046
0.450000 0.400000 -0.002393
0.450000 0.410000 -0.002710
0.450000 0.420000 -0.003114
0.450000 0.430000 -0.003263
0.450000 0.440000 0.000000
0.450000 0.450000 0.000000
0.450000 0.460000 0.000000
0.450000 0.470000 0.000000
0.450000 0.480000 0.000000
0.450000 0.490000 0.000000
0.460000 0.000000 0.012370
0.460000 0.010000 0.011823
0.460000 0.020000 0.011426
0.460000 0.030000 0.011050
0.460000 0.040000 0.010679
0.460000 0.050000 0.010310
0.460000 0.060000 0.009942
0.460000 0.070000 0.009574
0.460000 0.080000 0.009207
0.460000 0.090000 0.008840
0.460000 0.100000 0.008474
0.460000 0.110000 0.008108
0.460000 0.120000 0.007742
0.460000 0.130000 0.007377
0.460000 0.140000 0.007013
0.460000 0.150000 0.006651
0.460000 0.160000 0.006291
0.460000 0.170000 0.005846
0.460000 0.180000 0.005526
0.460000 0.190000 0.005182
0.460000 0.200000 0.004810
0.460000 0.210000 0.004457
0.460000 0.220000 0.004094
0.460000 0.230000 0.003729
0.460000 0.240000 0.003366
0.460000 0.250000 0.003003
0.460000 0.260000 0.002640
0.460000 0.270000 0.002277
0.460000 0.280000 0.001915
0.460000 0.290000 0.001554
0.460000 0.300000 0.001193
0.460000 0.310000 0.000834
0.460000 0.320000 0.000475
0.460000 0.330000 0.000117
0.460000 0.340000 -0.000235
0.460000 0.350000 -0.000579
0.460000 0.360000 -0.000928
0.460000 0.370000 -0.001281
0.460000 0.380000 -0.001603
0.460000 0.390000 -0.001943
0.460000 0.400000 -0.002303
0.460000 0.410000 -0.002648
0.460000 0.420000 -0.002695
0.460000 0.430000 -0.003038
0.460000 0.440000 -0.003122
0.460000 0.450000 -0.003231
0.460000 0.460000 0.000000
0.460000 0.470000 0.000000
0.460000 0.480000 0.000000
0.460000 0.490000 0.000000
0.470000 0.000000 0.012570
0.470000 0.010000 0.011708
0.470000 0.020000 0.011399
0.470000 0.030000 0.011044
0.470000 0.040000 0.010678
0.470000 0.050000 0.010311
0.470000 0.060000 0.009943
0.470000 0.070000 0.009575
0.470000 0.080000 0.009208
0.470000 0.090000 0.008841
0.470000 0.100000 0.008475
0.470000 0.110000 0.008109
0.470000 0.120000 0.007743
0.470000 0.130000 0.007378
0.470000 0.140000 0.007014
0.470000 0.150000 0.006650
0.470000 0.160000 0.006290
0.470000 0.170000 0.005854
0.470000 0.180000 0.005524
0.470000 0.190000 0.005183
0.470000 0.200000 0.004814
0.470000 0.210000 0.004461
0.470000 0.220000 0.004096
0.470000 0.230000 0.003732
0.470000 0.240000 0.003369
0.470000 0.250000 0.003006
0.470000 0.260000 0.002643
0.470000 0.270000 0.002280
0.470000 0.280000 0.001918
0.470000 0.290000 0.001556
0.470000 0.300000 0.001196
0.470000 0.310000 0.000836
0.470000 0.320000 0.000479
0.470000 0.330000 0.000123
0.470000 0.340000 -0.000227
0.470000 0.350000 -0.000574
0.470000 0.360000 -0.000916
0.470000 0.370000 -0.001275
0.470000 0.380000 -0.001605
0.470000 0.390000 -0.001892
0.470000 0.400000 -0.002373
0.470000 0.410000 -0.002716
0.470000 0.420000 -0.002833
0.470000 0.430000 -0.003105
0.470000 0.440000 0.000000
0.470000 0.450000 0.000000
0.470000 0.460000 -0.002997
0.470000 0.470000 0.000000
0.470000 0.480000 0.000000
0.470000 0.490000 0.000000
0.480000 0.000000 0.012461
0.480000 0.010000 0.011789
0.480000 0.020000 0.011416
0.480000 0.030000 0.011048
0.480000 0.040000 0.010680
0.480000 0.050000 0.010312
0.480000 0.060000 0.009944
0.480000 0.070000 0.009576
0.480000 0.080000 0.009209
0.480000 0.090000 0.008842
0.480000 0.100000 0.008476
0.480000 0.110000 0.008109
0.480000 0.120000 0.007744
0.480000 0.130000 0.007379
0.480000 0.140000 0.007014
0.480000 0.150000 0.006648
0.480000 0.160000 0.006279
0.480000 0.170000 0.005890
0.480000 0.180000 0.005506
0.480000 0.190000 0.005183
0.480000 0.200000 0.004821
0.480000 0.210000 0.004459
0.480000 0.220000 0.004097
0.480000 0.230000 0.003734
0.480000 0.240000 0.003371
0.480000 0.250000 0.003008
0.480000 0.260000 0.002645
0.480000 0.270000 0.002282
0.480000 0.280000 0.001920
0.480000 0.290000 0.001558
0.480000 0.300000 0.001198
0.480000 0.310000 0.000839
0.480000 0.320000 0.000481
0.480000 0.330000 0.000127
0.480000 0.340000 -0.000223
0.480000 0.350000 -0.000570
0.480000 0.360000 -0.000914
0.480000 0.370000 -0.001268
0.480000 0.380000 -0.001602
0.480000 0.390000 -0.001872
0.480000 0.400000 -0.002428
0.480000 0.410000 -0.002703
0.480000 0.420000 -0.002939
0.480000 0.430000 -0.003192
0.480000 0.440000 -0.003476
0.480000 0.450000 -0.003459
0.480000 0.460000 -0.002868
0.480000 0.470000 0.000000
0.480000 0.480000 0.000000
0.480000 0.490000 0.000000
0.490000 0.000000 0.012423
0.490000 0.010000 0.011818
0.490000 0.020000 0.011429
0.490000 0.030000 0.011053
0.490000 0.040000 0.010682
0.490000 0.050000 0.010313
0.490000 0.060000 0.009944
0.490000 0.070000 0.009577
0.490000 0.080000 0.009209
0.490000 0.090000 0.008842
0.490000 0.100000 0.008476
0.490000 0.110000 0.008110
0.490000 0.120000 0.007744
0.490000 0.130000 0.007379
0.490000 0.140000 0.007014
0.490000 0.150000 0.006650
0.490000 0.160000 0.006287
0.490000 0.170000 0.005931
0.490000 0.180000 0.005416
0.490000 0.190000 0.005256
0.490000 0.200000 0.004817
0.490000 0.210000 0.004458
0.490000 0.220000 0.004097
0.490000 0.230000 0.003735
0.490000 0.240000 0.003372
0.490000 0.250000 0.003009
0.490000 0.260000 0.002646
0.490000 0.270000 0.002283
0.490000 0.280000 0.001921
0.490000 0.290000 0.001559
0.490000 0.300000 0.001199
0.490000 0.310000 0.000840
0.490000 0.320000 0.000483
0.490000 0.330000 0.000129
0.490000 0.340000 -0.000222
0.490000 0.350000 -0.000569
0.490000 0.360000 -0.000915
0.490000 0.370000 -0.001261
0.490000 0.380000 -0.001595
0.490000 0.390000 -0.001926
0.490000 0.400000 -0.002318
0.490000 0.410000 -0.002808
0.490000 0.420000 0.000000
0.490000 0.430000 -0.002951
0.490000 0.440000 -0.003376
0.490000 0.450000 -0.003245
0.490000 0.460000 0.000000
0.490000 0.470000 0.000000
0.490000 0.480000 0.000000
0.490000 0.490000 0.000000
