0.000000 0.000000 0.035479
0.000000 0.010000 0.035190
0.000000 0.020000 0.034856
0.000000 0.030000 0.034357
0.000000 0.040000 0.025396
0.000000 0.050000 0.000000
0.000000 0.060000 0.000000
0.000000 0.070000 0.000000
0.000000 0.080000 0.000000
0.000000 0.090000 0.000000
0.000000 0.100000 0.000000
0.000000 0.110000 0.000000
0.000000 0.120000 0.000000
0.000000 0.130000 0.016355
0.000000 0.140000 0.016093
0.000000 0.150000 0.000000
0.000000 0.160000 0.000000
0.000000 0.170000 0.000000
0.000000 0.180000 0.000000
0.000000 0.190000 0.000000
0.000000 0.200000 0.000000
0.000000 0.210000 0.000000
0.000000 0.220000 0.000000
0.000000 0.230000 0.000000
0.000000 0.240000 0.000000
0.000000 0.250000 0.000000
0.000000 0.260000 0.000000
0.000000 0.270000 0.000000
0.000000 0.280000 0.000000
0.000000 0.290000 0.000000
0.000000 0.300000 0.000000
0.000000 0.310000 0.000000
0.000000 0.320000 0.000000
0.000000 0.330000 0.000000
0.000000 0.340000 0.000000
0.000000 0.350000 0.000000
0.000000 0.360000 0.000000
0.000000 0.370000 0.000000
0.000000 0.380000 0.000000
0.000000 0.390000 0.000000
0.000000 0.400000 0.000000
0.000000 0.410000 0.000000
0.000000 0.420000 0.000000
0.000000 0.430000 0.000000
0.000000 0.440000 0.000000
0.000000 0.450000 0.000000
0.000000 0.460000 0.000000
0.000000 0.470000 0.000000
0.000000 0.480000 0.000000
0.000000 0.490000 0.000000
0.010000 0.000000 0.035479
0.010000 0.010000 0.000000
0.010000 0.020000 0.000000
0.010000 0.030000 0.000000
0.010000 0.040000 0.000000
0.010000 0.050000 0.000000
0.010000 0.060000 0.000000
0.010000 0.070000 0.000000
0.010000 0.080000 0.000000
0.010000 0.090000 0.000000
0.010000 0.100000 0.000000
0.010000 0.110000 0.000000
0.010000 0.120000 0.000000
0.010000 0.130000 0.000000
0.010000 0.140000 0.000000
0.010000 0.150000 0.000000
0.010000 0.160000 0.000000
0.010000 0.170000 0.000000
0.010000 0.180000 0.000000
0.010000 0.190000 0.000000
0.010000 0.200000 0.000000
0.010000 0.210000 0.000000
0.010000 0.220000 0.000000
0.010000 0.230000 0.000000
0.010000 0.240000 0.000000
0.010000 0.250000 0.000000
0.010000 0.260000 0.000000
0.010000 0.270000 0.000000
0.010000 0.280000 0.000000
0.010000 0.290000 0.000000
0.010000 0.300000 0.000000
0.010000 0.310000 0.000000
0.010000 0.320000 0.000000
0.010000 0.330000 0.000000
0.010000 0.340000 0.000000
0.010000 0.350000 0.000000
0.010000 0.360000 0.000000
0.010000 0.370000 0.000000
0.010000 0.380000 0.000000
0.010000 0.390000 0.000000
0.010000 0.400000 0.000000
0.010000 0.410000 0.000000
0.010000 0.420000 0.000000
0.010000 0.430000 0.000000
0.010000 0.440000 0.000000
0.010000 0.450000 0.000000
0.010000 0.460000 0.000000
0.010000 0.470000 0.000000
0.010000 0.480000 0.000000
0.010000 0.490000 0.000000
0.020000 0.000000 0.035478
0.020000 0.010000 0.000000
0.020000 0.020000 0.000000
0.020000 0.030000 0.000000
0.020000 0.040000 0.000000
0.020000 0.050000 0.000000
0.020000 0.060000 0.000000
0.020000 0.070000 0.000000
0.020000 0.080000 0.000000
0.020000 0.090000 0.000000
0.020000 0.100000 0.000000
0.020000 0.110000 0.000000
0.020000 0.120000 0.000000
0.020000 0.130000 0.000000
0.020000 0.140000 0.000000
0.020000 0.150000 0.000000
0.020000 0.160000 0.000000
0.020000 0.170000 0.000000
0.020000 0.180000 0.000000
0.020000 0.190000 0.000000
0.020000 0.200000 0.000000
0.020000 0.210000 0.000000
0.020000 0.220000 0.000000
0.020000 0.230000 0.000000
0.020000 0.240000 0.000000
0.020000 0.250000 0.000000
0.020000 0.260000 0.000000
0.020000 0.270000 0.000000
0.020000 0.280000 0.000000
0.020000 0.290000 0.000000
0.020000 0.300000 0.000000
0.020000 0.310000 0.000000
0.020000 0.320000 0.000000
0.020000 0.330000 0.000000
0.020000 0.340000 0.000000
0.020000 0.350000 0.000000
0.020000 0.360000 0.000000
0.020000 0.370000 0.000000
0.020000 0.380000 0.000000
0.020000 0.390000 0.000000
0.020000 0.400000 0.000000
0.020000 0.410000 0.000000
0.020000 0.420000 0.000000
0.020000 0.430000 0.000000
0.020000 0.440000 0.000000
0.020000 0.450000 0.000000
0.020000 0.460000 0.000000
0.020000 0.470000 0.000000
0.020000 0.480000 0.000000
0.020000 0.490000 0.000000
0.030000 0.000000 0.035477
0.030000 0.010000 0.000000
0.030000 0.020000 0.000000
0.030000 0.030000 0.000000
0.030000 0.040000 0.000000
0.030000 0.050000 0.000000
0.030000 0.060000 0.000000
0.030000 0.070000 0.000000
0.030000 0.080000 0.000000
0.030000 0.090000 0.000000
0.030000 0.100000 0.000000
0.030000 0.110000 0.000000
0.030000 0.120000 0.000000
0.030000 0.130000 0.000000
0.030000 0.140000 0.000000
0.030000 0.150000 0.000000
0.030000 0.160000 0.000000
0.030000 0.170000 0.000000
0.030000 0.180000 0.000000
0.030000 0.190000 0.000000
0.030000 0.200000 0.000000
0.030000 0.210000 0.000000
0.030000 0.220000 0.000000
0.030000 0.230000 0.000000
0.030000 0.240000 0.000000
0.030000 0.250000 0.000000
0.030000 0.260000 0.000000
0.030000 0.270000 0.000000
0.030000 0.280000 0.000000
0.030000 0.290000 0.000000
0.030000 0.300000 0.000000
0.030000 0.310000 0.000000
0.030000 0.320000 0.000000
0.030000 0.330000 0.000000
0.030000 0.340000 0.000000
0.030000 0.350000 0.000000
0.030000 0.360000 0.000000
0.030000 0.370000 0.000000
0.030000 0.380000 0.000000
0.030000 0.390000 0.000000
0.030000 0.400000 0.000000
0.030000 0.410000 0.000000
0.030000 0.420000 0.000000
0.030000 0.430000 0.000000
0.030000 0.440000 0.000000
0.030000 0.450000 0.000000
0.030000 0.460000 0.000000
0.030000 0.470000 0.000000
0.030000 0.480000 0.000000
0.030000 0.490000 0.000000
0.040000 0.000000 0.035477
0.040000 0.010000 0.000000
0.040000 0.020000 0.000000
0.040000 0.030000 0.000000
0.040000 0.040000 0.000000
0.040000 0.050000 0.000000
0.040000 0.060000 0.000000
0.040000 0.070000 0.000000
0.040000 0.080000 0.000000
0.040000 0.090000 0.000000
0.040000 0.100000 0.000000
0.040000 0.110000 0.000000
0.040000 0.120000 0.000000
0.040000 0.130000 0.000000
0.040000 0.140000 0.000000
0.040000 0.150000 0.000000
0.040000 0.160000 0.000000
0.040000 0.170000 0.000000
0.040000 0.180000 0.000000
0.040000 0.190000 0.000000
0.040000 0.200000 0.000000
0.040000 0.210000 0.000000
0.040000 0.220000 0.000000
0.040000 0.230000 0.000000
0.040000 0.240000 0.000000
0.040000 0.250000 0.000000
0.040000 0.260000 0.000000
0.040000 0.270000 0.000000
0.040000 0.280000 0.000000
0.040000 0.290000 0.000000
0.040000 0.300000 0.000000
0.040000 0.310000 0.000000
0.040000 0.320000 0.000000
0.040000 0.330000 0.000000
0.040000 0.340000 0.000000
0.040000 0.350000 0.000000
0.040000 0.360000 0.000000
0.040000 0.370000 0.000000
0.040000 0.380000 0.000000
0.040000 0.390000 0.000000
0.040000 0.400000 0.000000
0.040000 0.410000 0.000000
0.040000 0.420000 0.000000
0.040000 0.430000 0.000000
0.040000 0.440000 0.000000
0.040000 0.450000 0.000000
0.040000 0.460000 0.000000
0.040000 0.470000 0.000000
0.040000 0.480000 0.000000
0.040000 0.490000 0.000000
0.050000 0.000000 0.035476
0.050000 0.010000 0.000000
0.050000 0.020000 0.000000
0.050000 0.030000 0.000000
0.050000 0.040000 0.000000
0.050000 0.050000 0.000000
0.050000 0.060000 0.000000
0.050000 0.070000 0.000000
0.050000 0.080000 0.000000
0.050000 0.090000 0.000000
0.050000 0.100000 0.000000
0.050000 0.110000 0.000000
0.050000 0.120000 0.000000
0.050000 0.130000 0.000000
0.050000 0.140000 0.000000
0.050000 0.150000 0.000000
0.050000 0.160000 0.000000
0.050000 0.170000 0.000000
0.050000 0.180000 0.000000
0.050000 0.190000 0.000000
0.050000 0.200000 0.000000
0.050000 0.210000 0.000000
0.050000 0.220000 0.000000
0.050000 0.230000 0.000000
0.050000 0.240000 0.000000
0.050000 0.250000 0.000000
0.050000 0.260000 0.000000
0.050000 0.270000 0.000000
0.050000 0.280000 0.000000
0.050000 0.290000 0.000000
0.050000 0.300000 0.000000
0.050000 0.310000 0.000000
0.050000 0.320000 0.000000
0.050000 0.330000 0.000000
0.050000 0.340000 0.000000
0.050000 0.350000 0.000000
0.050000 0.360000 0.000000
0.050000 0.370000 0.000000
0.050000 0.380000 0.000000
0.050000 0.390000 0.000000
0.050000 0.400000 0.000000
0.050000 0.410000 0.000000
0.050000 0.420000 0.000000
0.050000 0.430000 0.000000
0.050000 0.440000 0.000000
0.050000 0.450000 0.000000
0.050000 0.460000 0.000000
0.050000 0.470000 0.000000
0.050000 0.480000 0.000000
0.050000 0.490000 0.000000
0.060000 0.000000 0.035476
0.060000 0.010000 0.000000
0.060000 0.020000 0.000000
0.060000 0.030000 0.000000
0.060000 0.040000 0.000000
0.060000 0.050000 0.000000
0.060000 0.060000 0.000000
0.060000 0.070000 0.000000
0.060000 0.080000 0.000000
0.060000 0.090000 0.000000
0.060000 0.100000 0.000000
0.060000 0.110000 0.000000
0.060000 0.120000 0.000000
0.060000 0.130000 0.000000
0.060000 0.140000 0.000000
0.060000 0.150000 0.000000
0.060000 0.160000 0.000000
0.060000 0.170000 0.000000
0.060000 0.180000 0.000000
0.060000 0.190000 0.000000
0.060000 0.200000 0.000000
0.060000 0.210000 0.000000
0.060000 0.220000 0.000000
0.060000 0.230000 0.000000
0.060000 0.240000 0.000000
0.060000 0.250000 0.000000
0.060000 0.260000 0.000000
0.060000 0.270000 0.000000
0.060000 0.280000 0.000000
0.060000 0.290000 0.000000
0.060000 0.300000 0.000000
0.060000 0.310000 0.000000
0.060000 0.320000 0.000000
0.060000 0.330000 0.000000
0.060000 0.340000 0.000000
0.060000 0.350000 0.000000
0.060000 0.360000 0.000000
0.060000 0.370000 0.000000
0.060000 0.380000 0.000000
0.060000 0.390000 0.000000
0.060000 0.400000 0.000000
0.060000 0.410000 0.000000
0.060000 0.420000 0.000000
0.060000 0.430000 0.000000
0.060000 0.440000 0.000000
0.060000 0.450000 0.000000
0.060000 0.460000 0.000000
0.060000 0.470000 0.000000
0.060000 0.480000 0.000000
0.060000 0.490000 0.000000
0.070000 0.000000 0.035476
0.070000 0.010000 0.000000
0.070000 0.020000 0.000000
0.070000 0.030000 0.000000
0.070000 0.040000 0.000000
0.070000 0.050000 0.000000
0.070000 0.060000 0.000000
0.070000 0.070000 0.000000
0.070000 0.080000 0.000000
0.070000 0.090000 0.000000
0.070000 0.100000 0.000000
0.070000 0.110000 0.000000
0.070000 0.120000 0.000000
0.070000 0.130000 0.000000
0.070000 0.140000 0.000000
0.070000 0.150000 0.000000
0.070000 0.160000 0.000000
0.070000 0.170000 0.000000
0.070000 0.180000 0.000000
0.070000 0.190000 0.000000
0.070000 0.200000 0.000000
0.070000 0.210000 0.000000
0.070000 0.220000 0.000000
0.070000 0.230000 0.000000
0.070000 0.240000 0.000000
0.070000 0.250000 0.000000
0.070000 0.260000 0.000000
0.070000 0.270000 0.000000
0.070000 0.280000 0.000000
0.070000 0.290000 0.000000
0.070000 0.300000 0.000000
0.070000 0.310000 0.000000
0.070000 0.320000 0.000000
0.070000 0.330000 0.000000
0.070000 0.340000 0.000000
0.070000 0.350000 0.000000
0.070000 0.360000 0.000000
0.070000 0.370000 0.000000
0.070000 0.380000 0.000000
0.070000 0.390000 0.000000
0.070000 0.400000 0.000000
0.070000 0.410000 0.000000
0.070000 0.420000 0.000000
0.070000 0.430000 0.000000
0.070000 0.440000 0.000000
0.070000 0.450000 0.000000
0.070000 0.460000 0.000000
0.070000 0.470000 0.000000
0.070000 0.480000 0.000000
0.070000 0.490000 0.000000
0.080000 0.000000 0.035475
0.080000 0.010000 0.000000
0.080000 0.020000 0.000000
0.080000 0.030000 0.000000
0.080000 0.040000 0.000000
0.080000 0.050000 0.000000
0.080000 0.060000 0.000000
0.080000 0.070000 0.000000
0.080000 0.080000 0.000000
0.080000 0.090000 0.000000
0.080000 0.100000 0.000000
0.080000 0.110000 0.000000
0.080000 0.120000 0.000000
0.080000 0.130000 0.000000
0.080000 0.140000 0.000000
0.080000 0.150000 0.000000
0.080000 0.160000 0.000000
0.080000 0.170000 0.000000
0.080000 0.180000 0.000000
0.080000 0.190000 0.000000
0.080000 0.200000 0.000000
0.080000 0.210000 0.000000
0.080000 0.220000 0.000000
0.080000 0.230000 0.000000
0.080000 0.240000 0.000000
0.080000 0.250000 0.000000
0.080000 0.260000 0.000000
0.080000 0.270000 0.000000
0.080000 0.280000 0.000000
0.080000 0.290000 0.000000
0.080000 0.300000 0.000000
0.080000 0.310000 0.000000
0.080000 0.320000 0.000000
0.080000 0.330000 0.000000
0.080000 0.340000 0.000000
0.080000 0.350000 0.000000
0.080000 0.360000 0.000000
0.080000 0.370000 0.000000
0.080000 0.380000 0.000000
0.080000 0.390000 0.000000
0.080000 0.400000 0.000000
0.080000 0.410000 0.000000
0.080000 0.420000 0.000000
0.080000 0.430000 0.000000
0.080000 0.440000 0.000000
0.080000 0.450000 0.000000
0.080000 0.460000 0.000000
0.080000 0.470000 0.000000
0.080000 0.480000 0.000000
0.080000 0.490000 0.000000
0.090000 0.000000 0.035474
0.090000 0.010000 0.000000
0.090000 0.020000 0.000000
0.090000 0.030000 0.000000
0.090000 0.040000 0.000000
0.090000 0.050000 0.000000
0.090000 0.060000 0.000000
0.090000 0.070000 0.000000
0.090000 0.080000 0.000000
0.090000 0.090000 0.000000
0.090000 0.100000 0.000000
0.090000 0.110000 0.000000
0.090000 0.120000 0.000000
0.090000 0.130000 0.000000
0.090000 0.140000 0.000000
0.090000 0.150000 0.000000
0.090000 0.160000 0.000000
0.090000 0.170000 0.000000
0.090000 0.180000 0.000000
0.090000 0.190000 0.000000
0.090000 0.200000 0.000000
0.090000 0.210000 0.000000
0.090000 0.220000 0.000000
0.090000 0.230000 0.000000
0.090000 0.240000 0.000000
0.090000 0.250000 0.000000
0.090000 0.260000 0.000000
0.090000 0.270000 0.000000
0.090000 0.280000 0.000000
0.090000 0.290000 0.000000
0.090000 0.300000 0.000000
0.090000 0.310000 0.000000
0.090000 0.320000 0.000000
0.090000 0.330000 0.000000
0.090000 0.340000 0.000000
0.090000 0.350000 0.000000
0.090000 0.360000 0.000000
0.090000 0.370000 0.000000
0.090000 0.380000 0.000000
0.090000 0.390000 0.000000
0.090000 0.400000 0.000000
0.090000 0.410000 0.000000
0.090000 0.420000 0.000000
0.090000 0.430000 0.000000
0.090000 0.440000 0.000000
0.090000 0.450000 0.000000
0.090000 0.460000 0.000000
0.090000 0.470000 0.000000
0.090000 0.480000 0.000000
0.090000 0.490000 0.000000
0.100000 0.000000 0.035473
0.100000 0.010000 0.000000
0.100000 0.020000 0.000000
0.100000 0.030000 0.000000
0.100000 0.040000 0.000000
0.100000 0.050000 0.000000
0.100000 0.060000 0.000000
0.100000 0.070000 0.000000
0.100000 0.080000 0.000000
0.100000 0.090000 0.000000
0.100000 0.100000 0.000000
0.100000 0.110000 0.000000
0.100000 0.120000 0.000000
0.100000 0.130000 0.000000
0.100000 0.140000 0.000000
0.100000 0.150000 0.000000
0.100000 0.160000 0.000000
0.100000 0.170000 0.000000
0.100000 0.180000 0.000000
0.100000 0.190000 0.000000
0.100000 0.200000 0.000000
0.100000 0.210000 0.000000
0.100000 0.220000 0.000000
0.100000 0.230000 0.000000
0.100000 0.240000 0.000000
0.100000 0.250000 0.000000
0.100000 0.260000 0.000000
0.100000 0.270000 0.000000
0.100000 0.280000 0.000000
0.100000 0.290000 0.000000
0.100000 0.300000 0.000000
0.100000 0.310000 0.000000
0.100000 0.320000 0.000000
0.100000 0.330000 0.000000
0.100000 0.340000 0.000000
0.100000 0.350000 0.000000
0.100000 0.360000 0.000000
0.100000 0.370000 0.000000
0.100000 0.380000 0.000000
0.100000 0.390000 0.000000
0.100000 0.400000 0.000000
0.100000 0.410000 0.000000
0.100000 0.420000 0.000000
0.100000 0.430000 0.000000
0.100000 0.440000 0.000000
0.100000 0.450000 0.000000
0.100000 0.460000 0.000000
0.100000 0.470000 0.000000
0.100000 0.480000 0.000000
0.100000 0.490000 0.000000
0.110000 0.000000 0.035472
0.110000 0.010000 0.000000
0.110000 0.020000 0.000000
0.110000 0.030000 0.000000
0.110000 0.040000 0.000000
0.110000 0.050000 0.000000
0.110000 0.060000 0.000000
0.110000 0.070000 0.000000
0.110000 0.080000 0.000000
0.110000 0.090000 0.000000
0.110000 0.100000 0.000000
0.110000 0.110000 0.000000
0.110000 0.120000 0.000000
0.110000 0.130000 0.000000
0.110000 0.140000 0.000000
0.110000 0.150000 0.000000
0.110000 0.160000 0.000000
0.110000 0.170000 0.000000
0.110000 0.180000 0.000000
0.110000 0.190000 0.000000
0.110000 0.200000 0.000000
0.110000 0.210000 0.000000
0.110000 0.220000 0.000000
0.110000 0.230000 0.000000
0.110000 0.240000 0.000000
0.110000 0.250000 0.000000
0.110000 0.260000 0.000000
0.110000 0.270000 0.000000
0.110000 0.280000 0.000000
0.110000 0.290000 0.000000
0.110000 0.300000 0.000000
0.110000 0.310000 0.000000
0.110000 0.320000 0.000000
0.110000 0.330000 0.000000
0.110000 0.340000 0.000000
0.110000 0.350000 0.000000
0.110000 0.360000 0.000000
0.110000 0.370000 0.000000
0.110000 0.380000 0.000000
0.110000 0.390000 0.000000
0.110000 0.400000 0.000000
0.110000 0.410000 0.000000
0.110000 0.420000 0.000000
0.110000 0.430000 0.000000
0.110000 0.440000 0.000000
0.110000 0.450000 0.000000
0.110000 0.460000 0.000000
0.110000 0.470000 0.000000
0.110000 0.480000 0.000000
0.110000 0.490000 0.000000
0.120000 0.000000 0.035471
0.120000 0.010000 0.000000
0.120000 0.020000 0.000000
0.120000 0.030000 0.000000
0.120000 0.040000 0.000000
0.120000 0.050000 0.000000
0.120000 0.060000 0.000000
0.120000 0.070000 0.000000
0.120000 0.080000 0.000000
0.120000 0.090000 0.000000
0.120000 0.100000 0.000000
0.120000 0.110000 0.000000
0.120000 0.120000 0.000000
0.120000 0.130000 0.000000
0.120000 0.140000 0.000000
0.120000 0.150000 0.000000
0.120000 0.160000 0.000000
0.120000 0.170000 0.000000
0.120000 0.180000 0.000000
0.120000 0.190000 0.000000
0.120000 0.200000 0.000000
0.120000 0.210000 0.000000
0.120000 0.220000 0.000000
0.120000 0.230000 0.000000
0.120000 0.240000 0.000000
0.120000 0.250000 0.000000
0.120000 0.260000 0.000000
0.120000 0.270000 0.000000
0.120000 0.280000 0.000000
0.120000 0.290000 0.000000
0.120000 0.300000 0.000000
0.120000 0.310000 0.000000
0.120000 0.320000 0.000000
0.120000 0.330000 0.000000
0.120000 0.340000 0.000000
0.120000 0.350000 0.000000
0.120000 0.360000 0.000000
0.120000 0.370000 0.000000
0.120000 0.380000 0.000000
0.120000 0.390000 0.000000
0.120000 0.400000 0.000000
0.120000 0.410000 0.000000
0.120000 0.420000 0.000000
0.120000 0.430000 0.000000
0.120000 0.440000 0.000000
0.120000 0.450000 0.000000
0.120000 0.460000 0.000000
0.120000 0.470000 0.000000
0.120000 0.480000 0.000000
0.120000 0.490000 0.000000
0.130000 0.000000 0.035471
0.130000 0.010000 0.000000
0.130000 0.020000 0.000000
0.130000 0.030000 0.000000
0.130000 0.040000 0.000000
0.130000 0.050000 0.000000
0.130000 0.060000 0.000000
0.130000 0.070000 0.000000
0.130000 0.080000 0.000000
0.130000 0.090000 0.000000
0.130000 0.100000 0.000000
0.130000 0.110000 0.000000
0.130000 0.120000 0.000000
0.130000 0.130000 0.000000
0.130000 0.140000 0.000000
0.130000 0.150000 0.000000
0.130000 0.160000 0.000000
0.130000 0.170000 0.000000
0.130000 0.180000 0.000000
0.130000 0.190000 0.000000
0.130000 0.200000 0.000000
0.130000 0.210000 0.000000
0.130000 0.220000 0.000000
0.130000 0.230000 0.000000
0.130000 0.240000 0.000000
0.130000 0.250000 0.000000
0.130000 0.260000 0.000000
0.130000 0.270000 0.000000
0.130000 0.280000 0.000000
0.130000 0.290000 0.000000
0.130000 0.300000 0.000000
0.130000 0.310000 0.000000
0.130000 0.320000 0.000000
0.130000 0.330000 0.000000
0.130000 0.340000 0.000000
0.130000 0.350000 0.000000
0.130000 0.360000 0.000000
0.130000 0.370000 0.000000
0.130000 0.380000 0.000000
0.130000 0.390000 0.000000
0.130000 0.400000 0.000000
0.130000 0.410000 0.000000
0.130000 0.420000 0.000000
0.130000 0.430000 0.000000
0.130000 0.440000 0.000000
0.130000 0.450000 0.000000
0.130000 0.460000 0.000000
0.130000 0.470000 0.000000
0.130000 0.480000 0.000000
0.130000 0.490000 0.000000
0.140000 0.000000 0.035470
0.140000 0.010000 0.000000
0.140000 0.020000 0.000000
0.140000 0.030000 0.000000
0.140000 0.040000 0.000000
0.140000 0.050000 0.000000
0.140000 0.060000 0.000000
0.140000 0.070000 0.000000
0.140000 0.080000 0.000000
0.140000 0.090000 0.000000
0.140000 0.100000 0.000000
0.140000 0.110000 0.000000
0.140000 0.120000 0.000000
0.140000 0.130000 0.000000
0.140000 0.140000 0.000000
0.140000 0.150000 0.000000
0.140000 0.160000 0.000000
0.140000 0.170000 0.000000
0.140000 0.180000 0.000000
0.140000 0.190000 0.000000
0.140000 0.200000 0.000000
0.140000 0.210000 0.000000
0.140000 0.220000 0.000000
0.140000 0.230000 0.000000
0.140000 0.240000 0.000000
0.140000 0.250000 0.000000
0.140000 0.260000 0.000000
0.140000 0.270000 0.000000
0.140000 0.280000 0.000000
0.140000 0.290000 0.000000
0.140000 0.300000 0.000000
0.140000 0.310000 0.000000
0.140000 0.320000 0.000000
0.140000 0.330000 0.000000
0.140000 0.340000 0.000000
0.140000 0.350000 0.000000
0.140000 0.360000 0.000000
0.140000 0.370000 0.000000
0.140000 0.380000 0.000000
0.140000 0.390000 0.000000
0.140000 0.400000 0.000000
0.140000 0.410000 0.000000
0.140000 0.420000 0.000000
0.140000 0.430000 0.000000
0.140000 0.440000 0.000000
0.140000 0.450000 0.000000
0.140000 0.460000 0.000000
0.140000 0.470000 0.000000
0.140000 0.480000 0.000000
0.140000 0.490000 0.000000
0.150000 0.000000 0.035468
0.150000 0.010000 0.000000
0.150000 0.020000 0.000000
0.150000 0.030000 0.000000
0.150000 0.040000 0.000000
0.150000 0.050000 0.000000
0.150000 0.060000 0.000000
0.150000 0.070000 0.000000
0.150000 0.080000 0.000000
0.150000 0.090000 0.000000
0.150000 0.100000 0.000000
0.150000 0.110000 0.000000
0.150000 0.120000 0.000000
0.150000 0.130000 0.000000
0.150000 0.140000 0.000000
0.150000 0.150000 0.000000
0.150000 0.160000 0.000000
0.150000 0.170000 0.000000
0.150000 0.180000 0.000000
0.150000 0.190000 0.000000
0.150000 0.200000 0.000000
0.150000 0.210000 0.000000
0.150000 0.220000 0.000000
0.150000 0.230000 0.000000
0.150000 0.240000 0.000000
0.150000 0.250000 0.000000
0.150000 0.260000 0.000000
0.150000 0.270000 0.000000
0.150000 0.280000 0.000000
0.150000 0.290000 0.000000
0.150000 0.300000 0.000000
0.150000 0.310000 0.000000
0.150000 0.320000 0.000000
0.150000 0.330000 0.000000
0.150000 0.340000 0.000000
0.150000 0.350000 0.000000
0.150000 0.360000 0.000000
0.150000 0.370000 0.000000
0.150000 0.380000 0.000000
0.150000 0.390000 0.000000
0.150000 0.400000 0.000000
0.150000 0.410000 0.000000
0.150000 0.420000 0.000000
0.150000 0.430000 0.000000
0.150000 0.440000 0.000000
0.150000 0.450000 0.000000
0.150000 0.460000 0.000000
0.150000 0.470000 0.000000
0.150000 0.480000 0.000000
0.150000 0.490000 0.000000
0.160000 0.000000 0.035467
0.160000 0.010000 0.000000
0.160000 0.020000 0.000000
0.160000 0.030000 0.000000
0.160000 0.040000 0.000000
0.160000 0.050000 0.000000
0.160000 0.060000 0.000000
0.160000 0.070000 0.000000
0.160000 0.080000 0.000000
0.160000 0.090000 0.000000
0.160000 0.100000 0.000000
0.160000 0.110000 0.000000
0.160000 0.120000 0.000000
0.160000 0.130000 0.000000
0.160000 0.140000 0.000000
0.160000 0.150000 0.000000
0.160000 0.160000 0.000000
0.160000 0.170000 0.000000
0.160000 0.180000 0.000000
0.160000 0.190000 0.000000
0.160000 0.200000 0.000000
0.160000 0.210000 0.000000
0.160000 0.220000 0.000000
0.160000 0.230000 0.000000
0.160000 0.240000 0.000000
0.160000 0.250000 0.000000
0.160000 0.260000 0.000000
0.160000 0.270000 0.000000
0.160000 0.280000 0.000000
0.160000 0.290000 0.000000
0.160000 0.300000 0.000000
0.160000 0.310000 0.000000
0.160000 0.320000 0.000000
0.160000 0.330000 0.000000
0.160000 0.340000 0.000000
0.160000 0.350000 0.000000
0.160000 0.360000 0.000000
0.160000 0.370000 0.000000
0.160000 0.380000 0.000000
0.160000 0.390000 0.000000
0.160000 0.400000 0.000000
0.160000 0.410000 0.000000
0.160000 0.420000 0.000000
0.160000 0.430000 0.000000
0.160000 0.440000 0.000000
0.160000 0.450000 0.000000
0.160000 0.460000 0.000000
0.160000 0.470000 0.000000
0.160000 0.480000 0.000000
0.160000 0.490000 0.000000
0.170000 0.000000 0.035466
0.170000 0.010000 0.000000
0.170000 0.020000 0.000000
0.170000 0.030000 0.000000
0.170000 0.040000 0.000000
0.170000 0.050000 0.000000
0.170000 0.060000 0.000000
0.170000 0.070000 0.000000
0.170000 0.080000 0.000000
0.170000 0.090000 0.000000
0.170000 0.100000 0.000000
0.170000 0.110000 0.000000
0.170000 0.120000 0.000000
0.170000 0.130000 0.000000
0.170000 0.140000 0.000000
0.170000 0.150000 0.000000
0.170000 0.160000 0.000000
0.170000 0.170000 0.000000
0.170000 0.180000 0.000000
0.170000 0.190000 0.000000
0.170000 0.200000 0.000000
0.170000 0.210000 0.000000
0.170000 0.220000 0.000000
0.170000 0.230000 0.000000
0.170000 0.240000 0.000000
0.170000 0.250000 0.000000
0.170000 0.260000 0.000000
0.170000 0.270000 0.000000
0.170000 0.280000 0.000000
0.170000 0.290000 0.000000
0.170000 0.300000 0.000000
0.170000 0.310000 0.000000
0.170000 0.320000 0.000000
0.170000 0.330000 0.000000
0.170000 0.340000 0.000000
0.170000 0.350000 0.000000
0.170000 0.360000 0.000000
0.170000 0.370000 0.000000
0.170000 0.380000 0.000000
0.170000 0.390000 0.000000
0.170000 0.400000 0.000000
0.170000 0.410000 0.000000
0.170000 0.420000 0.000000
0.170000 0.430000 0.000000
0.170000 0.440000 0.000000
0.170000 0.450000 0.000000
0.170000 0.460000 0.000000
0.170000 0.470000 0.000000
0.170000 0.480000 0.000000
0.170000 0.490000 0.000000
0.180000 0.000000 0.035465
0.180000 0.010000 0.000000
0.180000 0.020000 0.000000
0.180000 0.030000 0.000000
0.180000 0.040000 0.000000
0.180000 0.050000 0.000000
0.180000 0.060000 0.000000
0.180000 0.070000 0.000000
0.180000 0.080000 0.000000
0.180000 0.090000 0.000000
0.180000 0.100000 0.000000
0.180000 0.110000 0.000000
0.180000 0.120000 0.000000
0.180000 0.130000 0.000000
0.180000 0.140000 0.000000
0.180000 0.150000 0.000000
0.180000 0.160000 0.000000
0.180000 0.170000 0.000000
0.180000 0.180000 0.000000
0.180000 0.190000 0.000000
0.180000 0.200000 0.000000
0.180000 0.210000 0.000000
0.180000 0.220000 0.000000
0.180000 0.230000 0.000000
0.180000 0.240000 0.000000
0.180000 0.250000 0.000000
0.180000 0.260000 0.000000
0.180000 0.270000 0.000000
0.180000 0.280000 0.000000
0.180000 0.290000 0.000000
0.180000 0.300000 0.000000
0.180000 0.310000 0.000000
0.180000 0.320000 0.000000
0.180000 0.330000 0.000000
0.180000 0.340000 0.000000
0.180000 0.350000 0.000000
0.180000 0.360000 0.000000
0.180000 0.370000 0.000000
0.180000 0.380000 0.000000
0.180000 0.390000 0.000000
0.180000 0.400000 0.000000
0.180000 0.410000 0.000000
0.180000 0.420000 0.000000
0.180000 0.430000 0.000000
0.180000 0.440000 0.000000
0.180000 0.450000 0.000000
0.180000 0.460000 0.000000
0.180000 0.470000 0.000000
0.180000 0.480000 0.000000
0.180000 0.490000 0.000000
0.190000 0.000000 0.035464
0.190000 0.010000 0.000000
0.190000 0.020000 0.000000
0.190000 0.030000 0.000000
0.190000 0.040000 0.000000
0.190000 0.050000 0.000000
0.190000 0.060000 0.000000
0.190000 0.070000 0.000000
0.190000 0.080000 0.000000
0.190000 0.090000 0.000000
0.190000 0.100000 0.000000
0.190000 0.110000 0.000000
0.190000 0.120000 0.000000
0.190000 0.130000 0.000000
0.190000 0.140000 0.000000
0.190000 0.150000 0.000000
0.190000 0.160000 0.000000
0.190000 0.170000 0.000000
0.190000 0.180000 0.000000
0.190000 0.190000 0.000000
0.190000 0.200000 0.000000
0.190000 0.210000 0.000000
0.190000 0.220000 0.000000
0.190000 0.230000 0.000000
0.190000 0.240000 0.000000
0.190000 0.250000 0.000000
0.190000 0.260000 0.000000
0.190000 0.270000 0.000000
0.190000 0.280000 0.000000
0.190000 0.290000 0.000000
0.190000 0.300000 0.000000
0.190000 0.310000 0.000000
0.190000 0.320000 0.000000
0.190000 0.330000 0.000000
0.190000 0.340000 0.000000
0.190000 0.350000 0.000000
0.190000 0.360000 0.000000
0.190000 0.370000 0.000000
0.190000 0.380000 0.000000
0.190000 0.390000 0.000000
0.190000 0.400000 0.000000
0.190000 0.410000 0.000000
0.190000 0.420000 0.000000
0.190000 0.430000 0.000000
0.190000 0.440000 0.000000
0.190000 0.450000 0.000000
0.190000 0.460000 0.000000
0.190000 0.470000 0.000000
0.190000 0.480000 0.000000
0.190000 0.490000 0.000000
0.200000 0.000000 0.035464
0.200000 0.010000 0.000000
0.200000 0.020000 0.000000
0.200000 0.030000 0.000000
0.200000 0.040000 0.000000
0.200000 0.050000 0.000000
0.200000 0.060000 0.000000
0.200000 0.070000 0.000000
0.200000 0.080000 0.000000
0.200000 0.090000 0.000000
0.200000 0.100000 0.000000
0.200000 0.110000 0.000000
0.200000 0.120000 0.000000
0.200000 0.130000 0.000000
0.200000 0.140000 0.000000
0.200000 0.150000 0.000000
0.200000 0.160000 0.000000
0.200000 0.170000 0.000000
0.200000 0.180000 0.000000
0.200000 0.190000 0.000000
0.200000 0.200000 0.000000
0.200000 0.210000 0.000000
0.200000 0.220000 0.000000
0.200000 0.230000 0.000000
0.200000 0.240000 0.000000
0.200000 0.250000 0.000000
0.200000 0.260000 0.000000
0.200000 0.270000 0.000000
0.200000 0.280000 0.000000
0.200000 0.290000 0.000000
0.200000 0.300000 0.000000
0.200000 0.310000 0.000000
0.200000 0.320000 0.000000
0.200000 0.330000 0.000000
0.200000 0.340000 0.000000
0.200000 0.350000 0.000000
0.200000 0.360000 0.000000
0.200000 0.370000 0.000000
0.200000 0.380000 0.000000
0.200000 0.390000 0.000000
0.200000 0.400000 0.000000
0.200000 0.410000 0.000000
0.200000 0.420000 0.000000
0.200000 0.430000 0.000000
0.200000 0.440000 0.000000
0.200000 0.450000 0.000000
0.200000 0.460000 0.000000
0.200000 0.470000 0.000000
0.200000 0.480000 0.000000
0.200000 0.490000 0.000000
0.210000 0.000000 0.035463
0.210000 0.010000 0.000000
0.210000 0.020000 0.000000
0.210000 0.030000 0.000000
0.210000 0.040000 0.000000
0.210000 0.050000 0.000000
0.210000 0.060000 0.000000
0.210000 0.070000 0.000000
0.210000 0.080000 0.000000
0.210000 0.090000 0.000000
0.210000 0.100000 0.000000
0.210000 0.110000 0.000000
0.210000 0.120000 0.000000
0.210000 0.130000 0.000000
0.210000 0.140000 0.000000
0.210000 0.150000 0.000000
0.210000 0.160000 0.000000
0.210000 0.170000 0.000000
0.210000 0.180000 0.000000
0.210000 0.190000 0.000000
0.210000 0.200000 0.000000
0.210000 0.210000 0.000000
0.210000 0.220000 0.000000
0.210000 0.230000 0.000000
0.210000 0.240000 0.000000
0.210000 0.250000 0.000000
0.210000 0.260000 0.000000
0.210000 0.270000 0.000000
0.210000 0.280000 0.000000
0.210000 0.290000 0.000000
0.210000 0.300000 0.000000
0.210000 0.310000 0.000000
0.210000 0.320000 0.000000
0.210000 0.330000 0.000000
0.210000 0.340000 0.000000
0.210000 0.350000 0.000000
0.210000 0.360000 0.000000
0.210000 0.370000 0.000000
0.210000 0.380000 0.000000
0.210000 0.390000 0.000000
0.210000 0.400000 0.000000
0.210000 0.410000 0.000000
0.210000 0.420000 0.000000
0.210000 0.430000 0.000000
0.210000 0.440000 0.000000
0.210000 0.450000 0.000000
0.210000 0.460000 0.000000
0.210000 0.470000 0.000000
0.210000 0.480000 0.000000
0.210000 0.490000 0.000000
0.220000 0.000000 0.035463
0.220000 0.010000 0.000000
0.220000 0.020000 0.000000
0.220000 0.030000 0.000000
0.220000 0.040000 0.000000
0.220000 0.050000 0.000000
0.220000 0.060000 0.000000
0.220000 0.070000 0.000000
0.220000 0.080000 0.000000
0.220000 0.090000 0.000000
0.220000 0.100000 0.000000
0.220000 0.110000 0.000000
0.220000 0.120000 0.000000
0.220000 0.130000 0.000000
0.220000 0.140000 0.000000
0.220000 0.150000 0.000000
0.220000 0.160000 0.000000
0.220000 0.170000 0.000000
0.220000 0.180000 0.000000
0.220000 0.190000 0.000000
0.220000 0.200000 0.000000
0.220000 0.210000 0.000000
0.220000 0.220000 0.000000
0.220000 0.230000 0.000000
0.220000 0.240000 0.000000
0.220000 0.250000 0.000000
0.220000 0.260000 0.000000
0.220000 0.270000 0.000000
0.220000 0.280000 0.000000
0.220000 0.290000 0.000000
0.220000 0.300000 0.000000
0.220000 0.310000 0.000000
0.220000 0.320000 0.000000
0.220000 0.330000 0.000000
0.220000 0.340000 0.000000
0.220000 0.350000 0.000000
0.220000 0.360000 0.000000
0.220000 0.370000 0.000000
0.220000 0.380000 0.000000
0.220000 0.390000 0.000000
0.220000 0.400000 0.000000
0.220000 0.410000 0.000000
0.220000 0.420000 0.000000
0.220000 0.430000 0.000000
0.220000 0.440000 0.000000
0.220000 0.450000 0.000000
0.220000 0.460000 0.000000
0.220000 0.470000 0.000000
0.220000 0.480000 0.000000
0.220000 0.490000 0.000000
0.230000 0.000000 0.035461
0.230000 0.010000 0.000000
0.230000 0.020000 0.000000
0.230000 0.030000 0.000000
0.230000 0.040000 0.000000
0.230000 0.050000 0.000000
0.230000 0.060000 0.000000
0.230000 0.070000 0.000000
0.230000 0.080000 0.000000
0.230000 0.090000 0.000000
0.230000 0.100000 0.000000
0.230000 0.110000 0.000000
0.230000 0.120000 0.000000
0.230000 0.130000 0.000000
0.230000 0.140000 0.000000
0.230000 0.150000 0.000000
0.230000 0.160000 0.000000
0.230000 0.170000 0.000000
0.230000 0.180000 0.000000
0.230000 0.190000 0.000000
0.230000 0.200000 0.000000
0.230000 0.210000 0.000000
0.230000 0.220000 0.000000
0.230000 0.230000 0.000000
0.230000 0.240000 0.000000
0.230000 0.250000 0.000000
0.230000 0.260000 0.000000
0.230000 0.270000 0.000000
0.230000 0.280000 0.000000
0.230000 0.290000 0.000000
0.230000 0.300000 0.000000
0.230000 0.310000 0.000000
0.230000 0.320000 0.000000
0.230000 0.330000 0.000000
0.230000 0.340000 0.000000
0.230000 0.350000 0.000000
0.230000 0.360000 0.000000
0.230000 0.370000 0.000000
0.230000 0.380000 0.000000
0.230000 0.390000 0.000000
0.230000 0.400000 0.000000
0.230000 0.410000 0.000000
0.230000 0.420000 0.000000
0.230000 0.430000 0.000000
0.230000 0.440000 0.000000
0.230000 0.450000 0.000000
0.230000 0.460000 0.000000
0.230000 0.470000 0.000000
0.230000 0.480000 0.000000
0.230000 0.490000 0.000000
0.240000 0.000000 0.035460
0.240000 0.010000 0.000000
0.240000 0.020000 0.000000
0.240000 0.030000 0.000000
0.240000 0.040000 0.000000
0.240000 0.050000 0.000000
0.240000 0.060000 0.000000
0.240000 0.070000 0.000000
0.240000 0.080000 0.000000
0.240000 0.090000 0.000000
0.240000 0.100000 0.000000
0.240000 0.110000 0.000000
0.240000 0.120000 0.000000
0.240000 0.130000 0.000000
0.240000 0.140000 0.000000
0.240000 0.150000 0.000000
0.240000 0.160000 0.000000
0.240000 0.170000 0.000000
0.240000 0.180000 0.000000
0.240000 0.190000 0.000000
0.240000 0.200000 0.000000
0.240000 0.210000 0.000000
0.240000 0.220000 0.000000
0.240000 0.230000 0.000000
0.240000 0.240000 0.000000
0.240000 0.250000 0.000000
0.240000 0.260000 0.000000
0.240000 0.270000 0.000000
0.240000 0.280000 0.000000
0.240000 0.290000 0.000000
0.240000 0.300000 0.000000
0.240000 0.310000 0.000000
0.240000 0.320000 0.000000
0.240000 0.330000 0.000000
0.240000 0.340000 0.000000
0.240000 0.350000 0.000000
0.240000 0.360000 0.000000
0.240000 0.370000 0.000000
0.240000 0.380000 0.000000
0.240000 0.390000 0.000000
0.240000 0.400000 0.000000
0.240000 0.410000 0.000000
0.240000 0.420000 0.000000
0.240000 0.430000 0.000000
0.240000 0.440000 0.000000
0.240000 0.450000 0.000000
0.240000 0.460000 0.000000
0.240000 0.470000 0.000000
0.240000 0.480000 0.000000
0.240000 0.490000 0.000000
0.250000 0.000000 0.035459
0.250000 0.010000 0.000000
0.250000 0.020000 0.000000
0.250000 0.030000 0.000000
0.250000 0.040000 0.000000
0.250000 0.050000 0.000000
0.250000 0.060000 0.000000
0.250000 0.070000 0.000000
0.250000 0.080000 0.000000
0.250000 0.090000 0.000000
0.250000 0.100000 0.000000
0.250000 0.110000 0.000000
0.250000 0.120000 0.000000
0.250000 0.130000 0.000000
0.250000 0.140000 0.000000
0.250000 0.150000 0.000000
0.250000 0.160000 0.000000
0.250000 0.170000 0.000000
0.250000 0.180000 0.000000
0.250000 0.190000 0.000000
0.250000 0.200000 0.000000
0.250000 0.210000 0.000000
0.250000 0.220000 0.000000
0.250000 0.230000 0.000000
0.250000 0.240000 0.000000
0.250000 0.250000 0.000000
0.250000 0.260000 0.000000
0.250000 0.270000 0.000000
0.250000 0.280000 0.000000
0.250000 0.290000 0.000000
0.250000 0.300000 0.000000
0.250000 0.310000 0.000000
0.250000 0.320000 0.000000
0.250000 0.330000 0.000000
0.250000 0.340000 0.000000
0.250000 0.350000 0.000000
0.250000 0.360000 0.000000
0.250000 0.370000 0.000000
0.250000 0.380000 0.000000
0.250000 0.390000 0.000000
0.250000 0.400000 0.000000
0.250000 0.410000 0.000000
0.250000 0.420000 0.000000
0.250000 0.430000 0.000000
0.250000 0.440000 0.000000
0.250000 0.450000 0.000000
0.250000 0.460000 0.000000
0.250000 0.470000 0.000000
0.250000 0.480000 0.000000
0.250000 0.490000 0.000000
0.260000 0.000000 0.035459
0.260000 0.010000 0.000000
0.260000 0.020000 0.000000
0.260000 0.030000 0.000000
0.260000 0.040000 0.000000
0.260000 0.050000 0.000000
0.260000 0.060000 0.000000
0.260000 0.070000 0.000000
0.260000 0.080000 0.000000
0.260000 0.090000 0.000000
0.260000 0.100000 0.000000
0.260000 0.110000 0.000000
0.260000 0.120000 0.000000
0.260000 0.130000 0.000000
0.260000 0.140000 0.000000
0.260000 0.150000 0.000000
0.260000 0.160000 0.000000
0.260000 0.170000 0.000000
0.260000 0.180000 0.000000
0.260000 0.190000 0.000000
0.260000 0.200000 0.000000
0.260000 0.210000 0.000000
0.260000 0.220000 0.000000
0.260000 0.230000 0.000000
0.260000 0.240000 0.000000
0.260000 0.250000 0.000000
0.260000 0.260000 0.000000
0.260000 0.270000 0.000000
0.260000 0.280000 0.000000
0.260000 0.290000 0.000000
0.260000 0.300000 0.000000
0.260000 0.310000 0.000000
0.260000 0.320000 0.000000
0.260000 0.330000 0.000000
0.260000 0.340000 0.000000
0.260000 0.350000 0.000000
0.260000 0.360000 0.000000
0.260000 0.370000 0.000000
0.260000 0.380000 0.000000
0.260000 0.390000 0.000000
0.260000 0.400000 0.000000
0.260000 0.410000 0.000000
0.260000 0.420000 0.000000
0.260000 0.430000 0.000000
0.260000 0.440000 0.000000
0.260000 0.450000 0.000000
0.260000 0.460000 0.000000
0.260000 0.470000 0.000000
0.260000 0.480000 0.000000
0.260000 0.490000 0.000000
0.270000 0.000000 0.035459
0.270000 0.010000 0.000000
0.270000 0.020000 0.000000
0.270000 0.030000 0.000000
0.270000 0.040000 0.000000
0.270000 0.050000 0.000000
0.270000 0.060000 0.000000
0.270000 0.070000 0.000000
0.270000 0.080000 0.000000
0.270000 0.090000 0.000000
0.270000 0.100000 0.000000
0.270000 0.110000 0.000000
0.270000 0.120000 0.000000
0.270000 0.130000 0.000000
0.270000 0.140000 0.000000
0.270000 0.150000 0.000000
0.270000 0.160000 0.000000
0.270000 0.170000 0.000000
0.270000 0.180000 0.000000
0.270000 0.190000 0.000000
0.270000 0.200000 0.000000
0.270000 0.210000 0.000000
0.270000 0.220000 0.000000
0.270000 0.230000 0.000000
0.270000 0.240000 0.000000
0.270000 0.250000 0.000000
0.270000 0.260000 0.000000
0.270000 0.270000 0.000000
0.270000 0.280000 0.000000
0.270000 0.290000 0.000000
0.270000 0.300000 0.000000
0.270000 0.310000 0.000000
0.270000 0.320000 0.000000
0.270000 0.330000 0.000000
0.270000 0.340000 0.000000
0.270000 0.350000 0.000000
0.270000 0.360000 0.000000
0.270000 0.370000 0.000000
0.270000 0.380000 0.000000
0.270000 0.390000 0.000000
0.270000 0.400000 0.000000
0.270000 0.410000 0.000000
0.270000 0.420000 0.000000
0.270000 0.430000 0.000000
0.270000 0.440000 0.000000
0.270000 0.450000 0.000000
0.270000 0.460000 0.000000
0.270000 0.470000 0.000000
0.270000 0.480000 0.000000
0.270000 0.490000 0.000000
0.280000 0.000000 0.035458
0.280000 0.010000 0.000000
0.280000 0.020000 0.000000
0.280000 0.030000 0.000000
0.280000 0.040000 0.000000
0.280000 0.050000 0.000000
0.280000 0.060000 0.000000
0.280000 0.070000 0.000000
0.280000 0.080000 0.000000
0.280000 0.090000 0.000000
0.280000 0.100000 0.000000
0.280000 0.110000 0.000000
0.280000 0.120000 0.000000
0.280000 0.130000 0.000000
0.280000 0.140000 0.000000
0.280000 0.150000 0.000000
0.280000 0.160000 0.000000
0.280000 0.170000 0.000000
0.280000 0.180000 0.000000
0.280000 0.190000 0.000000
0.280000 0.200000 0.000000
0.280000 0.210000 0.000000
0.280000 0.220000 0.000000
0.280000 0.230000 0.000000
0.280000 0.240000 0.000000
0.280000 0.250000 0.000000
0.280000 0.260000 0.000000
0.280000 0.270000 0.000000
0.280000 0.280000 0.000000
0.280000 0.290000 0.000000
0.280000 0.300000 0.000000
0.280000 0.310000 0.000000
0.280000 0.320000 0.000000
0.280000 0.330000 0.000000
0.280000 0.340000 0.000000
0.280000 0.350000 0.000000
0.280000 0.360000 0.000000
0.280000 0.370000 0.000000
0.280000 0.380000 0.000000
0.280000 0.390000 0.000000
0.280000 0.400000 0.000000
0.280000 0.410000 0.000000
0.280000 0.420000 0.000000
0.280000 0.430000 0.000000
0.280000 0.440000 0.000000
0.280000 0.450000 0.000000
0.280000 0.460000 0.000000
0.280000 0.470000 0.000000
0.280000 0.480000 0.000000
0.280000 0.490000 0.000000
0.290000 0.000000 0.035457
0.290000 0.010000 0.000000
0.290000 0.020000 0.000000
0.290000 0.030000 0.000000
0.290000 0.040000 0.000000
0.290000 0.050000 0.000000
0.290000 0.060000 0.000000
0.290000 0.070000 0.000000
0.290000 0.080000 0.000000
0.290000 0.090000 0.000000
0.290000 0.100000 0.000000
0.290000 0.110000 0.000000
0.290000 0.120000 0.000000
0.290000 0.130000 0.000000
0.290000 0.140000 0.000000
0.290000 0.150000 0.000000
0.290000 0.160000 0.000000
0.290000 0.170000 0.000000
0.290000 0.180000 0.000000
0.290000 0.190000 0.000000
0.290000 0.200000 0.000000
0.290000 0.210000 0.000000
0.290000 0.220000 0.000000
0.290000 0.230000 0.000000
0.290000 0.240000 0.000000
0.290000 0.250000 0.000000
0.290000 0.260000 0.000000
0.290000 0.270000 0.000000
0.290000 0.280000 0.000000
0.290000 0.290000 0.000000
0.290000 0.300000 0.000000
0.290000 0.310000 0.000000
0.290000 0.320000 0.000000
0.290000 0.330000 0.000000
0.290000 0.340000 0.000000
0.290000 0.350000 0.000000
0.290000 0.360000 0.000000
0.290000 0.370000 0.000000
0.290000 0.380000 0.000000
0.290000 0.390000 0.000000
0.290000 0.400000 0.000000
0.290000 0.410000 0.000000
0.290000 0.420000 0.000000
0.290000 0.430000 0.000000
0.290000 0.440000 0.000000
0.290000 0.450000 0.000000
0.290000 0.460000 0.000000
0.290000 0.470000 0.000000
0.290000 0.480000 0.000000
0.290000 0.490000 0.000000
0.300000 0.000000 0.035456
0.300000 0.010000 0.000000
0.300000 0.020000 0.000000
0.300000 0.030000 0.000000
0.300000 0.040000 0.000000
0.300000 0.050000 0.000000
0.300000 0.060000 0.000000
0.300000 0.070000 0.000000
0.300000 0.080000 0.000000
0.300000 0.090000 0.000000
0.300000 0.100000 0.000000
0.300000 0.110000 0.000000
0.300000 0.120000 0.000000
0.300000 0.130000 0.000000
0.300000 0.140000 0.000000
0.300000 0.150000 0.000000
0.300000 0.160000 0.000000
0.300000 0.170000 0.000000
0.300000 0.180000 0.000000
0.300000 0.190000 0.000000
0.300000 0.200000 0.000000
0.300000 0.210000 0.000000
0.300000 0.220000 0.000000
0.300000 0.230000 0.000000
0.300000 0.240000 0.000000
0.300000 0.250000 0.000000
0.300000 0.260000 0.000000
0.300000 0.270000 0.000000
0.300000 0.280000 0.000000
0.300000 0.290000 0.000000
0.300000 0.300000 0.000000
0.300000 0.310000 0.000000
0.300000 0.320000 0.000000
0.300000 0.330000 0.000000
0.300000 0.340000 0.000000
0.300000 0.350000 0.000000
0.300000 0.360000 0.000000
0.300000 0.370000 0.000000
0.300000 0.380000 0.000000
0.300000 0.390000 0.000000
0.300000 0.400000 0.000000
0.300000 0.410000 0.000000
0.300000 0.420000 0.000000
0.300000 0.430000 0.000000
0.300000 0.440000 0.000000
0.300000 0.450000 0.000000
0.300000 0.460000 0.000000
0.300000 0.470000 0.000000
0.300000 0.480000 0.000000
0.300000 0.490000 0.000000
0.310000 0.000000 0.035455
0.310000 0.010000 0.000000
0.310000 0.020000 0.000000
0.310000 0.030000 0.000000
0.310000 0.040000 0.000000
0.310000 0.050000 0.000000
0.310000 0.060000 0.000000
0.310000 0.070000 0.000000
0.310000 0.080000 0.000000
0.310000 0.090000 0.000000
0.310000 0.100000 0.000000
0.310000 0.110000 0.000000
0.310000 0.120000 0.000000
0.310000 0.130000 0.000000
0.310000 0.140000 0.000000
0.310000 0.150000 0.000000
0.310000 0.160000 0.000000
0.310000 0.170000 0.000000
0.310000 0.180000 0.000000
0.310000 0.190000 0.000000
0.310000 0.200000 0.000000
0.310000 0.210000 0.000000
0.310000 0.220000 0.000000
0.310000 0.230000 0.000000
0.310000 0.240000 0.000000
0.310000 0.250000 0.000000
0.310000 0.260000 0.000000
0.310000 0.270000 0.000000
0.310000 0.280000 0.000000
0.310000 0.290000 0.000000
0.310000 0.300000 0.000000
0.310000 0.310000 0.000000
0.310000 0.320000 0.000000
0.310000 0.330000 0.000000
0.310000 0.340000 0.000000
0.310000 0.350000 0.000000
0.310000 0.360000 0.000000
0.310000 0.370000 0.000000
0.310000 0.380000 0.000000
0.310000 0.390000 0.000000
0.310000 0.400000 0.000000
0.310000 0.410000 0.000000
0.310000 0.420000 0.000000
0.310000 0.430000 0.000000
0.310000 0.440000 0.000000
0.310000 0.450000 0.000000
0.310000 0.460000 0.000000
0.310000 0.470000 0.000000
0.310000 0.480000 0.000000
0.310000 0.490000 0.000000
0.320000 0.000000 0.035454
0.320000 0.010000 0.000000
0.320000 0.020000 0.000000
0.320000 0.030000 0.000000
0.320000 0.040000 0.000000
0.320000 0.050000 0.000000
0.320000 0.060000 0.000000
0.320000 0.070000 0.000000
0.320000 0.080000 0.000000
0.320000 0.090000 0.000000
0.320000 0.100000 0.000000
0.320000 0.110000 0.000000
0.320000 0.120000 0.000000
0.320000 0.130000 0.000000
0.320000 0.140000 0.000000
0.320000 0.150000 0.000000
0.320000 0.160000 0.000000
0.320000 0.170000 0.000000
0.320000 0.180000 0.000000
0.320000 0.190000 0.000000
0.320000 0.200000 0.000000
0.320000 0.210000 0.000000
0.320000 0.220000 0.000000
0.320000 0.230000 0.000000
0.320000 0.240000 0.000000
0.320000 0.250000 0.000000
0.320000 0.260000 0.000000
0.320000 0.270000 0.000000
0.320000 0.280000 0.000000
0.320000 0.290000 0.000000
0.320000 0.300000 0.000000
0.320000 0.310000 0.000000
0.320000 0.320000 0.000000
0.320000 0.330000 0.000000
0.320000 0.340000 0.000000
0.320000 0.350000 0.000000
0.320000 0.360000 0.000000
0.320000 0.370000 0.000000
0.320000 0.380000 0.000000
0.320000 0.390000 0.000000
0.320000 0.400000 0.000000
0.320000 0.410000 0.000000
0.320000 0.420000 0.000000
0.320000 0.430000 0.000000
0.320000 0.440000 0.000000
0.320000 0.450000 0.000000
0.320000 0.460000 0.000000
0.320000 0.470000 0.000000
0.320000 0.480000 0.000000
0.320000 0.490000 0.000000
0.330000 0.000000 0.035454
0.330000 0.010000 0.000000
0.330000 0.020000 0.000000
0.330000 0.030000 0.000000
0.330000 0.040000 0.000000
0.330000 0.050000 0.000000
0.330000 0.060000 0.000000
0.330000 0.070000 0.000000
0.330000 0.080000 0.000000
0.330000 0.090000 0.000000
0.330000 0.100000 0.000000
0.330000 0.110000 0.000000
0.330000 0.120000 0.000000
0.330000 0.130000 0.000000
0.330000 0.140000 0.000000
0.330000 0.150000 0.000000
0.330000 0.160000 0.000000
0.330000 0.170000 0.000000
0.330000 0.180000 0.000000
0.330000 0.190000 0.000000
0.330000 0.200000 0.000000
0.330000 0.210000 0.000000
0.330000 0.220000 0.000000
0.330000 0.230000 0.000000
0.330000 0.240000 0.000000
0.330000 0.250000 0.000000
0.330000 0.260000 0.000000
0.330000 0.270000 0.000000
0.330000 0.280000 0.000000
0.330000 0.290000 0.000000
0.330000 0.300000 0.000000
0.330000 0.310000 0.000000
0.330000 0.320000 0.000000
0.330000 0.330000 0.000000
0.330000 0.340000 0.000000
0.330000 0.350000 0.000000
0.330000 0.360000 0.000000
0.330000 0.370000 0.000000
0.330000 0.380000 0.000000
0.330000 0.390000 0.000000
0.330000 0.400000 0.000000
0.330000 0.410000 0.000000
0.330000 0.420000 0.000000
0.330000 0.430000 0.000000
0.330000 0.440000 0.000000
0.330000 0.450000 0.000000
0.330000 0.460000 0.000000
0.330000 0.470000 0.000000
0.330000 0.480000 0.000000
0.330000 0.490000 0.000000
0.340000 0.000000 0.035453
0.340000 0.010000 0.000000
0.340000 0.020000 0.000000
0.340000 0.030000 0.000000
0.340000 0.040000 0.000000
0.340000 0.050000 0.000000
0.340000 0.060000 0.000000
0.340000 0.070000 0.000000
0.340000 0.080000 0.000000
0.340000 0.090000 0.000000
0.340000 0.100000 0.000000
0.340000 0.110000 0.000000
0.340000 0.120000 0.000000
0.340000 0.130000 0.000000
0.340000 0.140000 0.000000
0.340000 0.150000 0.000000
0.340000 0.160000 0.000000
0.340000 0.170000 0.000000
0.340000 0.180000 0.000000
0.340000 0.190000 0.000000
0.340000 0.200000 0.000000
0.340000 0.210000 0.000000
0.340000 0.220000 0.000000
0.340000 0.230000 0.000000
0.340000 0.240000 0.000000
0.340000 0.250000 0.000000
0.340000 0.260000 0.000000
0.340000 0.270000 0.000000
0.340000 0.280000 0.000000
0.340000 0.290000 0.000000
0.340000 0.300000 0.000000
0.340000 0.310000 0.000000
0.340000 0.320000 0.000000
0.340000 0.330000 0.000000
0.340000 0.340000 0.000000
0.340000 0.350000 0.000000
0.340000 0.360000 0.000000
0.340000 0.370000 0.000000
0.340000 0.380000 0.000000
0.340000 0.390000 0.000000
0.340000 0.400000 0.000000
0.340000 0.410000 0.000000
0.340000 0.420000 0.000000
0.340000 0.430000 0.000000
0.340000 0.440000 0.000000
0.340000 0.450000 0.000000
0.340000 0.460000 0.000000
0.340000 0.470000 0.000000
0.340000 0.480000 0.000000
0.340000 0.490000 0.000000
0.350000 0.000000 0.035452
0.350000 0.010000 0.000000
0.350000 0.020000 0.000000
0.350000 0.030000 0.000000
0.350000 0.040000 0.000000
0.350000 0.050000 0.000000
0.350000 0.060000 0.000000
0.350000 0.070000 0.000000
0.350000 0.080000 0.000000
0.350000 0.090000 0.000000
0.350000 0.100000 0.000000
0.350000 0.110000 0.000000
0.350000 0.120000 0.000000
0.350000 0.130000 0.000000
0.350000 0.140000 0.000000
0.350000 0.150000 0.000000
0.350000 0.160000 0.000000
0.350000 0.170000 0.000000
0.350000 0.180000 0.000000
0.350000 0.190000 0.000000
0.350000 0.200000 0.000000
0.350000 0.210000 0.000000
0.350000 0.220000 0.000000
0.350000 0.230000 0.000000
0.350000 0.240000 0.000000
0.350000 0.250000 0.000000
0.350000 0.260000 0.000000
0.350000 0.270000 0.000000
0.350000 0.280000 0.000000
0.350000 0.290000 0.000000
0.350000 0.300000 0.000000
0.350000 0.310000 0.000000
0.350000 0.320000 0.000000
0.350000 0.330000 0.000000
0.350000 0.340000 0.000000
0.350000 0.350000 0.000000
0.350000 0.360000 0.000000
0.350000 0.370000 0.000000
0.350000 0.380000 0.000000
0.350000 0.390000 0.000000
0.350000 0.400000 0.000000
0.350000 0.410000 0.000000
0.350000 0.420000 0.000000
0.350000 0.430000 0.000000
0.350000 0.440000 0.000000
0.350000 0.450000 0.000000
0.350000 0.460000 0.000000
0.350000 0.470000 0.000000
0.350000 0.480000 0.000000
0.350000 0.490000 0.000000
0.360000 0.000000 0.035452
0.360000 0.010000 0.000000
0.360000 0.020000 0.000000
0.360000 0.030000 0.000000
0.360000 0.040000 0.000000
0.360000 0.050000 0.000000
0.360000 0.060000 0.000000
0.360000 0.070000 0.000000
0.360000 0.080000 0.000000
0.360000 0.090000 0.000000
0.360000 0.100000 0.000000
0.360000 0.110000 0.000000
0.360000 0.120000 0.000000
0.360000 0.130000 0.000000
0.360000 0.140000 0.000000
0.360000 0.150000 0.000000
0.360000 0.160000 0.000000
0.360000 0.170000 0.000000
0.360000 0.180000 0.000000
0.360000 0.190000 0.000000
0.360000 0.200000 0.000000
0.360000 0.210000 0.000000
0.360000 0.220000 0.000000
0.360000 0.230000 0.000000
0.360000 0.240000 0.000000
0.360000 0.250000 0.000000
0.360000 0.260000 0.000000
0.360000 0.270000 0.000000
0.360000 0.280000 0.000000
0.360000 0.290000 0.000000
0.360000 0.300000 0.000000
0.360000 0.310000 0.000000
0.360000 0.320000 0.000000
0.360000 0.330000 0.000000
0.360000 0.340000 0.000000
0.360000 0.350000 0.000000
0.360000 0.360000 0.000000
0.360000 0.370000 0.000000
0.360000 0.380000 0.000000
0.360000 0.390000 0.000000
0.360000 0.400000 0.000000
0.360000 0.410000 0.000000
0.360000 0.420000 0.000000
0.360000 0.430000 0.000000
0.360000 0.440000 0.000000
0.360000 0.450000 0.000000
0.360000 0.460000 0.000000
0.360000 0.470000 0.000000
0.360000 0.480000 0.000000
0.360000 0.490000 0.000000
0.370000 0.000000 0.035451
0.370000 0.010000 0.000000
0.370000 0.020000 0.000000
0.370000 0.030000 0.000000
0.370000 0.040000 0.000000
0.370000 0.050000 0.000000
0.370000 0.060000 0.000000
0.370000 0.070000 0.000000
0.370000 0.080000 0.000000
0.370000 0.090000 0.000000
0.370000 0.100000 0.000000
0.370000 0.110000 0.000000
0.370000 0.120000 0.000000
0.370000 0.130000 0.000000
0.370000 0.140000 0.000000
0.370000 0.150000 0.000000
0.370000 0.160000 0.000000
0.370000 0.170000 0.000000
0.370000 0.180000 0.000000
0.370000 0.190000 0.000000
0.370000 0.200000 0.000000
0.370000 0.210000 0.000000
0.370000 0.220000 0.000000
0.370000 0.230000 0.000000
0.370000 0.240000 0.000000
0.370000 0.250000 0.000000
0.370000 0.260000 0.000000
0.370000 0.270000 0.000000
0.370000 0.280000 0.000000
0.370000 0.290000 0.000000
0.370000 0.300000 0.000000
0.370000 0.310000 0.000000
0.370000 0.320000 0.000000
0.370000 0.330000 0.000000
0.370000 0.340000 0.000000
0.370000 0.350000 0.000000
0.370000 0.360000 0.000000
0.370000 0.370000 0.000000
0.370000 0.380000 0.000000
0.370000 0.390000 0.000000
0.370000 0.400000 0.000000
0.370000 0.410000 0.000000
0.370000 0.420000 0.000000
0.370000 0.430000 0.000000
0.370000 0.440000 0.000000
0.370000 0.450000 0.000000
0.370000 0.460000 0.000000
0.370000 0.470000 0.000000
0.370000 0.480000 0.000000
0.370000 0.490000 0.000000
0.380000 0.000000 0.035450
0.380000 0.010000 0.000000
0.380000 0.020000 0.000000
0.380000 0.030000 0.000000
0.380000 0.040000 0.000000
0.380000 0.050000 0.000000
0.380000 0.060000 0.000000
0.380000 0.070000 0.000000
0.380000 0.080000 0.000000
0.380000 0.090000 0.000000
0.380000 0.100000 0.000000
0.380000 0.110000 0.000000
0.380000 0.120000 0.000000
0.380000 0.130000 0.000000
0.380000 0.140000 0.000000
0.380000 0.150000 0.000000
0.380000 0.160000 0.000000
0.380000 0.170000 0.000000
0.380000 0.180000 0.000000
0.380000 0.190000 0.000000
0.380000 0.200000 0.000000
0.380000 0.210000 0.000000
0.380000 0.220000 0.000000
0.380000 0.230000 0.000000
0.380000 0.240000 0.000000
0.380000 0.250000 0.000000
0.380000 0.260000 0.000000
0.380000 0.270000 0.000000
0.380000 0.280000 0.000000
0.380000 0.290000 0.000000
0.380000 0.300000 0.000000
0.380000 0.310000 0.000000
0.380000 0.320000 0.000000
0.380000 0.330000 0.000000
0.380000 0.340000 0.000000
0.380000 0.350000 0.000000
0.380000 0.360000 0.000000
0.380000 0.370000 0.000000
0.380000 0.380000 0.000000
0.380000 0.390000 0.000000
0.380000 0.400000 0.000000
0.380000 0.410000 0.000000
0.380000 0.420000 0.000000
0.380000 0.430000 0.000000
0.380000 0.440000 0.000000
0.380000 0.450000 0.000000
0.380000 0.460000 0.000000
0.380000 0.470000 0.000000
0.380000 0.480000 0.000000
0.380000 0.490000 0.000000
0.390000 0.000000 0.035450
0.390000 0.010000 0.000000
0.390000 0.020000 0.000000
0.390000 0.030000 0.000000
0.390000 0.040000 0.000000
0.390000 0.050000 0.000000
0.390000 0.060000 0.000000
0.390000 0.070000 0.000000
0.390000 0.080000 0.000000
0.390000 0.090000 0.000000
0.390000 0.100000 0.000000
0.390000 0.110000 0.000000
0.390000 0.120000 0.000000
0.390000 0.130000 0.000000
0.390000 0.140000 0.000000
0.390000 0.150000 0.000000
0.390000 0.160000 0.000000
0.390000 0.170000 0.000000
0.390000 0.180000 0.000000
0.390000 0.190000 0.000000
0.390000 0.200000 0.000000
0.390000 0.210000 0.000000
0.390000 0.220000 0.000000
0.390000 0.230000 0.000000
0.390000 0.240000 0.000000
0.390000 0.250000 0.000000
0.390000 0.260000 0.000000
0.390000 0.270000 0.000000
0.390000 0.280000 0.000000
0.390000 0.290000 0.000000
0.390000 0.300000 0.000000
0.390000 0.310000 0.000000
0.390000 0.320000 0.000000
0.390000 0.330000 0.000000
0.390000 0.340000 0.000000
0.390000 0.350000 0.000000
0.390000 0.360000 0.000000
0.390000 0.370000 0.000000
0.390000 0.380000 0.000000
0.390000 0.390000 0.000000
0.390000 0.400000 0.000000
0.390000 0.410000 0.000000
0.390000 0.420000 0.000000
0.390000 0.430000 0.000000
0.390000 0.440000 0.000000
0.390000 0.450000 0.000000
0.390000 0.460000 0.000000
0.390000 0.470000 0.000000
0.390000 0.480000 0.000000
0.390000 0.490000 0.000000
0.400000 0.000000 0.035450
0.400000 0.010000 0.000000
0.400000 0.020000 0.000000
0.400000 0.030000 0.000000
0.400000 0.040000 0.000000
0.400000 0.050000 0.000000
0.400000 0.060000 0.000000
0.400000 0.070000 0.000000
0.400000 0.080000 0.000000
0.400000 0.090000 0.000000
0.400000 0.100000 0.000000
0.400000 0.110000 0.000000
0.400000 0.120000 0.000000
0.400000 0.130000 0.000000
0.400000 0.140000 0.000000
0.400000 0.150000 0.000000
0.400000 0.160000 0.000000
0.400000 0.170000 0.000000
0.400000 0.180000 0.000000
0.400000 0.190000 0.000000
0.400000 0.200000 0.000000
0.400000 0.210000 0.000000
0.400000 0.220000 0.000000
0.400000 0.230000 0.000000
0.400000 0.240000 0.000000
0.400000 0.250000 0.000000
0.400000 0.260000 0.000000
0.400000 0.270000 0.000000
0.400000 0.280000 0.000000
0.400000 0.290000 0.000000
0.400000 0.300000 0.000000
0.400000 0.310000 0.000000
0.400000 0.320000 0.000000
0.400000 0.330000 0.000000
0.400000 0.340000 0.000000
0.400000 0.350000 0.000000
0.400000 0.360000 0.000000
0.400000 0.370000 0.000000
0.400000 0.380000 0.000000
0.400000 0.390000 0.000000
0.400000 0.400000 0.000000
0.400000 0.410000 0.000000
0.400000 0.420000 0.000000
0.400000 0.430000 0.000000
0.400000 0.440000 0.000000
0.400000 0.450000 0.000000
0.400000 0.460000 0.000000
0.400000 0.470000 0.000000
0.400000 0.480000 0.000000
0.400000 0.490000 0.000000
0.410000 0.000000 0.035449
0.410000 0.010000 0.000000
0.410000 0.020000 0.000000
0.410000 0.030000 0.000000
0.410000 0.040000 0.000000
0.410000 0.050000 0.000000
0.410000 0.060000 0.000000
0.410000 0.070000 0.000000
0.410000 0.080000 0.000000
0.410000 0.090000 0.000000
0.410000 0.100000 0.000000
0.410000 0.110000 0.000000
0.410000 0.120000 0.000000
0.410000 0.130000 0.000000
0.410000 0.140000 0.000000
0.410000 0.150000 0.000000
0.410000 0.160000 0.000000
0.410000 0.170000 0.000000
0.410000 0.180000 0.000000
0.410000 0.190000 0.000000
0.410000 0.200000 0.000000
0.410000 0.210000 0.000000
0.410000 0.220000 0.000000
0.410000 0.230000 0.000000
0.410000 0.240000 0.000000
0.410000 0.250000 0.000000
0.410000 0.260000 0.000000
0.410000 0.270000 0.000000
0.410000 0.280000 0.000000
0.410000 0.290000 0.000000
0.410000 0.300000 0.000000
0.410000 0.310000 0.000000
0.410000 0.320000 0.000000
0.410000 0.330000 0.000000
0.410000 0.340000 0.000000
0.410000 0.350000 0.000000
0.410000 0.360000 0.000000
0.410000 0.370000 0.000000
0.410000 0.380000 0.000000
0.410000 0.390000 0.000000
0.410000 0.400000 0.000000
0.410000 0.410000 0.000000
0.410000 0.420000 0.000000
0.410000 0.430000 0.000000
0.410000 0.440000 0.000000
0.410000 0.450000 0.000000
0.410000 0.460000 0.000000
0.410000 0.470000 0.000000
0.410000 0.480000 0.000000
0.410000 0.490000 0.000000
0.420000 0.000000 0.035449
0.420000 0.010000 0.000000
0.420000 0.020000 0.000000
0.420000 0.030000 0.000000
0.420000 0.040000 0.000000
0.420000 0.050000 0.000000
0.420000 0.060000 0.000000
0.420000 0.070000 0.000000
0.420000 0.080000 0.000000
0.420000 0.090000 0.000000
0.420000 0.100000 0.000000
0.420000 0.110000 0.000000
0.420000 0.120000 0.000000
0.420000 0.130000 0.000000
0.420000 0.140000 0.000000
0.420000 0.150000 0.000000
0.420000 0.160000 0.000000
0.420000 0.170000 0.000000
0.420000 0.180000 0.000000
0.420000 0.190000 0.000000
0.420000 0.200000 0.000000
0.420000 0.210000 0.000000
0.420000 0.220000 0.000000
0.420000 0.230000 0.000000
0.420000 0.240000 0.000000
0.420000 0.250000 0.000000
0.420000 0.260000 0.000000
0.420000 0.270000 0.000000
0.420000 0.280000 0.000000
0.420000 0.290000 0.000000
0.420000 0.300000 0.000000
0.420000 0.310000 0.000000
0.420000 0.320000 0.000000
0.420000 0.330000 0.000000
0.420000 0.340000 0.000000
0.420000 0.350000 0.000000
0.420000 0.360000 0.000000
0.420000 0.370000 0.000000
0.420000 0.380000 0.000000
0.420000 0.390000 0.000000
0.420000 0.400000 0.000000
0.420000 0.410000 0.000000
0.420000 0.420000 0.000000
0.420000 0.430000 0.000000
0.420000 0.440000 0.000000
0.420000 0.450000 0.000000
0.420000 0.460000 0.000000
0.420000 0.470000 0.000000
0.420000 0.480000 0.000000
0.420000 0.490000 0.000000
0.430000 0.000000 0.035449
0.430000 0.010000 0.000000
0.430000 0.020000 0.000000
0.430000 0.030000 0.000000
0.430000 0.040000 0.000000
0.430000 0.050000 0.000000
0.430000 0.060000 0.000000
0.430000 0.070000 0.000000
0.430000 0.080000 0.000000
0.430000 0.090000 0.000000
0.430000 0.100000 0.000000
0.430000 0.110000 0.000000
0.430000 0.120000 0.000000
0.430000 0.130000 0.000000
0.430000 0.140000 0.000000
0.430000 0.150000 0.000000
0.430000 0.160000 0.000000
0.430000 0.170000 0.000000
0.430000 0.180000 0.000000
0.430000 0.190000 0.000000
0.430000 0.200000 0.000000
0.430000 0.210000 0.000000
0.430000 0.220000 0.000000
0.430000 0.230000 0.000000
0.430000 0.240000 0.000000
0.430000 0.250000 0.000000
0.430000 0.260000 0.000000
0.430000 0.270000 0.000000
0.430000 0.280000 0.000000
0.430000 0.290000 0.000000
0.430000 0.300000 0.000000
0.430000 0.310000 0.000000
0.430000 0.320000 0.000000
0.430000 0.330000 0.000000
0.430000 0.340000 0.000000
0.430000 0.350000 0.000000
0.430000 0.360000 0.000000
0.430000 0.370000 0.000000
0.430000 0.380000 0.000000
0.430000 0.390000 0.000000
0.430000 0.400000 0.000000
0.430000 0.410000 0.000000
0.430000 0.420000 0.000000
0.430000 0.430000 0.000000
0.430000 0.440000 0.000000
0.430000 0.450000 0.000000
0.430000 0.460000 0.000000
0.430000 0.470000 0.000000
0.430000 0.480000 0.000000
0.430000 0.490000 0.000000
0.440000 0.000000 0.035449
0.440000 0.010000 0.000000
0.440000 0.020000 0.000000
0.440000 0.030000 0.000000
0.440000 0.040000 0.000000
0.440000 0.050000 0.000000
0.440000 0.060000 0.000000
0.440000 0.070000 0.000000
0.440000 0.080000 0.000000
0.440000 0.090000 0.000000
0.440000 0.100000 0.000000
0.440000 0.110000 0.000000
0.440000 0.120000 0.000000
0.440000 0.130000 0.000000
0.440000 0.140000 0.000000
0.440000 0.150000 0.000000
0.440000 0.160000 0.000000
0.440000 0.170000 0.000000
0.440000 0.180000 0.000000
0.440000 0.190000 0.000000
0.440000 0.200000 0.000000
0.440000 0.210000 0.000000
0.440000 0.220000 0.000000
0.440000 0.230000 0.000000
0.440000 0.240000 0.000000
0.440000 0.250000 0.000000
0.440000 0.260000 0.000000
0.440000 0.270000 0.000000
0.440000 0.280000 0.000000
0.440000 0.290000 0.000000
0.440000 0.300000 0.000000
0.440000 0.310000 0.000000
0.440000 0.320000 0.000000
0.440000 0.330000 0.000000
0.440000 0.340000 0.000000
0.440000 0.350000 0.000000
0.440000 0.360000 0.000000
0.440000 0.370000 0.000000
0.440000 0.380000 0.000000
0.440000 0.390000 0.000000
0.440000 0.400000 0.000000
0.440000 0.410000 0.000000
0.440000 0.420000 0.000000
0.440000 0.430000 0.000000
0.440000 0.440000 0.000000
0.440000 0.450000 0.000000
0.440000 0.460000 0.000000
0.440000 0.470000 0.000000
0.440000 0.480000 0.000000
0.440000 0.490000 0.000000
0.450000 0.000000 0.035449
0.450000 0.010000 0.000000
0.450000 0.020000 0.000000
0.450000 0.030000 0.000000
0.450000 0.040000 0.000000
0.450000 0.050000 0.000000
0.450000 0.060000 0.000000
0.450000 0.070000 0.000000
0.450000 0.080000 0.000000
0.450000 0.090000 0.000000
0.450000 0.100000 0.000000
0.450000 0.110000 0.000000
0.450000 0.120000 0.000000
0.450000 0.130000 0.000000
0.450000 0.140000 0.000000
0.450000 0.150000 0.000000
0.450000 0.160000 0.000000
0.450000 0.170000 0.000000
0.450000 0.180000 0.000000
0.450000 0.190000 0.000000
0.450000 0.200000 0.000000
0.450000 0.210000 0.000000
0.450000 0.220000 0.000000
0.450000 0.230000 0.000000
0.450000 0.240000 0.000000
0.450000 0.250000 0.000000
0.450000 0.260000 0.000000
0.450000 0.270000 0.000000
0.450000 0.280000 0.000000
0.450000 0.290000 0.000000
0.450000 0.300000 0.000000
0.450000 0.310000 0.000000
0.450000 0.320000 0.000000
0.450000 0.330000 0.000000
0.450000 0.340000 0.000000
0.450000 0.350000 0.000000
0.450000 0.360000 0.000000
0.450000 0.370000 0.000000
0.450000 0.380000 0.000000
0.450000 0.390000 0.000000
0.450000 0.400000 0.000000
0.450000 0.410000 0.000000
0.450000 0.420000 0.000000
0.450000 0.430000 0.000000
0.450000 0.440000 0.000000
0.450000 0.450000 0.000000
0.450000 0.460000 0.000000
0.450000 0.470000 0.000000
0.450000 0.480000 0.000000
0.450000 0.490000 0.000000
0.460000 0.000000 0.035449
0.460000 0.010000 0.000000
0.460000 0.020000 0.000000
0.460000 0.030000 0.000000
0.460000 0.040000 0.000000
0.460000 0.050000 0.000000
0.460000 0.060000 0.000000
0.460000 0.070000 0.000000
0.460000 0.080000 0.000000
0.460000 0.090000 0.000000
0.460000 0.100000 0.000000
0.460000 0.110000 0.000000
0.460000 0.120000 0.000000
0.460000 0.130000 0.000000
0.460000 0.140000 0.000000
0.460000 0.150000 0.000000
0.460000 0.160000 0.000000
0.460000 0.170000 0.000000
0.460000 0.180000 0.000000
0.460000 0.190000 0.000000
0.460000 0.200000 0.000000
0.460000 0.210000 0.000000
0.460000 0.220000 0.000000
0.460000 0.230000 0.000000
0.460000 0.240000 0.000000
0.460000 0.250000 0.000000
0.460000 0.260000 0.000000
0.460000 0.270000 0.000000
0.460000 0.280000 0.000000
0.460000 0.290000 0.000000
0.460000 0.300000 0.000000
0.460000 0.310000 0.000000
0.460000 0.320000 0.000000
0.460000 0.330000 0.000000
0.460000 0.340000 0.000000
0.460000 0.350000 0.000000
0.460000 0.360000 0.000000
0.460000 0.370000 0.000000
0.460000 0.380000 0.000000
0.460000 0.390000 0.000000
0.460000 0.400000 0.000000
0.460000 0.410000 0.000000
0.460000 0.420000 0.000000
0.460000 0.430000 0.000000
0.460000 0.440000 0.000000
0.460000 0.450000 0.000000
0.460000 0.460000 0.000000
0.460000 0.470000 0.000000
0.460000 0.480000 0.000000
0.460000 0.490000 0.000000
0.470000 0.000000 0.035449
0.470000 0.010000 0.000000
0.470000 0.020000 0.000000
0.470000 0.030000 0.000000
0.470000 0.040000 0.000000
0.470000 0.050000 0.000000
0.470000 0.060000 0.000000
0.470000 0.070000 0.000000
0.470000 0.080000 0.000000
0.470000 0.090000 0.000000
0.470000 0.100000 0.000000
0.470000 0.110000 0.000000
0.470000 0.120000 0.000000
0.470000 0.130000 0.000000
0.470000 0.140000 0.000000
0.470000 0.150000 0.000000
0.470000 0.160000 0.000000
0.470000 0.170000 0.000000
0.470000 0.180000 0.000000
0.470000 0.190000 0.000000
0.470000 0.200000 0.000000
0.470000 0.210000 0.000000
0.470000 0.220000 0.000000
0.470000 0.230000 0.000000
0.470000 0.240000 0.000000
0.470000 0.250000 0.000000
0.470000 0.260000 0.000000
0.470000 0.270000 0.000000
0.470000 0.280000 0.000000
0.470000 0.290000 0.000000
0.470000 0.300000 0.000000
0.470000 0.310000 0.000000
0.470000 0.320000 0.000000
0.470000 0.330000 0.000000
0.470000 0.340000 0.000000
0.470000 0.350000 0.000000
0.470000 0.360000 0.000000
0.470000 0.370000 0.000000
0.470000 0.380000 0.000000
0.470000 0.390000 0.000000
0.470000 0.400000 0.000000
0.470000 0.410000 0.000000
0.470000 0.420000 0.000000
0.470000 0.430000 0.000000
0.470000 0.440000 0.000000
0.470000 0.450000 0.000000
0.470000 0.460000 0.000000
0.470000 0.470000 0.000000
0.470000 0.480000 0.000000
0.470000 0.490000 0.000000
0.480000 0.000000 0.035449
0.480000 0.010000 0.000000
0.480000 0.020000 0.000000
0.480000 0.030000 0.000000
0.480000 0.040000 0.000000
0.480000 0.050000 0.000000
0.480000 0.060000 0.000000
0.480000 0.070000 0.000000
0.480000 0.080000 0.000000
0.480000 0.090000 0.000000
0.480000 0.100000 0.000000
0.480000 0.110000 0.000000
0.480000 0.120000 0.000000
0.480000 0.130000 0.000000
0.480000 0.140000 0.000000
0.480000 0.150000 0.000000
0.480000 0.160000 0.000000
0.480000 0.170000 0.000000
0.480000 0.180000 0.000000
0.480000 0.190000 0.000000
0.480000 0.200000 0.000000
0.480000 0.210000 0.000000
0.480000 0.220000 0.000000
0.480000 0.230000 0.000000
0.480000 0.240000 0.000000
0.480000 0.250000 0.000000
0.480000 0.260000 0.000000
0.480000 0.270000 0.000000
0.480000 0.280000 0.000000
0.480000 0.290000 0.000000
0.480000 0.300000 0.000000
0.480000 0.310000 0.000000
0.480000 0.320000 0.000000
0.480000 0.330000 0.000000
0.480000 0.340000 0.000000
0.480000 0.350000 0.000000
0.480000 0.360000 0.000000
0.480000 0.370000 0.000000
0.480000 0.380000 0.000000
0.480000 0.390000 0.000000
0.480000 0.400000 0.000000
0.480000 0.410000 0.000000
0.480000 0.420000 0.000000
0.480000 0.430000 0.000000
0.480000 0.440000 0.000000
0.480000 0.450000 0.000000
0.480000 0.460000 0.000000
0.480000 0.470000 0.000000
0.480000 0.480000 0.000000
0.480000 0.490000 0.000000
0.490000 0.000000 0.035449
0.490000 0.010000 0.000000
0.490000 0.020000 0.000000
0.490000 0.030000 0.000000
0.490000 0.040000 0.000000
0.490000 0.050000 0.000000
0.490000 0.060000 0.000000
0.490000 0.070000 0.000000
0.490000 0.080000 0.000000
0.490000 0.090000 0.000000
0.490000 0.100000 0.000000
0.490000 0.110000 0.000000
0.490000 0.120000 0.000000
0.490000 0.130000 0.000000
0.490000 0.140000 0.000000
0.490000 0.150000 0.000000
0.490000 0.160000 0.000000
0.490000 0.170000 0.000000
0.490000 0.180000 0.000000
0.490000 0.190000 0.000000
0.490000 0.200000 0.000000
0.490000 0.210000 0.000000
0.490000 0.220000 0.000000
0.490000 0.230000 0.000000
0.490000 0.240000 0.000000
0.490000 0.250000 0.000000
0.490000 0.260000 0.000000
0.490000 0.270000 0.000000
0.490000 0.280000 0.000000
0.490000 0.290000 0.000000
0.490000 0.300000 0.000000
0.490000 0.310000 0.000000
0.490000 0.320000 0.000000
0.490000 0.330000 0.000000
0.490000 0.340000 0.000000
0.490000 0.350000 0.000000
0.490000 0.360000 0.000000
0.490000 0.370000 0.000000
0.490000 0.380000 0.000000
0.490000 0.390000 0.000000
0.490000 0.400000 0.000000
0.490000 0.410000 0.000000
0.490000 0.420000 0.000000
0.490000 0.430000 0.000000
0.490000 0.440000 0.000000
0.490000 0.450000 0.000000
0.490000 0.460000 0.000000
0.490000 0.470000 0.000000
0.490000 0.480000 0.000000
0.490000 0.490000 0.000000
