0.000000 0.000000 0.019709
0.000000 0.010000 0.019077
0.000000 0.020000 0.018443
0.000000 0.030000 0.018144
0.000000 0.040000 0.017375
0.000000 0.050000 0.017094
0.000000 0.060000 0.000000
0.000000 0.070000 0.000356
0.000000 0.080000 0.000144
0.000000 0.090000 -0.000144
0.000000 0.100000 0.000000
0.000000 0.110000 0.000000
0.000000 0.120000 0.000000
0.000000 0.130000 0.000000
0.000000 0.140000 0.000922
0.000000 0.150000 0.000482
0.000000 0.160000 -0.000344
0.000000 0.170000 -0.000666
0.000000 0.180000 0.000000
0.000000 0.190000 0.000000
0.000000 0.200000 0.000000
0.000000 0.210000 0.000000
0.000000 0.220000 0.000000
0.000000 0.230000 0.003858
0.000000 0.240000 0.001922
0.000000 0.250000 0.001029
0.000000 0.260000 0.000351
0.000000 0.270000 0.000021
0.000000 0.280000 -0.000833
0.000000 0.290000 -0.000912
0.000000 0.300000 -0.001548
0.000000 0.310000 0.000000
0.000000 0.320000 0.000000
0.000000 0.330000 0.000000
0.000000 0.340000 0.000000
0.000000 0.350000 0.000000
0.000000 0.360000 0.000000
0.000000 0.370000 0.000000
0.000000 0.380000 0.000000
0.000000 0.390000 0.000000
0.000000 0.400000 0.000000
0.000000 0.410000 0.000000
0.000000 0.420000 0.000000
0.000000 0.430000 -0.471810
0.000000 0.440000 -0.472415
0.000000 0.450000 0.000000
0.000000 0.460000 0.000000
0.000000 0.470000 0.000000
0.000000 0.480000 0.000000
0.000000 0.490000 -0.000000
0.010000 0.000000 0.019709
0.010000 0.010000 0.000000
0.010000 0.020000 0.000000
0.010000 0.030000 0.000000
0.010000 0.040000 0.000000
0.010000 0.050000 0.000000
0.010000 0.060000 0.000000
0.010000 0.070000 0.000000
0.010000 0.080000 0.000000
0.010000 0.090000 0.000000
0.010000 0.100000 0.000000
0.010000 0.110000 0.000000
0.010000 0.120000 0.000000
0.010000 0.130000 0.000000
0.010000 0.140000 0.000922
0.010000 0.150000 0.000000
0.010000 0.160000 0.000000
0.010000 0.170000 0.000000
0.010000 0.180000 0.000000
0.010000 0.190000 0.000004
0.010000 0.200000 0.000000
0.010000 0.210000 0.000000
0.010000 0.220000 0.000000
0.010000 0.230000 0.000000
0.010000 0.240000 0.000000
0.010000 0.250000 0.000000
0.010000 0.260000 0.000351
0.010000 0.270000 0.000000
0.010000 0.280000 0.000000
0.010000 0.290000 0.000000
0.010000 0.300000 0.000000
0.010000 0.310000 0.000000
0.010000 0.320000 0.000000
0.010000 0.330000 0.000000
0.010000 0.340000 0.000000
0.010000 0.350000 0.000000
0.010000 0.360000 0.000000
0.010000 0.370000 0.000000
0.010000 0.380000 0.000000
0.010000 0.390000 0.000000
0.010000 0.400000 0.000000
0.010000 0.410000 0.000000
0.010000 0.420000 0.000000
0.010000 0.430000 0.000000
0.010000 0.440000 0.000000
0.010000 0.450000 0.000000
0.010000 0.460000 0.000000
0.010000 0.470000 0.000000
0.010000 0.480000 0.000000
0.010000 0.490000 -0.000000
0.020000 0.000000 0.019709
0.020000 0.010000 0.000000
0.020000 0.020000 0.000000
0.020000 0.030000 0.000000
0.020000 0.040000 0.000000
0.020000 0.050000 0.000000
0.020000 0.060000 0.000000
0.020000 0.070000 0.000000
0.020000 0.080000 0.000000
0.020000 0.090000 0.000000
0.020000 0.100000 0.000000
0.020000 0.110000 0.000000
0.020000 0.120000 0.000000
0.020000 0.130000 0.000000
0.020000 0.140000 0.000000
0.020000 0.150000 0.000000
0.020000 0.160000 0.000000
0.020000 0.170000 0.000000
0.020000 0.180000 0.000000
0.020000 0.190000 0.000000
0.020000 0.200000 0.000000
0.020000 0.210000 0.000000
0.020000 0.220000 0.000000
0.020000 0.230000 0.000000
0.020000 0.240000 0.000000
0.020000 0.250000 0.000000
0.020000 0.260000 0.000000
0.020000 0.270000 0.000000
0.020000 0.280000 0.000000
0.020000 0.290000 0.000000
0.020000 0.300000 0.000000
0.020000 0.310000 0.000000
0.020000 0.320000 0.000000
0.020000 0.330000 0.000000
0.020000 0.340000 0.000000
0.020000 0.350000 0.000000
0.020000 0.360000 0.000000
0.020000 0.370000 0.000000
0.020000 0.380000 0.000000
0.020000 0.390000 0.000000
0.020000 0.400000 0.000000
0.020000 0.410000 0.000000
0.020000 0.420000 0.000000
0.020000 0.430000 0.000000
0.020000 0.440000 0.000000
0.020000 0.450000 0.000000
0.020000 0.460000 0.000000
0.020000 0.470000 0.000000
0.020000 0.480000 0.000000
0.020000 0.490000 -0.000000
0.030000 0.000000 0.019709
0.030000 0.010000 0.000000
0.030000 0.020000 0.000000
0.030000 0.030000 0.000000
0.030000 0.040000 0.000000
0.030000 0.050000 0.000000
0.030000 0.060000 0.000000
0.030000 0.070000 0.000000
0.030000 0.080000 0.000000
0.030000 0.090000 0.000000
0.030000 0.100000 0.000000
0.030000 0.110000 0.000000
0.030000 0.120000 0.000000
0.030000 0.130000 0.000000
0.030000 0.140000 0.000000
0.030000 0.150000 0.000000
0.030000 0.160000 0.000000
0.030000 0.170000 0.000000
0.030000 0.180000 0.000000
0.030000 0.190000 0.000000
0.030000 0.200000 0.000000
0.030000 0.210000 0.000000
0.030000 0.220000 0.000000
0.030000 0.230000 0.000000
0.030000 0.240000 0.000000
0.030000 0.250000 0.000000
0.030000 0.260000 0.000000
0.030000 0.270000 0.000000
0.030000 0.280000 0.000000
0.030000 0.290000 0.000000
0.030000 0.300000 0.000000
0.030000 0.310000 0.000000
0.030000 0.320000 0.000000
0.030000 0.330000 0.000000
0.030000 0.340000 0.000000
0.030000 0.350000 0.000000
0.030000 0.360000 0.000000
0.030000 0.370000 0.000000
0.030000 0.380000 0.000000
0.030000 0.390000 0.000000
0.030000 0.400000 0.000000
0.030000 0.410000 0.000000
0.030000 0.420000 0.000000
0.030000 0.430000 0.000000
0.030000 0.440000 0.000000
0.030000 0.450000 0.000000
0.030000 0.460000 0.000000
0.030000 0.470000 0.000000
0.030000 0.480000 0.000000
0.030000 0.490000 -0.000000
0.040000 0.000000 0.019709
0.040000 0.010000 0.000000
0.040000 0.020000 0.000000
0.040000 0.030000 0.000000
0.040000 0.040000 0.000000
0.040000 0.050000 0.000000
0.040000 0.060000 0.000000
0.040000 0.070000 0.000000
0.040000 0.080000 0.000000
0.040000 0.090000 0.000000
0.040000 0.100000 0.000000
0.040000 0.110000 0.000000
0.040000 0.120000 0.000000
0.040000 0.130000 0.000000
0.040000 0.140000 0.000000
0.040000 0.150000 0.000000
0.040000 0.160000 0.000000
0.040000 0.170000 0.000000
0.040000 0.180000 0.000000
0.040000 0.190000 0.000000
0.040000 0.200000 0.000000
0.040000 0.210000 0.000000
0.040000 0.220000 0.000000
0.040000 0.230000 0.000000
0.040000 0.240000 0.000000
0.040000 0.250000 0.000000
0.040000 0.260000 0.000000
0.040000 0.270000 0.000000
0.040000 0.280000 0.000000
0.040000 0.290000 0.000000
0.040000 0.300000 0.000000
0.040000 0.310000 0.000000
0.040000 0.320000 0.000000
0.040000 0.330000 0.000000
0.040000 0.340000 0.000000
0.040000 0.350000 0.000000
0.040000 0.360000 0.000000
0.040000 0.370000 0.000000
0.040000 0.380000 0.000000
0.040000 0.390000 0.000000
0.040000 0.400000 0.000000
0.040000 0.410000 0.000000
0.040000 0.420000 0.000000
0.040000 0.430000 0.000000
0.040000 0.440000 0.000000
0.040000 0.450000 0.000000
0.040000 0.460000 0.000000
0.040000 0.470000 0.000000
0.040000 0.480000 0.000000
0.040000 0.490000 -0.000000
0.050000 0.000000 0.019709
0.050000 0.010000 0.000000
0.050000 0.020000 0.000000
0.050000 0.030000 0.000000
0.050000 0.040000 0.000000
0.050000 0.050000 0.000000
0.050000 0.060000 0.000000
0.050000 0.070000 0.000000
0.050000 0.080000 0.000000
0.050000 0.090000 0.000000
0.050000 0.100000 0.000000
0.050000 0.110000 0.000000
0.050000 0.120000 0.000000
0.050000 0.130000 0.000000
0.050000 0.140000 0.000000
0.050000 0.150000 0.000000
0.050000 0.160000 0.000000
0.050000 0.170000 0.000000
0.050000 0.180000 0.000000
0.050000 0.190000 0.000000
0.050000 0.200000 0.000000
0.050000 0.210000 0.000000
0.050000 0.220000 0.000000
0.050000 0.230000 0.000000
0.050000 0.240000 0.000000
0.050000 0.250000 0.000000
0.050000 0.260000 0.000000
0.050000 0.270000 0.000000
0.050000 0.280000 0.000000
0.050000 0.290000 0.000000
0.050000 0.300000 0.000000
0.050000 0.310000 0.000000
0.050000 0.320000 0.000000
0.050000 0.330000 0.000000
0.050000 0.340000 0.000000
0.050000 0.350000 0.000000
0.050000 0.360000 0.000000
0.050000 0.370000 0.000000
0.050000 0.380000 0.000000
0.050000 0.390000 0.000000
0.050000 0.400000 0.000000
0.050000 0.410000 0.000000
0.050000 0.420000 0.000000
0.050000 0.430000 0.000000
0.050000 0.440000 0.000000
0.050000 0.450000 0.000000
0.050000 0.460000 0.000000
0.050000 0.470000 0.000000
0.050000 0.480000 0.000000
0.050000 0.490000 -0.000000
0.060000 0.000000 0.019709
0.060000 0.010000 0.000000
0.060000 0.020000 0.000000
0.060000 0.030000 0.000000
0.060000 0.040000 0.000000
0.060000 0.050000 0.000000
0.060000 0.060000 0.000000
0.060000 0.070000 0.000000
0.060000 0.080000 0.000000
0.060000 0.090000 0.000000
0.060000 0.100000 0.000000
0.060000 0.110000 0.000000
0.060000 0.120000 0.000000
0.060000 0.130000 0.000000
0.060000 0.140000 0.000000
0.060000 0.150000 0.000000
0.060000 0.160000 0.000000
0.060000 0.170000 0.000000
0.060000 0.180000 0.000000
0.060000 0.190000 0.000000
0.060000 0.200000 0.000000
0.060000 0.210000 0.000000
0.060000 0.220000 0.000000
0.060000 0.230000 0.000000
0.060000 0.240000 0.000000
0.060000 0.250000 0.000000
0.060000 0.260000 0.000000
0.060000 0.270000 0.000000
0.060000 0.280000 0.000000
0.060000 0.290000 0.000000
0.060000 0.300000 0.000000
0.060000 0.310000 0.000000
0.060000 0.320000 0.000000
0.060000 0.330000 0.000000
0.060000 0.340000 0.000000
0.060000 0.350000 0.000000
0.060000 0.360000 0.000000
0.060000 0.370000 0.000000
0.060000 0.380000 0.000000
0.060000 0.390000 0.000000
0.060000 0.400000 0.000000
0.060000 0.410000 0.000000
0.060000 0.420000 0.000000
0.060000 0.430000 0.000000
0.060000 0.440000 0.000000
0.060000 0.450000 0.000000
0.060000 0.460000 0.000000
0.060000 0.470000 0.000000
0.060000 0.480000 0.000000
0.060000 0.490000 -0.000000
0.070000 0.000000 0.019709
0.070000 0.010000 0.000000
0.070000 0.020000 0.000000
0.070000 0.030000 0.000000
0.070000 0.040000 0.000000
0.070000 0.050000 0.000000
0.070000 0.060000 0.000000
0.070000 0.070000 0.000000
0.070000 0.080000 0.000000
0.070000 0.090000 0.000000
0.070000 0.100000 0.000000
0.070000 0.110000 0.000000
0.070000 0.120000 0.000000
0.070000 0.130000 0.000000
0.070000 0.140000 0.000000
0.070000 0.150000 0.000000
0.070000 0.160000 0.000000
0.070000 0.170000 0.000000
0.070000 0.180000 0.000000
0.070000 0.190000 0.000000
0.070000 0.200000 0.000000
0.070000 0.210000 0.000000
0.070000 0.220000 0.000000
0.070000 0.230000 0.000000
0.070000 0.240000 0.000000
0.070000 0.250000 0.000000
0.070000 0.260000 0.000000
0.070000 0.270000 0.000000
0.070000 0.280000 0.000000
0.070000 0.290000 0.000000
0.070000 0.300000 0.000000
0.070000 0.310000 0.000000
0.070000 0.320000 0.000000
0.070000 0.330000 0.000000
0.070000 0.340000 0.000000
0.070000 0.350000 0.000000
0.070000 0.360000 0.000000
0.070000 0.370000 0.000000
0.070000 0.380000 0.000000
0.070000 0.390000 0.000000
0.070000 0.400000 0.000000
0.070000 0.410000 0.000000
0.070000 0.420000 0.000000
0.070000 0.430000 0.000000
0.070000 0.440000 0.000000
0.070000 0.450000 0.000000
0.070000 0.460000 0.000000
0.070000 0.470000 0.000000
0.070000 0.480000 0.000000
0.070000 0.490000 0.000000
0.080000 0.000000 0.019709
0.080000 0.010000 0.000000
0.080000 0.020000 0.000000
0.080000 0.030000 0.000000
0.080000 0.040000 0.000000
0.080000 0.050000 0.000000
0.080000 0.060000 0.000000
0.080000 0.070000 0.000000
0.080000 0.080000 0.000000
0.080000 0.090000 0.000000
0.080000 0.100000 0.000000
0.080000 0.110000 0.000000
0.080000 0.120000 0.000000
0.080000 0.130000 0.000000
0.080000 0.140000 0.000000
0.080000 0.150000 0.000000
0.080000 0.160000 0.000000
0.080000 0.170000 0.000000
0.080000 0.180000 0.000000
0.080000 0.190000 0.000000
0.080000 0.200000 0.000000
0.080000 0.210000 0.000000
0.080000 0.220000 0.000000
0.080000 0.230000 0.000000
0.080000 0.240000 0.000000
0.080000 0.250000 0.000000
0.080000 0.260000 0.000000
0.080000 0.270000 0.000000
0.080000 0.280000 0.000000
0.080000 0.290000 0.000000
0.080000 0.300000 0.000000
0.080000 0.310000 0.000000
0.080000 0.320000 0.000000
0.080000 0.330000 0.000000
0.080000 0.340000 0.000000
0.080000 0.350000 0.000000
0.080000 0.360000 0.000000
0.080000 0.370000 0.000000
0.080000 0.380000 0.000000
0.080000 0.390000 0.000000
0.080000 0.400000 0.000000
0.080000 0.410000 0.000000
0.080000 0.420000 0.000000
0.080000 0.430000 0.000000
0.080000 0.440000 0.000000
0.080000 0.450000 0.000000
0.080000 0.460000 0.000000
0.080000 0.470000 0.000000
0.080000 0.480000 0.000000
0.080000 0.490000 0.000000
0.090000 0.000000 0.019709
0.090000 0.010000 0.000000
0.090000 0.020000 0.000000
0.090000 0.030000 0.000000
0.090000 0.040000 0.000000
0.090000 0.050000 0.000000
0.090000 0.060000 0.000000
0.090000 0.070000 0.000000
0.090000 0.080000 0.000000
0.090000 0.090000 0.000000
0.090000 0.100000 0.000000
0.090000 0.110000 0.000000
0.090000 0.120000 0.000000
0.090000 0.130000 0.000000
0.090000 0.140000 0.000000
0.090000 0.150000 0.000000
0.090000 0.160000 0.000000
0.090000 0.170000 0.000000
0.090000 0.180000 0.000000
0.090000 0.190000 0.000000
0.090000 0.200000 0.000000
0.090000 0.210000 0.000000
0.090000 0.220000 0.000000
0.090000 0.230000 0.000000
0.090000 0.240000 0.000000
0.090000 0.250000 0.000000
0.090000 0.260000 0.000000
0.090000 0.270000 0.000000
0.090000 0.280000 0.000000
0.090000 0.290000 0.000000
0.090000 0.300000 0.000000
0.090000 0.310000 0.000000
0.090000 0.320000 0.000000
0.090000 0.330000 0.000000
0.090000 0.340000 0.000000
0.090000 0.350000 0.000000
0.090000 0.360000 0.000000
0.090000 0.370000 0.000000
0.090000 0.380000 0.000000
0.090000 0.390000 -0.000068
0.090000 0.400000 0.000000
0.090000 0.410000 0.000000
0.090000 0.420000 0.000000
0.090000 0.430000 0.000000
0.090000 0.440000 0.000000
0.090000 0.450000 0.000000
0.090000 0.460000 0.000000
0.090000 0.470000 0.000000
0.090000 0.480000 0.000000
0.090000 0.490000 0.000000
0.100000 0.000000 0.019709
0.100000 0.010000 0.000000
0.100000 0.020000 0.000000
0.100000 0.030000 0.000000
0.100000 0.040000 0.000000
0.100000 0.050000 0.000000
0.100000 0.060000 0.000000
0.100000 0.070000 0.000000
0.100000 0.080000 0.000000
0.100000 0.090000 0.000000
0.100000 0.100000 0.000000
0.100000 0.110000 0.000000
0.100000 0.120000 0.000000
0.100000 0.130000 0.000000
0.100000 0.140000 0.000000
0.100000 0.150000 0.000000
0.100000 0.160000 0.000000
0.100000 0.170000 0.000000
0.100000 0.180000 0.000000
0.100000 0.190000 0.000000
0.100000 0.200000 0.000000
0.100000 0.210000 0.000000
0.100000 0.220000 0.000000
0.100000 0.230000 0.000000
0.100000 0.240000 0.000000
0.100000 0.250000 0.000000
0.100000 0.260000 0.000000
0.100000 0.270000 0.000000
0.100000 0.280000 0.000000
0.100000 0.290000 0.000000
0.100000 0.300000 0.000000
0.100000 0.310000 0.000000
0.100000 0.320000 0.000000
0.100000 0.330000 0.000000
0.100000 0.340000 0.000000
0.100000 0.350000 0.000000
0.100000 0.360000 0.000000
0.100000 0.370000 0.000000
0.100000 0.380000 0.000325
0.100000 0.390000 -0.000046
0.100000 0.400000 -0.000414
0.100000 0.410000 0.000000
0.100000 0.420000 0.000000
0.100000 0.430000 0.000000
0.100000 0.440000 0.000000
0.100000 0.450000 0.000000
0.100000 0.460000 0.000000
0.100000 0.470000 0.000000
0.100000 0.480000 0.000000
0.100000 0.490000 0.000000
0.110000 0.000000 0.019708
0.110000 0.010000 0.000000
0.110000 0.020000 0.000000
0.110000 0.030000 0.000000
0.110000 0.040000 0.000000
0.110000 0.050000 0.000000
0.110000 0.060000 0.000000
0.110000 0.070000 0.000000
0.110000 0.080000 0.000000
0.110000 0.090000 0.000000
0.110000 0.100000 0.000000
0.110000 0.110000 0.000000
0.110000 0.120000 0.000000
0.110000 0.130000 0.000000
0.110000 0.140000 0.000000
0.110000 0.150000 0.000000
0.110000 0.160000 0.000000
0.110000 0.170000 0.000000
0.110000 0.180000 0.000000
0.110000 0.190000 0.000000
0.110000 0.200000 0.000000
0.110000 0.210000 0.000000
0.110000 0.220000 0.000000
0.110000 0.230000 0.000000
0.110000 0.240000 0.000000
0.110000 0.250000 0.000000
0.110000 0.260000 0.000000
0.110000 0.270000 0.000000
0.110000 0.280000 0.000000
0.110000 0.290000 0.000000
0.110000 0.300000 0.000000
0.110000 0.310000 0.000000
0.110000 0.320000 0.000000
0.110000 0.330000 0.000000
0.110000 0.340000 0.000000
0.110000 0.350000 0.000000
0.110000 0.360000 0.000000
0.110000 0.370000 0.000000
0.110000 0.380000 0.000325
0.110000 0.390000 0.000000
0.110000 0.400000 0.000000
0.110000 0.410000 0.000000
0.110000 0.420000 0.000000
0.110000 0.430000 0.000000
0.110000 0.440000 0.000000
0.110000 0.450000 0.000000
0.110000 0.460000 0.000000
0.110000 0.470000 0.000000
0.110000 0.480000 0.000000
0.110000 0.490000 0.000000
0.120000 0.000000 0.019708
0.120000 0.010000 0.000000
0.120000 0.020000 0.000000
0.120000 0.030000 0.000000
0.120000 0.040000 0.000000
0.120000 0.050000 0.000000
0.120000 0.060000 0.000000
0.120000 0.070000 0.000000
0.120000 0.080000 0.000000
0.120000 0.090000 0.000000
0.120000 0.100000 0.000000
0.120000 0.110000 0.000000
0.120000 0.120000 0.000000
0.120000 0.130000 0.000000
0.120000 0.140000 0.000000
0.120000 0.150000 0.000000
0.120000 0.160000 0.000000
0.120000 0.170000 0.000000
0.120000 0.180000 0.000000
0.120000 0.190000 0.000000
0.120000 0.200000 0.000000
0.120000 0.210000 0.000000
0.120000 0.220000 0.000000
0.120000 0.230000 0.000000
0.120000 0.240000 0.000000
0.120000 0.250000 0.000000
0.120000 0.260000 0.000000
0.120000 0.270000 0.000000
0.120000 0.280000 0.000000
0.120000 0.290000 0.000000
0.120000 0.300000 0.000000
0.120000 0.310000 0.000000
0.120000 0.320000 0.000000
0.120000 0.330000 0.000271
0.120000 0.340000 0.000000
0.120000 0.350000 0.000000
0.120000 0.360000 0.000000
0.120000 0.370000 0.000000
0.120000 0.380000 0.000325
0.120000 0.390000 0.000000
0.120000 0.400000 0.000000
0.120000 0.410000 0.000000
0.120000 0.420000 0.000000
0.120000 0.430000 0.000000
0.120000 0.440000 0.000000
0.120000 0.450000 0.000000
0.120000 0.460000 0.000000
0.120000 0.470000 0.000000
0.120000 0.480000 0.000000
0.120000 0.490000 0.000000
0.130000 0.000000 0.019708
0.130000 0.010000 0.000000
0.130000 0.020000 0.000000
0.130000 0.030000 0.000000
0.130000 0.040000 0.000000
0.130000 0.050000 0.000000
0.130000 0.060000 0.000000
0.130000 0.070000 0.000000
0.130000 0.080000 0.000000
0.130000 0.090000 0.000000
0.130000 0.100000 0.000000
0.130000 0.110000 0.000000
0.130000 0.120000 0.000000
0.130000 0.130000 0.000000
0.130000 0.140000 0.000000
0.130000 0.150000 0.000000
0.130000 0.160000 0.000000
0.130000 0.170000 0.000000
0.130000 0.180000 0.000000
0.130000 0.190000 0.000000
0.130000 0.200000 0.000000
0.130000 0.210000 0.000000
0.130000 0.220000 0.000000
0.130000 0.230000 0.000000
0.130000 0.240000 0.000000
0.130000 0.250000 0.000000
0.130000 0.260000 0.000000
0.130000 0.270000 0.000000
0.130000 0.280000 0.000000
0.130000 0.290000 0.000000
0.130000 0.300000 0.000000
0.130000 0.310000 0.000000
0.130000 0.320000 0.000000
0.130000 0.330000 0.000000
0.130000 0.340000 0.000000
0.130000 0.350000 0.000000
0.130000 0.360000 0.000000
0.130000 0.370000 0.000000
0.130000 0.380000 0.000000
0.130000 0.390000 0.000000
0.130000 0.400000 0.000000
0.130000 0.410000 0.000000
0.130000 0.420000 0.000000
0.130000 0.430000 0.000000
0.130000 0.440000 0.000000
0.130000 0.450000 0.000000
0.130000 0.460000 0.000000
0.130000 0.470000 0.000000
0.130000 0.480000 0.000000
0.130000 0.490000 0.000000
0.140000 0.000000 0.019708
0.140000 0.010000 0.000000
0.140000 0.020000 0.000000
0.140000 0.030000 0.000000
0.140000 0.040000 0.000000
0.140000 0.050000 0.000000
0.140000 0.060000 0.000000
0.140000 0.070000 0.000000
0.140000 0.080000 0.000000
0.140000 0.090000 0.000000
0.140000 0.100000 0.000000
0.140000 0.110000 0.000000
0.140000 0.120000 0.000000
0.140000 0.130000 0.000000
0.140000 0.140000 0.000000
0.140000 0.150000 0.000000
0.140000 0.160000 0.000000
0.140000 0.170000 0.000000
0.140000 0.180000 0.000000
0.140000 0.190000 0.000000
0.140000 0.200000 0.000000
0.140000 0.210000 0.001903
0.140000 0.220000 0.000000
0.140000 0.230000 0.000000
0.140000 0.240000 0.001194
0.140000 0.250000 0.000000
0.140000 0.260000 0.000000
0.140000 0.270000 0.000000
0.140000 0.280000 0.000000
0.140000 0.290000 0.000000
0.140000 0.300000 0.000000
0.140000 0.310000 0.000000
0.140000 0.320000 0.000000
0.140000 0.330000 0.000000
0.140000 0.340000 0.000000
0.140000 0.350000 0.000000
0.140000 0.360000 0.000000
0.140000 0.370000 0.000000
0.140000 0.380000 0.000000
0.140000 0.390000 0.000000
0.140000 0.400000 0.000000
0.140000 0.410000 0.000000
0.140000 0.420000 0.000000
0.140000 0.430000 0.000000
0.140000 0.440000 0.000000
0.140000 0.450000 0.000000
0.140000 0.460000 0.000000
0.140000 0.470000 0.000000
0.140000 0.480000 0.000000
0.140000 0.490000 0.000000
0.150000 0.000000 0.019708
0.150000 0.010000 0.000000
0.150000 0.020000 0.000000
0.150000 0.030000 0.000000
0.150000 0.040000 0.000000
0.150000 0.050000 0.000000
0.150000 0.060000 0.000000
0.150000 0.070000 0.000000
0.150000 0.080000 0.000000
0.150000 0.090000 0.000000
0.150000 0.100000 0.000000
0.150000 0.110000 0.000000
0.150000 0.120000 0.000000
0.150000 0.130000 0.000000
0.150000 0.140000 0.000000
0.150000 0.150000 0.000000
0.150000 0.160000 0.000000
0.150000 0.170000 0.000000
0.150000 0.180000 0.000000
0.150000 0.190000 0.000000
0.150000 0.200000 0.000000
0.150000 0.210000 0.000000
0.150000 0.220000 0.000000
0.150000 0.230000 0.000000
0.150000 0.240000 0.000000
0.150000 0.250000 0.000000
0.150000 0.260000 0.000000
0.150000 0.270000 0.000000
0.150000 0.280000 0.000000
0.150000 0.290000 0.000000
0.150000 0.300000 0.000000
0.150000 0.310000 0.000000
0.150000 0.320000 0.000000
0.150000 0.330000 0.000000
0.150000 0.340000 0.000000
0.150000 0.350000 0.000000
0.150000 0.360000 0.000000
0.150000 0.370000 0.000000
0.150000 0.380000 0.000000
0.150000 0.390000 0.000000
0.150000 0.400000 0.000000
0.150000 0.410000 0.000000
0.150000 0.420000 0.000000
0.150000 0.430000 0.000000
0.150000 0.440000 0.000000
0.150000 0.450000 0.000000
0.150000 0.460000 0.000000
0.150000 0.470000 0.000000
0.150000 0.480000 0.000000
0.150000 0.490000 0.000000
0.160000 0.000000 0.019708
0.160000 0.010000 0.000000
0.160000 0.020000 0.000000
0.160000 0.030000 0.000000
0.160000 0.040000 0.000000
0.160000 0.050000 0.000000
0.160000 0.060000 0.000000
0.160000 0.070000 0.000000
0.160000 0.080000 0.000000
0.160000 0.090000 0.000000
0.160000 0.100000 0.000000
0.160000 0.110000 0.000000
0.160000 0.120000 0.000000
0.160000 0.130000 0.000000
0.160000 0.140000 0.000000
0.160000 0.150000 0.000000
0.160000 0.160000 0.000000
0.160000 0.170000 0.000000
0.160000 0.180000 0.000000
0.160000 0.190000 0.000000
0.160000 0.200000 0.000000
0.160000 0.210000 0.000000
0.160000 0.220000 0.000000
0.160000 0.230000 0.000000
0.160000 0.240000 0.000000
0.160000 0.250000 0.000000
0.160000 0.260000 0.000000
0.160000 0.270000 0.000000
0.160000 0.280000 0.000000
0.160000 0.290000 0.000000
0.160000 0.300000 0.000000
0.160000 0.310000 0.000000
0.160000 0.320000 0.000000
0.160000 0.330000 0.000000
0.160000 0.340000 0.000000
0.160000 0.350000 0.000000
0.160000 0.360000 0.000000
0.160000 0.370000 0.000000
0.160000 0.380000 0.000000
0.160000 0.390000 0.000000
0.160000 0.400000 0.000000
0.160000 0.410000 0.000000
0.160000 0.420000 0.000000
0.160000 0.430000 0.000000
0.160000 0.440000 0.000000
0.160000 0.450000 0.000000
0.160000 0.460000 0.000000
0.160000 0.470000 0.000000
0.160000 0.480000 0.000000
0.160000 0.490000 0.000000
0.170000 0.000000 0.019708
0.170000 0.010000 0.000000
0.170000 0.020000 0.000000
0.170000 0.030000 0.000000
0.170000 0.040000 0.000000
0.170000 0.050000 0.000000
0.170000 0.060000 0.000000
0.170000 0.070000 0.000000
0.170000 0.080000 0.000000
0.170000 0.090000 0.000000
0.170000 0.100000 0.000000
0.170000 0.110000 0.000000
0.170000 0.120000 0.000000
0.170000 0.130000 0.000000
0.170000 0.140000 0.000000
0.170000 0.150000 0.000000
0.170000 0.160000 0.000000
0.170000 0.170000 0.000000
0.170000 0.180000 0.000000
0.170000 0.190000 0.000000
0.170000 0.200000 0.000000
0.170000 0.210000 0.000000
0.170000 0.220000 0.000000
0.170000 0.230000 0.000000
0.170000 0.240000 0.000000
0.170000 0.250000 0.000000
0.170000 0.260000 0.000000
0.170000 0.270000 0.000000
0.170000 0.280000 0.000000
0.170000 0.290000 0.000000
0.170000 0.300000 0.000000
0.170000 0.310000 0.000000
0.170000 0.320000 0.000000
0.170000 0.330000 0.000000
0.170000 0.340000 0.000000
0.170000 0.350000 0.000000
0.170000 0.360000 0.000000
0.170000 0.370000 0.000000
0.170000 0.380000 0.000000
0.170000 0.390000 0.000000
0.170000 0.400000 0.000000
0.170000 0.410000 0.000000
0.170000 0.420000 0.000000
0.170000 0.430000 0.000000
0.170000 0.440000 0.000000
0.170000 0.450000 0.000000
0.170000 0.460000 0.000000
0.170000 0.470000 0.000000
0.170000 0.480000 0.000000
0.170000 0.490000 0.000000
0.180000 0.000000 0.019708
0.180000 0.010000 0.000000
0.180000 0.020000 0.000000
0.180000 0.030000 0.000000
0.180000 0.040000 0.000000
0.180000 0.050000 0.000000
0.180000 0.060000 0.000000
0.180000 0.070000 0.000000
0.180000 0.080000 0.000000
0.180000 0.090000 0.000000
0.180000 0.100000 0.000000
0.180000 0.110000 0.000000
0.180000 0.120000 0.000000
0.180000 0.130000 0.000000
0.180000 0.140000 0.000000
0.180000 0.150000 0.000000
0.180000 0.160000 0.000000
0.180000 0.170000 0.000000
0.180000 0.180000 0.000000
0.180000 0.190000 0.000000
0.180000 0.200000 0.000000
0.180000 0.210000 0.000000
0.180000 0.220000 0.000000
0.180000 0.230000 0.000000
0.180000 0.240000 0.000000
0.180000 0.250000 0.000000
0.180000 0.260000 0.000000
0.180000 0.270000 0.000446
0.180000 0.280000 0.000000
0.180000 0.290000 0.000000
0.180000 0.300000 0.000000
0.180000 0.310000 0.000000
0.180000 0.320000 0.000000
0.180000 0.330000 0.000000
0.180000 0.340000 0.000000
0.180000 0.350000 0.000000
0.180000 0.360000 0.000000
0.180000 0.370000 0.000000
0.180000 0.380000 0.000000
0.180000 0.390000 0.000000
0.180000 0.400000 0.000000
0.180000 0.410000 0.000000
0.180000 0.420000 0.000000
0.180000 0.430000 0.000000
0.180000 0.440000 0.000000
0.180000 0.450000 0.000000
0.180000 0.460000 0.000000
0.180000 0.470000 0.000000
0.180000 0.480000 0.000000
0.180000 0.490000 0.000000
0.190000 0.000000 0.019708
0.190000 0.010000 0.000000
0.190000 0.020000 0.000000
0.190000 0.030000 0.000000
0.190000 0.040000 0.000000
0.190000 0.050000 0.000000
0.190000 0.060000 0.000000
0.190000 0.070000 0.000000
0.190000 0.080000 0.000000
0.190000 0.090000 0.000000
0.190000 0.100000 0.000000
0.190000 0.110000 0.000000
0.190000 0.120000 0.000000
0.190000 0.130000 0.000000
0.190000 0.140000 0.000000
0.190000 0.150000 0.000000
0.190000 0.160000 0.000000
0.190000 0.170000 0.000000
0.190000 0.180000 0.000000
0.190000 0.190000 0.000000
0.190000 0.200000 0.000000
0.190000 0.210000 0.000000
0.190000 0.220000 0.000000
0.190000 0.230000 0.000000
0.190000 0.240000 0.000000
0.190000 0.250000 0.000000
0.190000 0.260000 0.000000
0.190000 0.270000 0.000000
0.190000 0.280000 0.000000
0.190000 0.290000 0.000000
0.190000 0.300000 0.000000
0.190000 0.310000 0.000000
0.190000 0.320000 0.000000
0.190000 0.330000 0.000000
0.190000 0.340000 0.000000
0.190000 0.350000 0.000000
0.190000 0.360000 0.000000
0.190000 0.370000 0.000000
0.190000 0.380000 0.000000
0.190000 0.390000 0.000000
0.190000 0.400000 0.000000
0.190000 0.410000 0.000000
0.190000 0.420000 0.000000
0.190000 0.430000 0.000000
0.190000 0.440000 0.000000
0.190000 0.450000 0.000000
0.190000 0.460000 0.000000
0.190000 0.470000 0.000000
0.190000 0.480000 0.000000
0.190000 0.490000 0.000000
0.200000 0.000000 0.019708
0.200000 0.010000 0.000000
0.200000 0.020000 0.000000
0.200000 0.030000 0.000000
0.200000 0.040000 0.000000
0.200000 0.050000 0.000000
0.200000 0.060000 0.000000
0.200000 0.070000 0.000000
0.200000 0.080000 0.000000
0.200000 0.090000 0.000000
0.200000 0.100000 0.000000
0.200000 0.110000 0.000000
0.200000 0.120000 0.000000
0.200000 0.130000 0.000000
0.200000 0.140000 0.000000
0.200000 0.150000 0.000000
0.200000 0.160000 0.000000
0.200000 0.170000 0.000000
0.200000 0.180000 0.000000
0.200000 0.190000 0.000000
0.200000 0.200000 0.000000
0.200000 0.210000 0.000000
0.200000 0.220000 0.000000
0.200000 0.230000 0.000000
0.200000 0.240000 0.000000
0.200000 0.250000 0.000000
0.200000 0.260000 0.000000
0.200000 0.270000 0.000000
0.200000 0.280000 0.000000
0.200000 0.290000 0.000000
0.200000 0.300000 0.000000
0.200000 0.310000 0.000163
0.200000 0.320000 -0.000163
0.200000 0.330000 0.000000
0.200000 0.340000 0.000000
0.200000 0.350000 0.000000
0.200000 0.360000 0.000000
0.200000 0.370000 0.000000
0.200000 0.380000 0.000000
0.200000 0.390000 0.000089
0.200000 0.400000 0.000000
0.200000 0.410000 0.000000
0.200000 0.420000 0.000000
0.200000 0.430000 0.000000
0.200000 0.440000 0.000000
0.200000 0.450000 0.000000
0.200000 0.460000 0.000000
0.200000 0.470000 0.000000
0.200000 0.480000 0.000000
0.200000 0.490000 0.000000
0.210000 0.000000 0.019708
0.210000 0.010000 0.000000
0.210000 0.020000 0.000000
0.210000 0.030000 0.000000
0.210000 0.040000 0.000000
0.210000 0.050000 0.000000
0.210000 0.060000 0.000000
0.210000 0.070000 0.000000
0.210000 0.080000 0.000000
0.210000 0.090000 0.000000
0.210000 0.100000 0.000000
0.210000 0.110000 0.000000
0.210000 0.120000 0.000000
0.210000 0.130000 0.000000
0.210000 0.140000 0.000000
0.210000 0.150000 0.000000
0.210000 0.160000 0.000000
0.210000 0.170000 0.000000
0.210000 0.180000 0.000000
0.210000 0.190000 0.000000
0.210000 0.200000 0.000000
0.210000 0.210000 0.000000
0.210000 0.220000 0.000000
0.210000 0.230000 0.000000
0.210000 0.240000 0.000000
0.210000 0.250000 0.000000
0.210000 0.260000 0.000000
0.210000 0.270000 0.000000
0.210000 0.280000 0.000000
0.210000 0.290000 0.000000
0.210000 0.300000 0.000000
0.210000 0.310000 0.000163
0.210000 0.320000 0.000000
0.210000 0.330000 0.000000
0.210000 0.340000 0.000000
0.210000 0.350000 0.000000
0.210000 0.360000 0.000000
0.210000 0.370000 0.000000
0.210000 0.380000 0.000000
0.210000 0.390000 0.000089
0.210000 0.400000 -0.000089
0.210000 0.410000 0.000000
0.210000 0.420000 0.000000
0.210000 0.430000 0.000000
0.210000 0.440000 0.000000
0.210000 0.450000 0.000000
0.210000 0.460000 0.000000
0.210000 0.470000 0.000000
0.210000 0.480000 0.000000
0.210000 0.490000 0.000000
0.220000 0.000000 0.019708
0.220000 0.010000 0.000000
0.220000 0.020000 0.000000
0.220000 0.030000 0.000000
0.220000 0.040000 0.000000
0.220000 0.050000 0.000000
0.220000 0.060000 0.000000
0.220000 0.070000 0.000000
0.220000 0.080000 0.000000
0.220000 0.090000 0.000000
0.220000 0.100000 0.000000
0.220000 0.110000 0.000000
0.220000 0.120000 0.000000
0.220000 0.130000 0.000000
0.220000 0.140000 0.000000
0.220000 0.150000 0.000000
0.220000 0.160000 0.000000
0.220000 0.170000 0.000000
0.220000 0.180000 0.000000
0.220000 0.190000 0.000000
0.220000 0.200000 0.000000
0.220000 0.210000 0.000000
0.220000 0.220000 0.000000
0.220000 0.230000 0.000000
0.220000 0.240000 0.000000
0.220000 0.250000 0.000000
0.220000 0.260000 0.000000
0.220000 0.270000 0.000000
0.220000 0.280000 0.000000
0.220000 0.290000 0.000000
0.220000 0.300000 0.000000
0.220000 0.310000 0.000000
0.220000 0.320000 0.000000
0.220000 0.330000 0.000000
0.220000 0.340000 0.000000
0.220000 0.350000 0.000000
0.220000 0.360000 0.000000
0.220000 0.370000 0.000000
0.220000 0.380000 0.000000
0.220000 0.390000 0.000000
0.220000 0.400000 0.000000
0.220000 0.410000 0.000000
0.220000 0.420000 0.000000
0.220000 0.430000 0.000000
0.220000 0.440000 0.000000
0.220000 0.450000 0.000000
0.220000 0.460000 0.000000
0.220000 0.470000 0.000000
0.220000 0.480000 0.000000
0.220000 0.490000 0.000000
0.230000 0.000000 0.019708
0.230000 0.010000 0.000000
0.230000 0.020000 0.000000
0.230000 0.030000 0.000000
0.230000 0.040000 0.000000
0.230000 0.050000 0.000000
0.230000 0.060000 0.000000
0.230000 0.070000 0.000000
0.230000 0.080000 0.000000
0.230000 0.090000 0.000000
0.230000 0.100000 0.000000
0.230000 0.110000 0.000000
0.230000 0.120000 0.000000
0.230000 0.130000 -0.000003
0.230000 0.140000 0.000000
0.230000 0.150000 0.000000
0.230000 0.160000 0.000000
0.230000 0.170000 0.000000
0.230000 0.180000 0.000000
0.230000 0.190000 0.000000
0.230000 0.200000 0.000000
0.230000 0.210000 0.000000
0.230000 0.220000 0.000000
0.230000 0.230000 0.000000
0.230000 0.240000 0.000072
0.230000 0.250000 0.000000
0.230000 0.260000 0.000098
0.230000 0.270000 0.000000
0.230000 0.280000 0.000000
0.230000 0.290000 0.000000
0.230000 0.300000 0.000000
0.230000 0.310000 0.000000
0.230000 0.320000 0.000000
0.230000 0.330000 0.000000
0.230000 0.340000 0.000000
0.230000 0.350000 0.000000
0.230000 0.360000 0.000000
0.230000 0.370000 0.000000
0.230000 0.380000 0.000000
0.230000 0.390000 0.000000
0.230000 0.400000 0.000000
0.230000 0.410000 0.000000
0.230000 0.420000 0.000000
0.230000 0.430000 0.000000
0.230000 0.440000 0.000000
0.230000 0.450000 0.000000
0.230000 0.460000 0.000000
0.230000 0.470000 0.000000
0.230000 0.480000 0.000000
0.230000 0.490000 0.000000
0.240000 0.000000 0.019708
0.240000 0.010000 0.000000
0.240000 0.020000 0.000000
0.240000 0.030000 0.000000
0.240000 0.040000 0.000000
0.240000 0.050000 0.000000
0.240000 0.060000 0.000000
0.240000 0.070000 0.000000
0.240000 0.080000 0.000000
0.240000 0.090000 0.000000
0.240000 0.100000 0.000000
0.240000 0.110000 0.000000
0.240000 0.120000 0.000000
0.240000 0.130000 0.000000
0.240000 0.140000 0.000000
0.240000 0.150000 0.000000
0.240000 0.160000 0.000000
0.240000 0.170000 0.000000
0.240000 0.180000 -0.000000
0.240000 0.190000 0.000000
0.240000 0.200000 0.000000
0.240000 0.210000 0.000000
0.240000 0.220000 0.000000
0.240000 0.230000 0.000000
0.240000 0.240000 0.000000
0.240000 0.250000 0.000000
0.240000 0.260000 0.000000
0.240000 0.270000 0.000000
0.240000 0.280000 0.000000
0.240000 0.290000 0.000000
0.240000 0.300000 0.000000
0.240000 0.310000 0.000000
0.240000 0.320000 0.000000
0.240000 0.330000 0.000000
0.240000 0.340000 0.000000
0.240000 0.350000 0.000000
0.240000 0.360000 0.000000
0.240000 0.370000 0.000000
0.240000 0.380000 0.000000
0.240000 0.390000 0.000000
0.240000 0.400000 0.000000
0.240000 0.410000 0.000000
0.240000 0.420000 0.000000
0.240000 0.430000 0.000000
0.240000 0.440000 0.000000
0.240000 0.450000 0.000000
0.240000 0.460000 0.000000
0.240000 0.470000 0.000000
0.240000 0.480000 0.000000
0.240000 0.490000 0.000000
0.250000 0.000000 0.019708
0.250000 0.010000 0.019340
0.250000 0.020000 0.000000
0.250000 0.030000 0.000000
0.250000 0.040000 0.000000
0.250000 0.050000 0.000000
0.250000 0.060000 0.000000
0.250000 0.070000 0.000000
0.250000 0.080000 0.000000
0.250000 0.090000 0.000000
0.250000 0.100000 0.000000
0.250000 0.110000 0.000000
0.250000 0.120000 0.000000
0.250000 0.130000 0.000000
0.250000 0.140000 0.000000
0.250000 0.150000 0.000000
0.250000 0.160000 0.000000
0.250000 0.170000 0.000000
0.250000 0.180000 0.000000
0.250000 0.190000 0.000000
0.250000 0.200000 0.000000
0.250000 0.210000 0.000000
0.250000 0.220000 0.000000
0.250000 0.230000 0.000000
0.250000 0.240000 0.000000
0.250000 0.250000 0.000000
0.250000 0.260000 0.000000
0.250000 0.270000 0.000000
0.250000 0.280000 0.000000
0.250000 0.290000 0.000000
0.250000 0.300000 0.000000
0.250000 0.310000 0.000000
0.250000 0.320000 0.000000
0.250000 0.330000 0.000000
0.250000 0.340000 0.000000
0.250000 0.350000 0.000000
0.250000 0.360000 0.000000
0.250000 0.370000 0.000000
0.250000 0.380000 0.000000
0.250000 0.390000 0.000000
0.250000 0.400000 0.000000
0.250000 0.410000 0.000000
0.250000 0.420000 0.000000
0.250000 0.430000 0.000000
0.250000 0.440000 0.000000
0.250000 0.450000 0.000000
0.250000 0.460000 0.000000
0.250000 0.470000 0.000000
0.250000 0.480000 0.000000
0.250000 0.490000 0.000000
0.260000 0.000000 0.019708
0.260000 0.010000 0.000000
0.260000 0.020000 0.000000
0.260000 0.030000 0.000560
0.260000 0.040000 0.000080
0.260000 0.050000 -0.000177
0.260000 0.060000 0.000000
0.260000 0.070000 0.000000
0.260000 0.080000 -0.000211
0.260000 0.090000 0.000000
0.260000 0.100000 0.000000
0.260000 0.110000 0.000000
0.260000 0.120000 0.000000
0.260000 0.130000 0.000000
0.260000 0.140000 0.000000
0.260000 0.150000 0.000000
0.260000 0.160000 0.000000
0.260000 0.170000 0.000000
0.260000 0.180000 0.000000
0.260000 0.190000 0.000000
0.260000 0.200000 0.000000
0.260000 0.210000 0.000000
0.260000 0.220000 0.000000
0.260000 0.230000 0.000000
0.260000 0.240000 0.000000
0.260000 0.250000 0.000000
0.260000 0.260000 0.000000
0.260000 0.270000 0.000000
0.260000 0.280000 0.000000
0.260000 0.290000 0.000000
0.260000 0.300000 0.000000
0.260000 0.310000 0.000000
0.260000 0.320000 0.000000
0.260000 0.330000 0.000000
0.260000 0.340000 0.000000
0.260000 0.350000 0.000000
0.260000 0.360000 0.000000
0.260000 0.370000 0.000000
0.260000 0.380000 0.000000
0.260000 0.390000 0.000000
0.260000 0.400000 0.000000
0.260000 0.410000 0.000000
0.260000 0.420000 0.000000
0.260000 0.430000 0.000000
0.260000 0.440000 0.000000
0.260000 0.450000 0.000000
0.260000 0.460000 0.000000
0.260000 0.470000 0.000000
0.260000 0.480000 0.000000
0.260000 0.490000 0.000000
0.270000 0.000000 0.019708
0.270000 0.010000 0.000000
0.270000 0.020000 0.000000
0.270000 0.030000 0.000000
0.270000 0.040000 0.000037
0.270000 0.050000 0.000000
0.270000 0.060000 0.000000
0.270000 0.070000 0.000000
0.270000 0.080000 -0.000211
0.270000 0.090000 0.000000
0.270000 0.100000 0.000000
0.270000 0.110000 0.000000
0.270000 0.120000 0.000000
0.270000 0.130000 0.000000
0.270000 0.140000 0.000000
0.270000 0.150000 0.000000
0.270000 0.160000 0.000000
0.270000 0.170000 0.000000
0.270000 0.180000 0.000321
0.270000 0.190000 -0.000321
0.270000 0.200000 0.000000
0.270000 0.210000 0.000000
0.270000 0.220000 0.000000
0.270000 0.230000 0.000000
0.270000 0.240000 0.000000
0.270000 0.250000 0.000000
0.270000 0.260000 0.000000
0.270000 0.270000 0.000000
0.270000 0.280000 0.000000
0.270000 0.290000 0.000000
0.270000 0.300000 0.000000
0.270000 0.310000 0.000000
0.270000 0.320000 0.000000
0.270000 0.330000 0.000000
0.270000 0.340000 0.000000
0.270000 0.350000 0.000000
0.270000 0.360000 0.000000
0.270000 0.370000 0.000000
0.270000 0.380000 0.000000
0.270000 0.390000 0.000000
0.270000 0.400000 0.000000
0.270000 0.410000 0.000000
0.270000 0.420000 0.000000
0.270000 0.430000 0.000000
0.270000 0.440000 0.000000
0.270000 0.450000 0.000000
0.270000 0.460000 0.000000
0.270000 0.470000 0.000000
0.270000 0.480000 0.000000
0.270000 0.490000 0.000000
0.280000 0.000000 0.000000
0.280000 0.010000 0.000000
0.280000 0.020000 0.000000
0.280000 0.030000 0.000000
0.280000 0.040000 0.000060
0.280000 0.050000 0.000000
0.280000 0.060000 0.000471
0.280000 0.070000 0.000000
0.280000 0.080000 0.000000
0.280000 0.090000 0.000000
0.280000 0.100000 0.000000
0.280000 0.110000 0.000000
0.280000 0.120000 0.000000
0.280000 0.130000 0.000000
0.280000 0.140000 0.000000
0.280000 0.150000 0.000000
0.280000 0.160000 0.000000
0.280000 0.170000 0.000000
0.280000 0.180000 0.000321
0.280000 0.190000 0.000000
0.280000 0.200000 0.000000
0.280000 0.210000 0.000000
0.280000 0.220000 0.000000
0.280000 0.230000 0.000000
0.280000 0.240000 0.000000
0.280000 0.250000 0.000000
0.280000 0.260000 0.000000
0.280000 0.270000 0.000000
0.280000 0.280000 0.000000
0.280000 0.290000 0.000000
0.280000 0.300000 0.000000
0.280000 0.310000 0.000000
0.280000 0.320000 0.000000
0.280000 0.330000 0.000000
0.280000 0.340000 0.000000
0.280000 0.350000 0.000000
0.280000 0.360000 0.000000
0.280000 0.370000 0.000000
0.280000 0.380000 0.000000
0.280000 0.390000 0.000000
0.280000 0.400000 0.000000
0.280000 0.410000 0.000000
0.280000 0.420000 0.000000
0.280000 0.430000 0.000000
0.280000 0.440000 0.000000
0.280000 0.450000 0.000000
0.280000 0.460000 0.000000
0.280000 0.470000 0.000000
0.280000 0.480000 0.000000
0.280000 0.490000 0.000000
0.290000 0.000000 0.000000
0.290000 0.010000 0.000000
0.290000 0.020000 0.000000
0.290000 0.030000 0.000000
0.290000 0.040000 0.000000
0.290000 0.050000 0.000000
0.290000 0.060000 0.000471
0.290000 0.070000 -0.000236
0.290000 0.080000 0.000000
0.290000 0.090000 0.000000
0.290000 0.100000 0.000000
0.290000 0.110000 0.000000
0.290000 0.120000 0.000000
0.290000 0.130000 0.000000
0.290000 0.140000 0.000000
0.290000 0.150000 0.000000
0.290000 0.160000 0.000000
0.290000 0.170000 0.000000
0.290000 0.180000 0.000000
0.290000 0.190000 0.000000
0.290000 0.200000 0.000000
0.290000 0.210000 0.000000
0.290000 0.220000 0.000000
0.290000 0.230000 0.000000
0.290000 0.240000 0.000000
0.290000 0.250000 0.000000
0.290000 0.260000 0.000000
0.290000 0.270000 0.000000
0.290000 0.280000 0.000000
0.290000 0.290000 0.000000
0.290000 0.300000 0.000000
0.290000 0.310000 0.000000
0.290000 0.320000 0.000000
0.290000 0.330000 0.000000
0.290000 0.340000 0.000000
0.290000 0.350000 0.000000
0.290000 0.360000 0.000000
0.290000 0.370000 0.000000
0.290000 0.380000 0.000000
0.290000 0.390000 0.000000
0.290000 0.400000 0.000000
0.290000 0.410000 0.000000
0.290000 0.420000 0.000000
0.290000 0.430000 0.000000
0.290000 0.440000 0.000000
0.290000 0.450000 0.000000
0.290000 0.460000 0.000000
0.290000 0.470000 0.000000
0.290000 0.480000 0.000000
0.290000 0.490000 0.000000
0.300000 0.000000 -0.219750
0.300000 0.010000 -0.220109
0.300000 0.020000 0.000000
0.300000 0.030000 0.000000
0.300000 0.040000 0.000000
0.300000 0.050000 0.000000
0.300000 0.060000 0.000000
0.300000 0.070000 -0.000236
0.300000 0.080000 0.000000
0.300000 0.090000 0.000000
0.300000 0.100000 0.000000
0.300000 0.110000 0.000000
0.300000 0.120000 0.000000
0.300000 0.130000 0.000000
0.300000 0.140000 0.000000
0.300000 0.150000 0.000000
0.300000 0.160000 0.000000
0.300000 0.170000 0.000000
0.300000 0.180000 0.000000
0.300000 0.190000 0.000000
0.300000 0.200000 0.000000
0.300000 0.210000 0.000000
0.300000 0.220000 0.000000
0.300000 0.230000 0.000000
0.300000 0.240000 0.000000
0.300000 0.250000 0.000000
0.300000 0.260000 0.000000
0.300000 0.270000 0.000000
0.300000 0.280000 0.000000
0.300000 0.290000 0.000000
0.300000 0.300000 0.000000
0.300000 0.310000 0.000000
0.300000 0.320000 0.000000
0.300000 0.330000 0.000000
0.300000 0.340000 0.000000
0.300000 0.350000 0.000000
0.300000 0.360000 0.000000
0.300000 0.370000 0.000000
0.300000 0.380000 0.000000
0.300000 0.390000 0.000000
0.300000 0.400000 0.000000
0.300000 0.410000 0.000000
0.300000 0.420000 0.000000
0.300000 0.430000 0.000000
0.300000 0.440000 0.000000
0.300000 0.450000 0.000000
0.300000 0.460000 0.000000
0.300000 0.470000 0.000000
0.300000 0.480000 0.000000
0.300000 0.490000 0.000000
0.310000 0.000000 -0.219755
0.310000 0.010000 0.000000
0.310000 0.020000 0.000000
0.310000 0.030000 0.000000
0.310000 0.040000 0.000000
0.310000 0.050000 0.000000
0.310000 0.060000 0.000000
0.310000 0.070000 0.000000
0.310000 0.080000 0.000000
0.310000 0.090000 0.000000
0.310000 0.100000 0.000000
0.310000 0.110000 0.000000
0.310000 0.120000 0.000000
0.310000 0.130000 0.000000
0.310000 0.140000 0.000000
0.310000 0.150000 0.000000
0.310000 0.160000 0.000000
0.310000 0.170000 0.000000
0.310000 0.180000 0.000000
0.310000 0.190000 0.000000
0.310000 0.200000 0.000000
0.310000 0.210000 0.000000
0.310000 0.220000 0.000000
0.310000 0.230000 0.000000
0.310000 0.240000 0.000000
0.310000 0.250000 0.000000
0.310000 0.260000 -9.595985
0.310000 0.270000 0.000000
0.310000 0.280000 -9.595418
0.310000 0.290000 0.000000
0.310000 0.300000 0.000000
0.310000 0.310000 0.000000
0.310000 0.320000 0.000000
0.310000 0.330000 0.000000
0.310000 0.340000 0.000000
0.310000 0.350000 0.000000
0.310000 0.360000 0.000000
0.310000 0.370000 0.000000
0.310000 0.380000 0.000000
0.310000 0.390000 0.000000
0.310000 0.400000 0.000000
0.310000 0.410000 0.000000
0.310000 0.420000 0.000000
0.310000 0.430000 0.000000
0.310000 0.440000 0.000000
0.310000 0.450000 0.000000
0.310000 0.460000 0.000000
0.310000 0.470000 0.000000
0.310000 0.480000 0.000000
0.310000 0.490000 0.000000
0.320000 0.000000 -0.219755
0.320000 0.010000 0.000000
0.320000 0.020000 0.000000
0.320000 0.030000 0.000000
0.320000 0.040000 0.000000
0.320000 0.050000 0.000000
0.320000 0.060000 0.000235
0.320000 0.070000 0.000000
0.320000 0.080000 0.000000
0.320000 0.090000 0.000000
0.320000 0.100000 0.000000
0.320000 0.110000 0.000000
0.320000 0.120000 0.000000
0.320000 0.130000 0.000207
0.320000 0.140000 -0.000154
0.320000 0.150000 0.000000
0.320000 0.160000 0.000000
0.320000 0.170000 0.000000
0.320000 0.180000 0.000000
0.320000 0.190000 0.000000
0.320000 0.200000 0.000000
0.320000 0.210000 0.000000
0.320000 0.220000 0.000000
0.320000 0.230000 0.000000
0.320000 0.240000 0.000000
0.320000 0.250000 0.000000
0.320000 0.260000 -9.595985
0.320000 0.270000 -9.596008
0.320000 0.280000 -9.596052
0.320000 0.290000 0.000000
0.320000 0.300000 0.000000
0.320000 0.310000 0.000000
0.320000 0.320000 0.000000
0.320000 0.330000 0.000000
0.320000 0.340000 0.000000
0.320000 0.350000 0.000000
0.320000 0.360000 0.000000
0.320000 0.370000 0.000000
0.320000 0.380000 0.000000
0.320000 0.390000 0.000000
0.320000 0.400000 0.000000
0.320000 0.410000 0.000000
0.320000 0.420000 0.000000
0.320000 0.430000 0.000000
0.320000 0.440000 0.000000
0.320000 0.450000 0.000000
0.320000 0.460000 0.000000
0.320000 0.470000 0.000000
0.320000 0.480000 0.000000
0.320000 0.490000 0.000000
0.330000 0.000000 -0.219755
0.330000 0.010000 0.000000
0.330000 0.020000 0.000000
0.330000 0.030000 0.000000
0.330000 0.040000 0.000000
0.330000 0.050000 0.000000
0.330000 0.060000 0.000000
0.330000 0.070000 0.000000
0.330000 0.080000 0.000000
0.330000 0.090000 0.000000
0.330000 0.100000 0.000000
0.330000 0.110000 0.000000
0.330000 0.120000 0.000000
0.330000 0.130000 0.000154
0.330000 0.140000 0.000000
0.330000 0.150000 0.000000
0.330000 0.160000 0.000000
0.330000 0.170000 0.000000
0.330000 0.180000 0.000000
0.330000 0.190000 0.000000
0.330000 0.200000 0.000000
0.330000 0.210000 0.000000
0.330000 0.220000 0.000000
0.330000 0.230000 0.000000
0.330000 0.240000 0.000000
0.330000 0.250000 0.000000
0.330000 0.260000 -9.596013
0.330000 0.270000 -9.596044
0.330000 0.280000 -9.596122
0.330000 0.290000 0.000000
0.330000 0.300000 0.000000
0.330000 0.310000 0.000000
0.330000 0.320000 0.000000
0.330000 0.330000 0.000000
0.330000 0.340000 0.000004
0.330000 0.350000 0.000000
0.330000 0.360000 0.000000
0.330000 0.370000 0.000000
0.330000 0.380000 0.000000
0.330000 0.390000 0.000000
0.330000 0.400000 0.000000
0.330000 0.410000 0.000000
0.330000 0.420000 0.000000
0.330000 0.430000 0.000000
0.330000 0.440000 0.000000
0.330000 0.450000 0.000000
0.330000 0.460000 0.000000
0.330000 0.470000 0.000000
0.330000 0.480000 0.000000
0.330000 0.490000 -33.116492
0.340000 0.000000 -0.219819
0.340000 0.010000 -0.220138
0.340000 0.020000 0.000000
0.340000 0.030000 0.000000
0.340000 0.040000 0.000000
0.340000 0.050000 0.000000
0.340000 0.060000 0.000000
0.340000 0.070000 0.000000
0.340000 0.080000 0.000000
0.340000 0.090000 0.000000
0.340000 0.100000 0.000000
0.340000 0.110000 0.000000
0.340000 0.120000 0.000000
0.340000 0.130000 0.000000
0.340000 0.140000 0.000000
0.340000 0.150000 0.000000
0.340000 0.160000 0.000000
0.340000 0.170000 0.000000
0.340000 0.180000 0.000000
0.340000 0.190000 0.000000
0.340000 0.200000 -10.726815
0.340000 0.210000 -10.726899
0.340000 0.220000 0.000000
0.340000 0.230000 0.000000
0.340000 0.240000 0.000000
0.340000 0.250000 0.000000
0.340000 0.260000 -9.595508
0.340000 0.270000 -9.596035
0.340000 0.280000 0.000000
0.340000 0.290000 -9.596240
0.340000 0.300000 0.000000
0.340000 0.310000 0.000000
0.340000 0.320000 0.000000
0.340000 0.330000 0.000000
0.340000 0.340000 0.000000
0.340000 0.350000 0.000000
0.340000 0.360000 0.000000
0.340000 0.370000 0.000000
0.340000 0.380000 0.000000
0.340000 0.390000 0.000000
0.340000 0.400000 0.000000
0.340000 0.410000 0.000000
0.340000 0.420000 0.000000
0.340000 0.430000 0.000000
0.340000 0.440000 0.000000
0.340000 0.450000 0.000000
0.340000 0.460000 0.000000
0.340000 0.470000 0.000000
0.340000 0.480000 0.000000
0.340000 0.490000 -33.116619
0.350000 0.000000 -0.219806
0.350000 0.010000 0.000000
0.350000 0.020000 0.000000
0.350000 0.030000 0.000000
0.350000 0.040000 0.000000
0.350000 0.050000 0.000000
0.350000 0.060000 0.000000
0.350000 0.070000 0.000000
0.350000 0.080000 0.000000
0.350000 0.090000 0.000000
0.350000 0.100000 0.000000
0.350000 0.110000 0.000000
0.350000 0.120000 0.000000
0.350000 0.130000 0.000000
0.350000 0.140000 0.000000
0.350000 0.150000 0.000000
0.350000 0.160000 0.000000
0.350000 0.170000 0.000000
0.350000 0.180000 0.000000
0.350000 0.190000 0.000000
0.350000 0.200000 -10.727264
0.350000 0.210000 -10.727225
0.350000 0.220000 -10.726685
0.350000 0.230000 0.000000
0.350000 0.240000 0.000000
0.350000 0.250000 0.000000
0.350000 0.260000 -9.595643
0.350000 0.270000 -9.595879
0.350000 0.280000 -9.596134
0.350000 0.290000 -9.596259
0.350000 0.300000 0.000000
0.350000 0.310000 -6.297436
0.350000 0.320000 -6.297760
0.350000 0.330000 0.000000
0.350000 0.340000 0.000000
0.350000 0.350000 0.000000
0.350000 0.360000 0.000000
0.350000 0.370000 0.000000
0.350000 0.380000 0.000000
0.350000 0.390000 0.000000
0.350000 0.400000 0.000000
0.350000 0.410000 0.000000
0.350000 0.420000 0.000000
0.350000 0.430000 0.000000
0.350000 0.440000 0.000000
0.350000 0.450000 0.000000
0.350000 0.460000 0.000000
0.350000 0.470000 0.000000
0.350000 0.480000 0.000000
0.350000 0.490000 -33.116407
0.360000 0.000000 -0.219806
0.360000 0.010000 0.000000
0.360000 0.020000 0.000000
0.360000 0.030000 0.000000
0.360000 0.040000 0.000000
0.360000 0.050000 0.000000
0.360000 0.060000 0.000000
0.360000 0.070000 0.000000
0.360000 0.080000 0.000000
0.360000 0.090000 0.000000
0.360000 0.100000 -3.735488
0.360000 0.110000 -3.735700
0.360000 0.120000 0.000000
0.360000 0.130000 0.000000
0.360000 0.140000 0.000000
0.360000 0.150000 0.000000
0.360000 0.160000 0.000000
0.360000 0.170000 -12.597571
0.360000 0.180000 -12.597726
0.360000 0.190000 0.000000
0.360000 0.200000 0.000000
0.360000 0.210000 -10.728225
0.360000 0.220000 -10.727009
0.360000 0.230000 0.000000
0.360000 0.240000 0.000000
0.360000 0.250000 0.000000
0.360000 0.260000 -9.595678
0.360000 0.270000 -9.595821
0.360000 0.280000 0.000000
0.360000 0.290000 0.000000
0.360000 0.300000 -6.297078
0.360000 0.310000 -6.297436
0.360000 0.320000 0.000000
0.360000 0.330000 0.000000
0.360000 0.340000 0.000000
0.360000 0.350000 0.000000
0.360000 0.360000 0.000000
0.360000 0.370000 0.000000
0.360000 0.380000 0.000000
0.360000 0.390000 0.000000
0.360000 0.400000 0.000000
0.360000 0.410000 0.001065
0.360000 0.420000 0.000028
0.360000 0.430000 0.000000
0.360000 0.440000 0.000000
0.360000 0.450000 0.000000
0.360000 0.460000 0.000000
0.360000 0.470000 0.000000
0.360000 0.480000 0.000000
0.360000 0.490000 -33.116152
0.370000 0.000000 -0.219806
0.370000 0.010000 0.000000
0.370000 0.020000 0.000000
0.370000 0.030000 0.000000
0.370000 0.040000 0.000000
0.370000 0.050000 0.000000
0.370000 0.060000 0.000000
0.370000 0.070000 0.000000
0.370000 0.080000 0.000000
0.370000 0.090000 0.000000
0.370000 0.100000 -3.735937
0.370000 0.110000 -3.735960
0.370000 0.120000 -3.736148
0.370000 0.130000 0.000000
0.370000 0.140000 0.000000
0.370000 0.150000 0.000000
0.370000 0.160000 -12.596658
0.370000 0.170000 -12.597620
0.370000 0.180000 -12.597891
0.370000 0.190000 0.000000
0.370000 0.200000 -10.727113
0.370000 0.210000 -10.727801
0.370000 0.220000 0.000000
0.370000 0.230000 -10.728425
0.370000 0.240000 -10.728592
0.370000 0.250000 -10.728786
0.370000 0.260000 0.000000
0.370000 0.270000 0.000000
0.370000 0.280000 0.000000
0.370000 0.290000 0.000000
0.370000 0.300000 0.000000
0.370000 0.310000 -6.298188
0.370000 0.320000 0.000000
0.370000 0.330000 0.000000
0.370000 0.340000 0.000000
0.370000 0.350000 0.000000
0.370000 0.360000 0.000000
0.370000 0.370000 0.000000
0.370000 0.380000 0.000000
0.370000 0.390000 0.000000
0.370000 0.400000 0.000000
0.370000 0.410000 0.000000
0.370000 0.420000 -0.000028
0.370000 0.430000 0.000000
0.370000 0.440000 0.000000
0.370000 0.450000 0.000000
0.370000 0.460000 0.000000
0.370000 0.470000 0.000000
0.370000 0.480000 0.000000
0.370000 0.490000 -33.116232
0.380000 0.000000 -0.219806
0.380000 0.010000 0.000000
0.380000 0.020000 0.000000
0.380000 0.030000 0.000000
0.380000 0.040000 0.000000
0.380000 0.050000 0.000000
0.380000 0.060000 0.000000
0.380000 0.070000 0.000000
0.380000 0.080000 0.000000
0.380000 0.090000 0.000000
0.380000 0.100000 -3.736031
0.380000 0.110000 -3.736225
0.380000 0.120000 0.000000
0.380000 0.130000 0.000000
0.380000 0.140000 0.000000
0.380000 0.150000 -12.596512
0.380000 0.160000 -12.596670
0.380000 0.170000 0.000000
0.380000 0.180000 0.000000
0.380000 0.190000 0.000000
0.380000 0.200000 0.000000
0.380000 0.210000 -10.727568
0.380000 0.220000 0.000000
0.380000 0.230000 -10.728378
0.380000 0.240000 -10.728514
0.380000 0.250000 -10.728714
0.380000 0.260000 -10.728690
0.380000 0.270000 -10.728949
0.380000 0.280000 -10.729602
0.380000 0.290000 0.000000
0.380000 0.300000 0.000000
0.380000 0.310000 0.000000
0.380000 0.320000 0.000000
0.380000 0.330000 0.000000
0.380000 0.340000 0.000000
0.380000 0.350000 0.000000
0.380000 0.360000 0.000000
0.380000 0.370000 0.000000
0.380000 0.380000 0.000000
0.380000 0.390000 0.000000
0.380000 0.400000 0.000000
0.380000 0.410000 0.000000
0.380000 0.420000 0.000000
0.380000 0.430000 0.000000
0.380000 0.440000 0.000000
0.380000 0.450000 0.000000
0.380000 0.460000 0.000000
0.380000 0.470000 0.000000
0.380000 0.480000 0.000000
0.380000 0.490000 -33.118427
0.390000 0.000000 -0.219806
0.390000 0.010000 -0.220112
0.390000 0.020000 0.000000
0.390000 0.030000 0.000000
0.390000 0.040000 0.000000
0.390000 0.050000 0.000000
0.390000 0.060000 0.000000
0.390000 0.070000 0.000000
0.390000 0.080000 0.000000
0.390000 0.090000 -3.735960
0.390000 0.100000 -3.736063
0.390000 0.110000 0.000000
0.390000 0.120000 0.000000
0.390000 0.130000 0.000000
0.390000 0.140000 0.000000
0.390000 0.150000 -12.596428
0.390000 0.160000 -12.596834
0.390000 0.170000 0.000000
0.390000 0.180000 0.000000
0.390000 0.190000 0.000000
0.390000 0.200000 0.000000
0.390000 0.210000 -10.727457
0.390000 0.220000 -10.727842
0.390000 0.230000 -10.728100
0.390000 0.240000 -10.728194
0.390000 0.250000 0.000000
0.390000 0.260000 0.000000
0.390000 0.270000 0.000000
0.390000 0.280000 0.000000
0.390000 0.290000 0.000000
0.390000 0.300000 0.000000
0.390000 0.310000 0.000000
0.390000 0.320000 0.001747
0.390000 0.330000 0.000000
0.390000 0.340000 0.000000
0.390000 0.350000 0.000000
0.390000 0.360000 0.000000
0.390000 0.370000 0.000000
0.390000 0.380000 0.000000
0.390000 0.390000 0.000000
0.390000 0.400000 0.000000
0.390000 0.410000 0.000000
0.390000 0.420000 0.000000
0.390000 0.430000 0.000000
0.390000 0.440000 0.000000
0.390000 0.450000 0.000000
0.390000 0.460000 0.000000
0.390000 0.470000 0.000000
0.390000 0.480000 0.000000
0.390000 0.490000 -33.118507
0.400000 0.000000 -0.219806
0.400000 0.010000 0.000000
0.400000 0.020000 0.000000
0.400000 0.030000 0.000000
0.400000 0.040000 0.000000
0.400000 0.050000 0.000000
0.400000 0.060000 0.000000
0.400000 0.070000 0.000000
0.400000 0.080000 0.000000
0.400000 0.090000 -3.735867
0.400000 0.100000 0.000000
0.400000 0.110000 0.000000
0.400000 0.120000 0.000000
0.400000 0.130000 0.000000
0.400000 0.140000 0.000000
0.400000 0.150000 0.000000
0.400000 0.160000 0.000000
0.400000 0.170000 0.000000
0.400000 0.180000 -12.595496
0.400000 0.190000 -12.595912
0.400000 0.200000 -12.596016
0.400000 0.210000 0.000000
0.400000 0.220000 0.000000
0.400000 0.230000 0.000000
0.400000 0.240000 0.000000
0.400000 0.250000 0.000000
0.400000 0.260000 0.000000
0.400000 0.270000 0.000000
0.400000 0.280000 0.000000
0.400000 0.290000 0.000361
0.400000 0.300000 0.000000
0.400000 0.310000 0.000000
0.400000 0.320000 0.001807
0.400000 0.330000 0.000000
0.400000 0.340000 0.000000
0.400000 0.350000 0.000069
0.400000 0.360000 -0.000003
0.400000 0.370000 0.000000
0.400000 0.380000 0.000000
0.400000 0.390000 0.001402
0.400000 0.400000 0.001059
0.400000 0.410000 0.000000
0.400000 0.420000 0.000000
0.400000 0.430000 0.000000
0.400000 0.440000 0.000000
0.400000 0.450000 0.000000
0.400000 0.460000 0.000000
0.400000 0.470000 0.000000
0.400000 0.480000 0.000000
0.400000 0.490000 -33.118727
0.410000 0.000000 -0.219806
0.410000 0.010000 0.000000
0.410000 0.020000 0.000000
0.410000 0.030000 0.000000
0.410000 0.040000 0.000000
0.410000 0.050000 -3.535370
0.410000 0.060000 -3.535692
0.410000 0.070000 0.000000
0.410000 0.080000 0.000000
0.410000 0.090000 -3.735086
0.410000 0.100000 -3.735269
0.410000 0.110000 0.000000
0.410000 0.120000 0.000000
0.410000 0.130000 0.000000
0.410000 0.140000 0.000000
0.410000 0.150000 0.000000
0.410000 0.160000 0.000000
0.410000 0.170000 0.000000
0.410000 0.180000 0.000000
0.410000 0.190000 -12.595852
0.410000 0.200000 -12.595955
0.410000 0.210000 0.000000
0.410000 0.220000 0.000000
0.410000 0.230000 0.000000
0.410000 0.240000 0.000000
0.410000 0.250000 0.000000
0.410000 0.260000 0.000000
0.410000 0.270000 0.000000
0.410000 0.280000 0.000000
0.410000 0.290000 0.000000
0.410000 0.300000 0.000000
0.410000 0.310000 0.000000
0.410000 0.320000 0.000000
0.410000 0.330000 -0.000240
0.410000 0.340000 0.000000
0.410000 0.350000 0.000000
0.410000 0.360000 0.000003
0.410000 0.370000 0.000000
0.410000 0.380000 0.000214
0.410000 0.390000 -0.000426
0.410000 0.400000 -0.000244
0.410000 0.410000 0.000000
0.410000 0.420000 0.000000
0.410000 0.430000 0.000000
0.410000 0.440000 0.000000
0.410000 0.450000 0.000000
0.410000 0.460000 0.000000
0.410000 0.470000 0.000000
0.410000 0.480000 0.000000
0.410000 0.490000 -33.118820
0.420000 0.000000 -0.219806
0.420000 0.010000 0.000000
0.420000 0.020000 0.000000
0.420000 0.030000 0.000000
0.420000 0.040000 0.000000
0.420000 0.050000 -3.535710
0.420000 0.060000 -3.535710
0.420000 0.070000 -3.535997
0.420000 0.080000 -3.535973
0.420000 0.090000 0.000000
0.420000 0.100000 0.000000
0.420000 0.110000 0.000000
0.420000 0.120000 0.000000
0.420000 0.130000 0.000000
0.420000 0.140000 0.000000
0.420000 0.150000 0.000000
0.420000 0.160000 0.000000
0.420000 0.170000 0.000000
0.420000 0.180000 0.000000
0.420000 0.190000 -12.595857
0.420000 0.200000 0.000000
0.420000 0.210000 0.000000
0.420000 0.220000 0.000000
0.420000 0.230000 0.000000
0.420000 0.240000 0.000000
0.420000 0.250000 0.000000
0.420000 0.260000 0.000000
0.420000 0.270000 0.000000
0.420000 0.280000 0.000000
0.420000 0.290000 -0.000842
0.420000 0.300000 0.000000
0.420000 0.310000 0.000000
0.420000 0.320000 0.000000
0.420000 0.330000 -0.000092
0.420000 0.340000 -0.000764
0.420000 0.350000 0.000000
0.420000 0.360000 0.000000
0.420000 0.370000 0.000000
0.420000 0.380000 0.000000
0.420000 0.390000 0.000000
0.420000 0.400000 0.000000
0.420000 0.410000 0.000000
0.420000 0.420000 0.000000
0.420000 0.430000 0.000000
0.420000 0.440000 0.000000
0.420000 0.450000 0.000000
0.420000 0.460000 0.000000
0.420000 0.470000 0.000000
0.420000 0.480000 0.000000
0.420000 0.490000 -33.119365
0.430000 0.000000 -0.219806
0.430000 0.010000 0.000000
0.430000 0.020000 0.000000
0.430000 0.030000 -0.285205
0.430000 0.040000 -0.285363
0.430000 0.050000 0.000000
0.430000 0.060000 0.000000
0.430000 0.070000 -3.535796
0.430000 0.080000 -3.535717
0.430000 0.090000 0.000000
0.430000 0.100000 0.000000
0.430000 0.110000 0.000000
0.430000 0.120000 0.000000
0.430000 0.130000 1.441497
0.430000 0.140000 0.000000
0.430000 0.150000 0.000000
0.430000 0.160000 0.000000
0.430000 0.170000 0.000000
0.430000 0.180000 0.000000
0.430000 0.190000 0.000000
0.430000 0.200000 0.000000
0.430000 0.210000 0.000000
0.430000 0.220000 0.000000
0.430000 0.230000 0.000000
0.430000 0.240000 0.000000
0.430000 0.250000 0.000000
0.430000 0.260000 0.000000
0.430000 0.270000 0.000000
0.430000 0.280000 0.000000
0.430000 0.290000 -0.000842
0.430000 0.300000 -0.001435
0.430000 0.310000 0.000000
0.430000 0.320000 0.000143
0.430000 0.330000 -0.000095
0.430000 0.340000 0.000000
0.430000 0.350000 0.000000
0.430000 0.360000 0.000000
0.430000 0.370000 0.000000
0.430000 0.380000 0.000000
0.430000 0.390000 0.000000
0.430000 0.400000 0.000000
0.430000 0.410000 0.000000
0.430000 0.420000 0.000000
0.430000 0.430000 0.000000
0.430000 0.440000 0.000000
0.430000 0.450000 0.000000
0.430000 0.460000 0.000000
0.430000 0.470000 0.000000
0.430000 0.480000 0.000000
0.430000 0.490000 -33.119417
0.440000 0.000000 -0.219806
0.440000 0.010000 0.000000
0.440000 0.020000 0.000000
0.440000 0.030000 0.000000
0.440000 0.040000 0.000000
0.440000 0.050000 -3.536216
0.440000 0.060000 -3.535958
0.440000 0.070000 -3.535922
0.440000 0.080000 -3.535505
0.440000 0.090000 -3.535339
0.440000 0.100000 0.000000
0.440000 0.110000 0.000000
0.440000 0.120000 1.438736
0.440000 0.130000 1.440090
0.440000 0.140000 0.000000
0.440000 0.150000 0.000000
0.440000 0.160000 0.000000
0.440000 0.170000 0.000000
0.440000 0.180000 0.000000
0.440000 0.190000 0.000000
0.440000 0.200000 0.000000
0.440000 0.210000 0.000000
0.440000 0.220000 0.000000
0.440000 0.230000 0.000000
0.440000 0.240000 0.000000
0.440000 0.250000 0.000000
0.440000 0.260000 0.000000
0.440000 0.270000 0.000000
0.440000 0.280000 0.000000
0.440000 0.290000 0.000000
0.440000 0.300000 -0.000713
0.440000 0.310000 0.000000
0.440000 0.320000 0.000000
0.440000 0.330000 -0.000095
0.440000 0.340000 0.000000
0.440000 0.350000 0.000000
0.440000 0.360000 0.000000
0.440000 0.370000 0.000000
0.440000 0.380000 0.000000
0.440000 0.390000 0.000000
0.440000 0.400000 0.000000
0.440000 0.410000 0.000000
0.440000 0.420000 0.000000
0.440000 0.430000 0.000000
0.440000 0.440000 0.000000
0.440000 0.450000 0.000000
0.440000 0.460000 0.000000
0.440000 0.470000 0.000000
0.440000 0.480000 0.000000
0.440000 0.490000 -33.119408
0.450000 0.000000 -0.221736
0.450000 0.010000 0.000000
0.450000 0.020000 0.000000
0.450000 0.030000 0.000000
0.450000 0.040000 0.000000
0.450000 0.050000 -3.535975
0.450000 0.060000 -3.536028
0.450000 0.070000 -3.536014
0.450000 0.080000 0.000000
0.450000 0.090000 0.000000
0.450000 0.100000 0.000000
0.450000 0.110000 0.000000
0.450000 0.120000 1.437455
0.450000 0.130000 0.000000
0.450000 0.140000 0.000000
0.450000 0.150000 0.000000
0.450000 0.160000 0.000000
0.450000 0.170000 0.000000
0.450000 0.180000 0.000000
0.450000 0.190000 0.000000
0.450000 0.200000 0.000000
0.450000 0.210000 0.000000
0.450000 0.220000 0.000000
0.450000 0.230000 0.000000
0.450000 0.240000 0.000000
0.450000 0.250000 0.000000
0.450000 0.260000 0.000000
0.450000 0.270000 -0.000240
0.450000 0.280000 -0.000373
0.450000 0.290000 -0.000542
0.450000 0.300000 0.000000
0.450000 0.310000 0.000000
0.450000 0.320000 0.000000
0.450000 0.330000 0.000000
0.450000 0.340000 0.000000
0.450000 0.350000 0.000000
0.450000 0.360000 0.000000
0.450000 0.370000 0.000000
0.450000 0.380000 0.000000
0.450000 0.390000 0.000000
0.450000 0.400000 0.000000
0.450000 0.410000 0.000000
0.450000 0.420000 0.000000
0.450000 0.430000 0.000000
0.450000 0.440000 0.000000
0.450000 0.450000 0.000000
0.450000 0.460000 0.000000
0.450000 0.470000 0.000000
0.450000 0.480000 0.000000
0.450000 0.490000 -33.119408
0.460000 0.000000 0.000000
0.460000 0.010000 -359.045965
0.460000 0.020000 0.000000
0.460000 0.030000 -3.534476
0.460000 0.040000 -3.535388
0.460000 0.050000 -3.535823
0.460000 0.060000 -3.535995
0.460000 0.070000 0.000000
0.460000 0.080000 0.000000
0.460000 0.090000 0.000000
0.460000 0.100000 0.000000
0.460000 0.110000 0.000000
0.460000 0.120000 0.000000
0.460000 0.130000 0.000000
0.460000 0.140000 0.000000
0.460000 0.150000 0.000000
0.460000 0.160000 0.000000
0.460000 0.170000 0.000000
0.460000 0.180000 0.000000
0.460000 0.190000 0.000000
0.460000 0.200000 0.000000
0.460000 0.210000 0.000000
0.460000 0.220000 0.000000
0.460000 0.230000 -78.352984
0.460000 0.240000 -78.353054
0.460000 0.250000 0.000000
0.460000 0.260000 0.000000
0.460000 0.270000 0.000000
0.460000 0.280000 0.000000
0.460000 0.290000 -0.000533
0.460000 0.300000 0.000000
0.460000 0.310000 0.000000
0.460000 0.320000 0.000000
0.460000 0.330000 0.000000
0.460000 0.340000 0.000000
0.460000 0.350000 0.000000
0.460000 0.360000 0.000000
0.460000 0.370000 0.000267
0.460000 0.380000 -0.000000
0.460000 0.390000 0.000000
0.460000 0.400000 0.000000
0.460000 0.410000 -0.003774
0.460000 0.420000 -0.003992
0.460000 0.430000 0.000000
0.460000 0.440000 0.000000
0.460000 0.450000 0.000000
0.460000 0.460000 0.000000
0.460000 0.470000 0.000000
0.460000 0.480000 0.000000
0.460000 0.490000 -33.119138
0.470000 0.000000 -359.045741
0.470000 0.010000 -359.045911
0.470000 0.020000 0.000000
0.470000 0.030000 0.000000
0.470000 0.040000 0.000000
0.470000 0.050000 0.000000
0.470000 0.060000 0.000000
0.470000 0.070000 0.000000
0.470000 0.080000 0.000000
0.470000 0.090000 0.000000
0.470000 0.100000 0.000000
0.470000 0.110000 0.000000
0.470000 0.120000 0.000000
0.470000 0.130000 0.000000
0.470000 0.140000 0.000000
0.470000 0.150000 0.000000
0.470000 0.160000 0.000000
0.470000 0.170000 0.000000
0.470000 0.180000 0.000000
0.470000 0.190000 0.000000
0.470000 0.200000 0.000000
0.470000 0.210000 0.000000
0.470000 0.220000 0.000000
0.470000 0.230000 0.000000
0.470000 0.240000 -78.353139
0.470000 0.250000 0.000000
0.470000 0.260000 0.000000
0.470000 0.270000 0.000000
0.470000 0.280000 0.000000
0.470000 0.290000 -0.000533
0.470000 0.300000 0.000000
0.470000 0.310000 0.000000
0.470000 0.320000 0.000000
0.470000 0.330000 0.000000
0.470000 0.340000 0.000000
0.470000 0.350000 0.000000
0.470000 0.360000 0.000000
0.470000 0.370000 0.000000
0.470000 0.380000 0.000000
0.470000 0.390000 0.000000
0.470000 0.400000 0.000000
0.470000 0.410000 0.000000
0.470000 0.420000 0.000000
0.470000 0.430000 0.000000
0.470000 0.440000 0.000000
0.470000 0.450000 0.000000
0.470000 0.460000 0.000000
0.470000 0.470000 0.000000
0.470000 0.480000 0.000000
0.470000 0.490000 -33.119138
0.480000 0.000000 -359.045741
0.480000 0.010000 0.000000
0.480000 0.020000 0.000000
0.480000 0.030000 0.000000
0.480000 0.040000 0.000000
0.480000 0.050000 0.000000
0.480000 0.060000 0.000000
0.480000 0.070000 0.000000
0.480000 0.080000 0.000000
0.480000 0.090000 0.000000
0.480000 0.100000 0.000000
0.480000 0.110000 0.000000
0.480000 0.120000 0.000000
0.480000 0.130000 0.000000
0.480000 0.140000 0.000000
0.480000 0.150000 0.000000
0.480000 0.160000 0.000000
0.480000 0.170000 0.000000
0.480000 0.180000 0.000000
0.480000 0.190000 0.000000
0.480000 0.200000 0.000000
0.480000 0.210000 0.000000
0.480000 0.220000 0.000000
0.480000 0.230000 0.000000
0.480000 0.240000 0.000000
0.480000 0.250000 0.000000
0.480000 0.260000 0.000000
0.480000 0.270000 0.000000
0.480000 0.280000 0.000000
0.480000 0.290000 0.000000
0.480000 0.300000 0.000000
0.480000 0.310000 0.000000
0.480000 0.320000 0.000000
0.480000 0.330000 0.000000
0.480000 0.340000 0.000000
0.480000 0.350000 0.000000
0.480000 0.360000 0.000000
0.480000 0.370000 0.000000
0.480000 0.380000 0.000000
0.480000 0.390000 0.000000
0.480000 0.400000 0.006495
0.480000 0.410000 0.000000
0.480000 0.420000 0.000000
0.480000 0.430000 0.000000
0.480000 0.440000 0.000000
0.480000 0.450000 0.000000
0.480000 0.460000 0.000000
0.480000 0.470000 0.000000
0.480000 0.480000 0.000000
0.480000 0.490000 -33.119138
0.490000 0.000000 87.658966
0.490000 0.010000 87.659019
0.490000 0.020000 87.658672
0.490000 0.030000 87.658478
0.490000 0.040000 87.658315
0.490000 0.050000 87.658269
0.490000 0.060000 87.657997
0.490000 0.070000 87.657462
0.490000 0.080000 87.657387
0.490000 0.090000 87.657087
0.490000 0.100000 87.656518
0.490000 0.110000 87.656322
0.490000 0.120000 87.656321
0.490000 0.130000 87.656897
0.490000 0.140000 87.657090
0.490000 0.150000 87.656387
0.490000 0.160000 87.655199
0.490000 0.170000 87.654882
0.490000 0.180000 0.000000
0.490000 0.190000 169.055027
0.490000 0.200000 169.054730
0.490000 0.210000 169.054442
0.490000 0.220000 169.053655
0.490000 0.230000 169.052987
0.490000 0.240000 169.052978
0.490000 0.250000 169.052415
0.490000 0.260000 169.050863
0.490000 0.270000 169.050565
0.490000 0.280000 0.000000
0.490000 0.290000 0.000000
0.490000 0.300000 0.000000
0.490000 0.310000 0.000000
0.490000 0.320000 0.000000
0.490000 0.330000 0.000000
0.490000 0.340000 0.000000
0.490000 0.350000 0.071303
0.490000 0.360000 0.071252
0.490000 0.370000 0.070987
0.490000 0.380000 0.000000
0.490000 0.390000 0.000000
0.490000 0.400000 0.006810
0.490000 0.410000 0.006798
0.490000 0.420000 0.007182
0.490000 0.430000 0.008411
0.490000 0.440000 0.000000
0.490000 0.450000 0.000000
0.490000 0.460000 0.000000
0.490000 0.470000 0.000000
0.490000 0.480000 -255.468414
0.490000 0.490000 254.710961
