0.000000 0.000000 0.037313
0.000000 0.010000 0.029516
0.000000 0.020000 0.024702
0.000000 0.030000 0.015102
0.000000 0.040000 0.000000
0.000000 0.050000 0.004707
0.000000 0.060000 0.004356
0.000000 0.070000 0.004632
0.000000 0.080000 0.003600
0.000000 0.090000 0.002993
0.000000 0.100000 0.003017
0.000000 0.110000 0.000000
0.000000 0.120000 -0.005186
0.000000 0.130000 0.000000
0.000000 0.140000 -0.005510
0.000000 0.150000 0.000000
0.000000 0.160000 -0.006073
0.000000 0.170000 0.000000
0.000000 0.180000 0.000000
0.000000 0.190000 0.000000
0.000000 0.200000 0.000000
0.000000 0.210000 0.000000
0.000000 0.220000 0.000000
0.000000 0.230000 0.000000
0.000000 0.240000 0.000000
0.000000 0.250000 0.000000
0.000000 0.260000 0.000000
0.000000 0.270000 0.000000
0.000000 0.280000 0.000000
0.000000 0.290000 0.000000
0.000000 0.300000 0.000000
0.000000 0.310000 0.000000
0.000000 0.320000 0.000000
0.000000 0.330000 0.000000
0.000000 0.340000 0.000000
0.000000 0.350000 0.000000
0.000000 0.360000 0.000000
0.000000 0.370000 0.000000
0.000000 0.380000 0.000000
0.000000 0.390000 0.000000
0.000000 0.400000 0.000000
0.000000 0.410000 0.000000
0.000000 0.420000 0.000000
0.000000 0.430000 0.000000
0.000000 0.440000 0.000000
0.000000 0.450000 0.000000
0.000000 0.460000 0.000000
0.000000 0.470000 0.000000
0.000000 0.480000 0.000000
0.000000 0.490000 0.000000
0.010000 0.000000 0.010659
0.010000 0.010000 -0.006962
0.010000 0.020000 -0.002123
0.010000 0.030000 0.003635
0.010000 0.040000 0.002672
0.010000 0.050000 0.002709
0.010000 0.060000 0.002456
0.010000 0.070000 0.001234
0.010000 0.080000 0.001360
0.010000 0.090000 0.000000
0.010000 0.100000 -0.004751
0.010000 0.110000 -0.005664
0.010000 0.120000 -0.005747
0.010000 0.130000 -0.005897
0.010000 0.140000 -0.005575
0.010000 0.150000 -0.006033
0.010000 0.160000 -0.006721
0.010000 0.170000 0.000000
0.010000 0.180000 0.000000
0.010000 0.190000 0.000000
0.010000 0.200000 0.000000
0.010000 0.210000 0.000000
0.010000 0.220000 0.000000
0.010000 0.230000 0.000000
0.010000 0.240000 0.000000
0.010000 0.250000 0.000000
0.010000 0.260000 0.000000
0.010000 0.270000 0.000000
0.010000 0.280000 0.000000
0.010000 0.290000 0.000000
0.010000 0.300000 0.000000
0.010000 0.310000 0.000000
0.010000 0.320000 0.000000
0.010000 0.330000 0.000000
0.010000 0.340000 0.000000
0.010000 0.350000 0.000000
0.010000 0.360000 0.000000
0.010000 0.370000 0.000000
0.010000 0.380000 0.000000
0.010000 0.390000 0.000000
0.010000 0.400000 0.000000
0.010000 0.410000 0.000000
0.010000 0.420000 0.000000
0.010000 0.430000 0.000000
0.010000 0.440000 0.000000
0.010000 0.450000 0.000000
0.010000 0.460000 0.000000
0.010000 0.470000 0.000000
0.010000 0.480000 0.000000
0.010000 0.490000 0.000000
0.020000 0.000000 0.005104
0.020000 0.010000 -0.001263
0.020000 0.020000 -0.000546
0.020000 0.030000 0.001967
0.020000 0.040000 0.002611
0.020000 0.050000 0.002148
0.020000 0.060000 0.002012
0.020000 0.070000 0.001541
0.020000 0.080000 0.000000
0.020000 0.090000 0.000000
0.020000 0.100000 0.000000
0.020000 0.110000 0.000000
0.020000 0.120000 0.000000
0.020000 0.130000 -0.005975
0.020000 0.140000 -0.006683
0.020000 0.150000 0.000000
0.020000 0.160000 -0.006658
0.020000 0.170000 0.000000
0.020000 0.180000 0.000000
0.020000 0.190000 0.000000
0.020000 0.200000 0.000000
0.020000 0.210000 0.000000
0.020000 0.220000 0.000000
0.020000 0.230000 0.000000
0.020000 0.240000 0.000000
0.020000 0.250000 0.000000
0.020000 0.260000 0.000000
0.020000 0.270000 0.000000
0.020000 0.280000 0.000000
0.020000 0.290000 0.000000
0.020000 0.300000 0.000000
0.020000 0.310000 0.000000
0.020000 0.320000 0.000000
0.020000 0.330000 0.000000
0.020000 0.340000 0.000000
0.020000 0.350000 0.000000
0.020000 0.360000 0.000000
0.020000 0.370000 0.000000
0.020000 0.380000 0.000000
0.020000 0.390000 0.000000
0.020000 0.400000 0.000000
0.020000 0.410000 0.000000
0.020000 0.420000 0.000000
0.020000 0.430000 0.000000
0.020000 0.440000 0.000000
0.020000 0.450000 0.000000
0.020000 0.460000 0.000000
0.020000 0.470000 0.000000
0.020000 0.480000 0.000000
0.020000 0.490000 0.000000
0.030000 0.000000 0.003155
0.030000 0.010000 0.000568
0.030000 0.020000 0.000000
0.030000 0.030000 0.002293
0.030000 0.040000 0.000000
0.030000 0.050000 0.000000
0.030000 0.060000 0.002005
0.030000 0.070000 0.000000
0.030000 0.080000 -0.003651
0.030000 0.090000 0.000000
0.030000 0.100000 0.000000
0.030000 0.110000 -0.007195
0.030000 0.120000 -0.007641
0.030000 0.130000 -0.007779
0.030000 0.140000 0.000000
0.030000 0.150000 0.000000
0.030000 0.160000 0.000000
0.030000 0.170000 -0.000087
0.030000 0.180000 0.000000
0.030000 0.190000 0.010013
0.030000 0.200000 0.000000
0.030000 0.210000 0.000000
0.030000 0.220000 0.000000
0.030000 0.230000 0.000000
0.030000 0.240000 0.000000
0.030000 0.250000 0.000000
0.030000 0.260000 0.000000
0.030000 0.270000 0.000000
0.030000 0.280000 0.000000
0.030000 0.290000 0.000000
0.030000 0.300000 0.000000
0.030000 0.310000 0.000000
0.030000 0.320000 0.000000
0.030000 0.330000 0.000000
0.030000 0.340000 0.000000
0.030000 0.350000 0.000000
0.030000 0.360000 0.000000
0.030000 0.370000 0.000000
0.030000 0.380000 0.000000
0.030000 0.390000 0.000000
0.030000 0.400000 0.000000
0.030000 0.410000 0.000000
0.030000 0.420000 0.000000
0.030000 0.430000 0.000000
0.030000 0.440000 0.000000
0.030000 0.450000 0.000000
0.030000 0.460000 0.000000
0.030000 0.470000 0.000000
0.030000 0.480000 0.000000
0.030000 0.490000 0.000000
0.040000 0.000000 0.003331
0.040000 0.010000 0.001576
0.040000 0.020000 0.000000
0.040000 0.030000 0.002570
0.040000 0.040000 0.000000
0.040000 0.050000 0.000000
0.040000 0.060000 0.002010
0.040000 0.070000 0.000000
0.040000 0.080000 -0.003651
0.040000 0.090000 -0.004013
0.040000 0.100000 0.000000
0.040000 0.110000 -0.007349
0.040000 0.120000 0.000000
0.040000 0.130000 0.000000
0.040000 0.140000 0.000000
0.040000 0.150000 0.000000
0.040000 0.160000 0.000000
0.040000 0.170000 0.000000
0.040000 0.180000 0.000000
0.040000 0.190000 0.006872
0.040000 0.200000 0.006524
0.040000 0.210000 0.005631
0.040000 0.220000 0.000000
0.040000 0.230000 0.000000
0.040000 0.240000 0.000000
0.040000 0.250000 0.000000
0.040000 0.260000 0.000000
0.040000 0.270000 0.000000
0.040000 0.280000 0.000000
0.040000 0.290000 0.000000
0.040000 0.300000 0.000000
0.040000 0.310000 0.000000
0.040000 0.320000 0.000000
0.040000 0.330000 0.000000
0.040000 0.340000 0.000000
0.040000 0.350000 0.000000
0.040000 0.360000 0.000000
0.040000 0.370000 0.000000
0.040000 0.380000 0.000000
0.040000 0.390000 0.000000
0.040000 0.400000 0.000000
0.040000 0.410000 0.000000
0.040000 0.420000 0.000000
0.040000 0.430000 0.000000
0.040000 0.440000 0.000000
0.040000 0.450000 0.000000
0.040000 0.460000 0.000000
0.040000 0.470000 0.000000
0.040000 0.480000 0.000000
0.040000 0.490000 0.000000
0.050000 0.000000 0.003463
0.050000 0.010000 0.002415
0.050000 0.020000 0.000000
0.050000 0.030000 0.000000
0.050000 0.040000 0.000000
0.050000 0.050000 0.000000
0.050000 0.060000 0.000000
0.050000 0.070000 0.000000
0.050000 0.080000 0.000000
0.050000 0.090000 0.000000
0.050000 0.100000 0.000000
0.050000 0.110000 0.000000
0.050000 0.120000 0.000000
0.050000 0.130000 0.000000
0.050000 0.140000 0.000000
0.050000 0.150000 0.000000
0.050000 0.160000 0.007214
0.050000 0.170000 0.000000
0.050000 0.180000 0.000000
0.050000 0.190000 0.000000
0.050000 0.200000 0.003830
0.050000 0.210000 0.004540
0.050000 0.220000 0.000000
0.050000 0.230000 0.000000
0.050000 0.240000 0.000000
0.050000 0.250000 0.000000
0.050000 0.260000 0.000000
0.050000 0.270000 0.000000
0.050000 0.280000 0.000000
0.050000 0.290000 0.000000
0.050000 0.300000 0.000000
0.050000 0.310000 0.000000
0.050000 0.320000 0.000000
0.050000 0.330000 0.000000
0.050000 0.340000 0.000000
0.050000 0.350000 0.000000
0.050000 0.360000 0.000000
0.050000 0.370000 0.000000
0.050000 0.380000 0.000000
0.050000 0.390000 0.000000
0.050000 0.400000 0.000000
0.050000 0.410000 0.000000
0.050000 0.420000 0.000000
0.050000 0.430000 0.000000
0.050000 0.440000 0.000000
0.050000 0.450000 0.000000
0.050000 0.460000 0.000000
0.050000 0.470000 0.000000
0.050000 0.480000 0.000000
0.050000 0.490000 0.000000
0.060000 0.000000 0.000000
0.060000 0.010000 0.004333
0.060000 0.020000 0.000000
0.060000 0.030000 0.000000
0.060000 0.040000 0.000000
0.060000 0.050000 0.000000
0.060000 0.060000 0.000000
0.060000 0.070000 0.000000
0.060000 0.080000 0.000000
0.060000 0.090000 0.000000
0.060000 0.100000 0.000000
0.060000 0.110000 0.000000
0.060000 0.120000 0.000676
0.060000 0.130000 0.000533
0.060000 0.140000 0.000000
0.060000 0.150000 0.003277
0.060000 0.160000 0.002908
0.060000 0.170000 0.002516
0.060000 0.180000 0.002491
0.060000 0.190000 0.002466
0.060000 0.200000 0.002227
0.060000 0.210000 0.001935
0.060000 0.220000 0.000000
0.060000 0.230000 0.000000
0.060000 0.240000 0.000000
0.060000 0.250000 0.000000
0.060000 0.260000 0.000000
0.060000 0.270000 0.000000
0.060000 0.280000 0.000000
0.060000 0.290000 0.000000
0.060000 0.300000 0.000000
0.060000 0.310000 0.000000
0.060000 0.320000 0.000000
0.060000 0.330000 0.000000
0.060000 0.340000 0.000000
0.060000 0.350000 0.000000
0.060000 0.360000 0.000000
0.060000 0.370000 0.000000
0.060000 0.380000 0.000000
0.060000 0.390000 0.000000
0.060000 0.400000 0.000000
0.060000 0.410000 0.000000
0.060000 0.420000 0.000000
0.060000 0.430000 0.000000
0.060000 0.440000 0.000000
0.060000 0.450000 0.000000
0.060000 0.460000 0.000000
0.060000 0.470000 0.000000
0.060000 0.480000 0.000000
0.060000 0.490000 0.000000
0.070000 0.000000 0.043207
0.070000 0.010000 0.000000
0.070000 0.020000 -0.000000
0.070000 0.030000 0.000000
0.070000 0.040000 0.000000
0.070000 0.050000 0.000000
0.070000 0.060000 0.000000
0.070000 0.070000 0.000169
0.070000 0.080000 -0.000744
0.070000 0.090000 0.000000
0.070000 0.100000 0.000000
0.070000 0.110000 0.000000
0.070000 0.120000 0.000000
0.070000 0.130000 0.000425
0.070000 0.140000 0.000000
0.070000 0.150000 0.000000
0.070000 0.160000 0.000000
0.070000 0.170000 0.002512
0.070000 0.180000 0.000000
0.070000 0.190000 -0.000945
0.070000 0.200000 -0.001295
0.070000 0.210000 0.000000
0.070000 0.220000 0.001611
0.070000 0.230000 0.000000
0.070000 0.240000 0.000000
0.070000 0.250000 0.000000
0.070000 0.260000 0.000000
0.070000 0.270000 0.000000
0.070000 0.280000 0.000000
0.070000 0.290000 0.000000
0.070000 0.300000 0.000000
0.070000 0.310000 0.000000
0.070000 0.320000 0.000000
0.070000 0.330000 0.000000
0.070000 0.340000 0.000000
0.070000 0.350000 0.000000
0.070000 0.360000 0.000000
0.070000 0.370000 0.000000
0.070000 0.380000 0.000000
0.070000 0.390000 0.000000
0.070000 0.400000 0.000000
0.070000 0.410000 0.000000
0.070000 0.420000 0.000000
0.070000 0.430000 0.000000
0.070000 0.440000 0.000000
0.070000 0.450000 0.000000
0.070000 0.460000 0.000000
0.070000 0.470000 0.000000
0.070000 0.480000 0.000000
0.070000 0.490000 0.000000
0.080000 0.000000 0.043207
0.080000 0.010000 0.000000
0.080000 0.020000 0.000000
0.080000 0.030000 0.000000
0.080000 0.040000 0.000000
0.080000 0.050000 0.000788
0.080000 0.060000 0.000517
0.080000 0.070000 0.000076
0.080000 0.080000 0.000000
0.080000 0.090000 0.000365
0.080000 0.100000 0.000190
0.080000 0.110000 -0.000190
0.080000 0.120000 0.000000
0.080000 0.130000 0.000000
0.080000 0.140000 0.000000
0.080000 0.150000 0.000000
0.080000 0.160000 0.000000
0.080000 0.170000 0.002512
0.080000 0.180000 0.000000
0.080000 0.190000 -0.002077
0.080000 0.200000 -0.001974
0.080000 0.210000 0.000000
0.080000 0.220000 0.000126
0.080000 0.230000 0.000000
0.080000 0.240000 0.000000
0.080000 0.250000 0.000000
0.080000 0.260000 0.000000
0.080000 0.270000 0.000000
0.080000 0.280000 0.000000
0.080000 0.290000 0.000000
0.080000 0.300000 0.000000
0.080000 0.310000 0.000000
0.080000 0.320000 0.000000
0.080000 0.330000 0.000000
0.080000 0.340000 0.000000
0.080000 0.350000 0.000000
0.080000 0.360000 0.000000
0.080000 0.370000 0.000000
0.080000 0.380000 0.000000
0.080000 0.390000 0.000000
0.080000 0.400000 0.000000
0.080000 0.410000 0.000000
0.080000 0.420000 0.000000
0.080000 0.430000 0.000000
0.080000 0.440000 0.000000
0.080000 0.450000 0.000000
0.080000 0.460000 0.000000
0.080000 0.470000 0.000000
0.080000 0.480000 0.000000
0.080000 0.490000 0.000000
0.090000 0.000000 0.000000
0.090000 0.010000 0.000000
0.090000 0.020000 0.000000
0.090000 0.030000 0.000000
0.090000 0.040000 0.000063
0.090000 0.050000 0.000000
0.090000 0.060000 0.000000
0.090000 0.070000 0.000076
0.090000 0.080000 0.000000
0.090000 0.090000 0.000000
0.090000 0.100000 0.000000
0.090000 0.110000 0.000000
0.090000 0.120000 0.000000
0.090000 0.130000 0.000000
0.090000 0.140000 0.000000
0.090000 0.150000 0.000000
0.090000 0.160000 0.000000
0.090000 0.170000 0.000000
0.090000 0.180000 -0.004811
0.090000 0.190000 -0.004843
0.090000 0.200000 0.000000
0.090000 0.210000 0.000699
0.090000 0.220000 -0.000016
0.090000 0.230000 0.000000
0.090000 0.240000 0.000000
0.090000 0.250000 0.000000
0.090000 0.260000 0.000000
0.090000 0.270000 0.000000
0.090000 0.280000 0.000000
0.090000 0.290000 0.000000
0.090000 0.300000 0.000000
0.090000 0.310000 0.000000
0.090000 0.320000 0.000000
0.090000 0.330000 0.000000
0.090000 0.340000 0.000000
0.090000 0.350000 0.000000
0.090000 0.360000 0.000000
0.090000 0.370000 0.000000
0.090000 0.380000 0.000000
0.090000 0.390000 0.000000
0.090000 0.400000 0.000000
0.090000 0.410000 0.000000
0.090000 0.420000 0.000000
0.090000 0.430000 0.000000
0.090000 0.440000 0.000000
0.090000 0.450000 0.000000
0.090000 0.460000 0.000000
0.090000 0.470000 0.000000
0.090000 0.480000 0.000000
0.090000 0.490000 0.000000
0.100000 0.000000 0.051785
0.100000 0.010000 0.049070
0.100000 0.020000 0.000000
0.100000 0.030000 0.000000
0.100000 0.040000 0.000000
0.100000 0.050000 0.000000
0.100000 0.060000 0.000000
0.100000 0.070000 0.000000
0.100000 0.080000 0.003166
0.100000 0.090000 0.001775
0.100000 0.100000 -0.001775
0.100000 0.110000 0.000000
0.100000 0.120000 0.002495
0.100000 0.130000 0.000000
0.100000 0.140000 0.000000
0.100000 0.150000 0.000000
0.100000 0.160000 0.000000
0.100000 0.170000 0.000000
0.100000 0.180000 0.000000
0.100000 0.190000 -0.007965
0.100000 0.200000 0.000000
0.100000 0.210000 0.000502
0.100000 0.220000 0.000000
0.100000 0.230000 0.001735
0.100000 0.240000 0.000000
0.100000 0.250000 0.000000
0.100000 0.260000 0.000000
0.100000 0.270000 0.000000
0.100000 0.280000 0.000000
0.100000 0.290000 0.000000
0.100000 0.300000 0.000000
0.100000 0.310000 0.000000
0.100000 0.320000 0.000000
0.100000 0.330000 0.000000
0.100000 0.340000 0.000000
0.100000 0.350000 0.000000
0.100000 0.360000 0.000000
0.100000 0.370000 0.000000
0.100000 0.380000 0.000000
0.100000 0.390000 0.000000
0.100000 0.400000 0.000000
0.100000 0.410000 0.000000
0.100000 0.420000 0.000000
0.100000 0.430000 0.000000
0.100000 0.440000 0.000000
0.100000 0.450000 0.000000
0.100000 0.460000 0.000000
0.100000 0.470000 0.000000
0.100000 0.480000 0.000000
0.100000 0.490000 0.000000
0.110000 0.000000 0.052221
0.110000 0.010000 0.048400
0.110000 0.020000 0.000000
0.110000 0.030000 0.000000
0.110000 0.040000 0.000000
0.110000 0.050000 0.000000
0.110000 0.060000 0.000000
0.110000 0.070000 0.000000
0.110000 0.080000 0.000000
0.110000 0.090000 0.000000
0.110000 0.100000 0.000000
0.110000 0.110000 0.000000
0.110000 0.120000 0.000332
0.110000 0.130000 0.000004
0.110000 0.140000 -0.000336
0.110000 0.150000 0.000000
0.110000 0.160000 0.000000
0.110000 0.170000 -0.006625
0.110000 0.180000 -0.007569
0.110000 0.190000 -0.007966
0.110000 0.200000 0.000000
0.110000 0.210000 0.000000
0.110000 0.220000 0.001649
0.110000 0.230000 0.001726
0.110000 0.240000 0.000000
0.110000 0.250000 0.000000
0.110000 0.260000 0.000000
0.110000 0.270000 0.000000
0.110000 0.280000 0.000000
0.110000 0.290000 0.000000
0.110000 0.300000 0.000000
0.110000 0.310000 0.000000
0.110000 0.320000 0.000000
0.110000 0.330000 0.000000
0.110000 0.340000 0.000000
0.110000 0.350000 0.000000
0.110000 0.360000 0.000000
0.110000 0.370000 0.000000
0.110000 0.380000 0.000000
0.110000 0.390000 0.000000
0.110000 0.400000 0.000000
0.110000 0.410000 0.000000
0.110000 0.420000 0.000000
0.110000 0.430000 0.000000
0.110000 0.440000 0.000000
0.110000 0.450000 0.000000
0.110000 0.460000 0.000000
0.110000 0.470000 0.000000
0.110000 0.480000 0.000000
0.110000 0.490000 0.000000
0.120000 0.000000 0.052046
0.120000 0.010000 0.047478
0.120000 0.020000 0.000000
0.120000 0.030000 0.000000
0.120000 0.040000 0.000000
0.120000 0.050000 0.000000
0.120000 0.060000 0.000000
0.120000 0.070000 0.000000
0.120000 0.080000 0.000000
0.120000 0.090000 0.000000
0.120000 0.100000 0.000000
0.120000 0.110000 0.000000
0.120000 0.120000 0.000000
0.120000 0.130000 0.000000
0.120000 0.140000 0.000000
0.120000 0.150000 0.000000
0.120000 0.160000 0.000000
0.120000 0.170000 -0.006626
0.120000 0.180000 0.000000
0.120000 0.190000 0.000000
0.120000 0.200000 0.000000
0.120000 0.210000 0.000000
0.120000 0.220000 0.001221
0.120000 0.230000 0.001056
0.120000 0.240000 0.000568
0.120000 0.250000 -0.000490
0.120000 0.260000 0.000000
0.120000 0.270000 0.002430
0.120000 0.280000 0.002261
0.120000 0.290000 0.000000
0.120000 0.300000 0.000000
0.120000 0.310000 0.000000
0.120000 0.320000 0.000000
0.120000 0.330000 0.000000
0.120000 0.340000 0.000000
0.120000 0.350000 0.000000
0.120000 0.360000 0.000000
0.120000 0.370000 0.000000
0.120000 0.380000 0.000000
0.120000 0.390000 0.000000
0.120000 0.400000 0.000000
0.120000 0.410000 0.000000
0.120000 0.420000 0.000000
0.120000 0.430000 0.000000
0.120000 0.440000 0.000000
0.120000 0.450000 0.000000
0.120000 0.460000 0.000000
0.120000 0.470000 0.000000
0.120000 0.480000 0.000000
0.120000 0.490000 0.000000
0.130000 0.000000 0.049441
0.130000 0.010000 0.043792
0.130000 0.020000 0.040758
0.130000 0.030000 0.038591
0.130000 0.040000 0.000000
0.130000 0.050000 0.034512
0.130000 0.060000 0.035015
0.130000 0.070000 0.000000
0.130000 0.080000 0.000000
0.130000 0.090000 0.000000
0.130000 0.100000 0.000000
0.130000 0.110000 0.000000
0.130000 0.120000 0.000000
0.130000 0.130000 0.000000
0.130000 0.140000 0.000000
0.130000 0.150000 0.000000
0.130000 0.160000 0.000000
0.130000 0.170000 0.000000
0.130000 0.180000 0.000000
0.130000 0.190000 0.002257
0.130000 0.200000 0.000000
0.130000 0.210000 0.000000
0.130000 0.220000 0.000878
0.130000 0.230000 0.000467
0.130000 0.240000 0.000000
0.130000 0.250000 -0.000490
0.130000 0.260000 0.000000
0.130000 0.270000 0.000000
0.130000 0.280000 0.000000
0.130000 0.290000 0.000000
0.130000 0.300000 0.000000
0.130000 0.310000 0.000000
0.130000 0.320000 0.000000
0.130000 0.330000 0.000000
0.130000 0.340000 0.000000
0.130000 0.350000 0.000000
0.130000 0.360000 0.000000
0.130000 0.370000 0.000000
0.130000 0.380000 0.000000
0.130000 0.390000 0.000000
0.130000 0.400000 0.000000
0.130000 0.410000 0.000000
0.130000 0.420000 0.000000
0.130000 0.430000 0.000000
0.130000 0.440000 0.000000
0.130000 0.450000 0.000000
0.130000 0.460000 0.000000
0.130000 0.470000 0.000000
0.130000 0.480000 0.000000
0.130000 0.490000 0.000000
0.140000 0.000000 0.043252
0.140000 0.010000 0.036366
0.140000 0.020000 0.037122
0.140000 0.030000 0.036883
0.140000 0.040000 0.035800
0.140000 0.050000 0.034714
0.140000 0.060000 0.034274
0.140000 0.070000 0.000000
0.140000 0.080000 0.000000
0.140000 0.090000 0.000000
0.140000 0.100000 0.000000
0.140000 0.110000 0.000000
0.140000 0.120000 0.000000
0.140000 0.130000 0.000000
0.140000 0.140000 0.000000
0.140000 0.150000 0.000000
0.140000 0.160000 0.000000
0.140000 0.170000 0.000000
0.140000 0.180000 0.000000
0.140000 0.190000 0.000000
0.140000 0.200000 0.000000
0.140000 0.210000 0.000000
0.140000 0.220000 0.000200
0.140000 0.230000 0.000000
0.140000 0.240000 0.000000
0.140000 0.250000 -0.002181
0.140000 0.260000 -0.002759
0.140000 0.270000 0.000000
0.140000 0.280000 0.000000
0.140000 0.290000 0.000000
0.140000 0.300000 -0.001046
0.140000 0.310000 0.000000
0.140000 0.320000 0.000000
0.140000 0.330000 0.000000
0.140000 0.340000 0.000000
0.140000 0.350000 0.000000
0.140000 0.360000 0.000000
0.140000 0.370000 0.000000
0.140000 0.380000 0.000000
0.140000 0.390000 0.000000
0.140000 0.400000 0.000000
0.140000 0.410000 0.000000
0.140000 0.420000 0.000000
0.140000 0.430000 0.000000
0.140000 0.440000 0.000000
0.140000 0.450000 0.000000
0.140000 0.460000 0.000000
0.140000 0.470000 0.000000
0.140000 0.480000 0.000000
0.140000 0.490000 0.000000
0.150000 0.000000 0.033800
0.150000 0.010000 0.032904
0.150000 0.020000 0.033903
0.150000 0.030000 0.033237
0.150000 0.040000 0.032618
0.150000 0.050000 0.032730
0.150000 0.060000 0.033282
0.150000 0.070000 0.032340
0.150000 0.080000 0.031227
0.150000 0.090000 0.030087
0.150000 0.100000 0.029358
0.150000 0.110000 0.000000
0.150000 0.120000 0.000000
0.150000 0.130000 0.024628
0.150000 0.140000 0.000000
0.150000 0.150000 0.000000
0.150000 0.160000 0.000000
0.150000 0.170000 0.000000
0.150000 0.180000 0.000000
0.150000 0.190000 0.000000
0.150000 0.200000 0.000000
0.150000 0.210000 0.000000
0.150000 0.220000 -0.000643
0.150000 0.230000 0.000000
0.150000 0.240000 0.000000
0.150000 0.250000 -0.002916
0.150000 0.260000 0.000000
0.150000 0.270000 0.001356
0.150000 0.280000 0.000000
0.150000 0.290000 0.000000
0.150000 0.300000 -0.001046
0.150000 0.310000 0.000000
0.150000 0.320000 0.000000
0.150000 0.330000 0.000000
0.150000 0.340000 0.000000
0.150000 0.350000 0.000000
0.150000 0.360000 0.000000
0.150000 0.370000 0.000000
0.150000 0.380000 0.000000
0.150000 0.390000 0.000000
0.150000 0.400000 0.000000
0.150000 0.410000 0.000000
0.150000 0.420000 0.000000
0.150000 0.430000 0.000000
0.150000 0.440000 0.000000
0.150000 0.450000 0.000000
0.150000 0.460000 0.000000
0.150000 0.470000 0.000000
0.150000 0.480000 0.000000
0.150000 0.490000 0.000000
0.160000 0.000000 0.033714
0.160000 0.010000 0.028421
0.160000 0.020000 0.029408
0.160000 0.030000 0.030544
0.160000 0.040000 0.030594
0.160000 0.050000 0.030712
0.160000 0.060000 0.030271
0.160000 0.070000 0.030429
0.160000 0.080000 0.029862
0.160000 0.090000 0.029619
0.160000 0.100000 0.028657
0.160000 0.110000 0.027534
0.160000 0.120000 0.000000
0.160000 0.130000 0.024663
0.160000 0.140000 0.000000
0.160000 0.150000 0.022348
0.160000 0.160000 0.021938
0.160000 0.170000 0.000000
0.160000 0.180000 0.000000
0.160000 0.190000 0.000000
0.160000 0.200000 0.000000
0.160000 0.210000 0.000000
0.160000 0.220000 0.000000
0.160000 0.230000 0.004070
0.160000 0.240000 0.003501
0.160000 0.250000 0.000000
0.160000 0.260000 0.000000
0.160000 0.270000 0.000384
0.160000 0.280000 0.000000
0.160000 0.290000 -0.000965
0.160000 0.300000 -0.001046
0.160000 0.310000 0.000000
0.160000 0.320000 0.000000
0.160000 0.330000 0.000000
0.160000 0.340000 0.000000
0.160000 0.350000 0.000000
0.160000 0.360000 0.000000
0.160000 0.370000 0.000000
0.160000 0.380000 0.000000
0.160000 0.390000 0.000000
0.160000 0.400000 0.000000
0.160000 0.410000 0.000000
0.160000 0.420000 0.000000
0.160000 0.430000 0.000000
0.160000 0.440000 0.000000
0.160000 0.450000 0.000000
0.160000 0.460000 0.000000
0.160000 0.470000 0.000000
0.160000 0.480000 0.000000
0.160000 0.490000 0.000000
0.170000 0.000000 0.034158
0.170000 0.010000 0.029878
0.170000 0.020000 0.000000
0.170000 0.030000 0.028871
0.170000 0.040000 0.028057
0.170000 0.050000 0.027146
0.170000 0.060000 0.027817
0.170000 0.070000 0.027787
0.170000 0.080000 0.028592
0.170000 0.090000 0.026486
0.170000 0.100000 0.026512
0.170000 0.110000 0.026406
0.170000 0.120000 0.025661
0.170000 0.130000 0.024482
0.170000 0.140000 0.023308
0.170000 0.150000 0.022686
0.170000 0.160000 0.021620
0.170000 0.170000 0.020782
0.170000 0.180000 0.000000
0.170000 0.190000 0.000000
0.170000 0.200000 0.000000
0.170000 0.210000 0.000000
0.170000 0.220000 0.000000
0.170000 0.230000 0.000000
0.170000 0.240000 0.002586
0.170000 0.250000 0.000000
0.170000 0.260000 0.000000
0.170000 0.270000 0.000001
0.170000 0.280000 -0.000386
0.170000 0.290000 0.000000
0.170000 0.300000 0.000000
0.170000 0.310000 0.000000
0.170000 0.320000 0.000000
0.170000 0.330000 0.000000
0.170000 0.340000 0.000000
0.170000 0.350000 0.000000
0.170000 0.360000 0.000000
0.170000 0.370000 0.000000
0.170000 0.380000 0.000000
0.170000 0.390000 0.000000
0.170000 0.400000 0.000000
0.170000 0.410000 0.000000
0.170000 0.420000 0.000000
0.170000 0.430000 0.000000
0.170000 0.440000 0.000000
0.170000 0.450000 0.000000
0.170000 0.460000 0.000000
0.170000 0.470000 0.000000
0.170000 0.480000 0.000000
0.170000 0.490000 0.000000
0.180000 0.000000 0.032106
0.180000 0.010000 0.029309
0.180000 0.020000 0.000000
0.180000 0.030000 0.029897
0.180000 0.040000 0.027880
0.180000 0.050000 0.026323
0.180000 0.060000 0.026076
0.180000 0.070000 0.025768
0.180000 0.080000 0.025468
0.180000 0.090000 0.024500
0.180000 0.100000 0.023666
0.180000 0.110000 0.023164
0.180000 0.120000 0.023045
0.180000 0.130000 0.022797
0.180000 0.140000 0.022998
0.180000 0.150000 0.022948
0.180000 0.160000 0.021116
0.180000 0.170000 0.020175
0.180000 0.180000 0.000000
0.180000 0.190000 0.000000
0.180000 0.200000 0.000000
0.180000 0.210000 0.000000
0.180000 0.220000 0.000000
0.180000 0.230000 0.000000
0.180000 0.240000 0.000000
0.180000 0.250000 0.000000
0.180000 0.260000 0.000000
0.180000 0.270000 0.000000
0.180000 0.280000 0.000000
0.180000 0.290000 0.011821
0.180000 0.300000 0.008860
0.180000 0.310000 0.007168
0.180000 0.320000 0.000000
0.180000 0.330000 0.000000
0.180000 0.340000 0.000000
0.180000 0.350000 0.000000
0.180000 0.360000 0.000000
0.180000 0.370000 0.000000
0.180000 0.380000 0.000000
0.180000 0.390000 0.000000
0.180000 0.400000 0.000000
0.180000 0.410000 0.000000
0.180000 0.420000 0.000000
0.180000 0.430000 0.000000
0.180000 0.440000 0.000000
0.180000 0.450000 0.000000
0.180000 0.460000 0.000000
0.180000 0.470000 0.000000
0.180000 0.480000 0.000000
0.180000 0.490000 0.000000
0.190000 0.000000 0.000000
0.190000 0.010000 0.029309
0.190000 0.020000 0.000000
0.190000 0.030000 0.000000
0.190000 0.040000 0.027922
0.190000 0.050000 0.000000
0.190000 0.060000 0.000000
0.190000 0.070000 0.000000
0.190000 0.080000 0.000000
0.190000 0.090000 0.022575
0.190000 0.100000 0.022066
0.190000 0.110000 0.020107
0.190000 0.120000 0.019770
0.190000 0.130000 0.019858
0.190000 0.140000 0.020252
0.190000 0.150000 0.020276
0.190000 0.160000 0.019987
0.190000 0.170000 0.019779
0.190000 0.180000 0.019183
0.190000 0.190000 0.018478
0.190000 0.200000 0.000000
0.190000 0.210000 0.015980
0.190000 0.220000 0.000000
0.190000 0.230000 0.000000
0.190000 0.240000 0.000000
0.190000 0.250000 0.000000
0.190000 0.260000 0.011386
0.190000 0.270000 0.000000
0.190000 0.280000 0.000000
0.190000 0.290000 0.000000
0.190000 0.300000 0.008033
0.190000 0.310000 0.007410
0.190000 0.320000 0.007115
0.190000 0.330000 0.000000
0.190000 0.340000 0.003698
0.190000 0.350000 0.000000
0.190000 0.360000 0.000000
0.190000 0.370000 0.000000
0.190000 0.380000 0.000000
0.190000 0.390000 0.000000
0.190000 0.400000 0.000000
0.190000 0.410000 0.000000
0.190000 0.420000 0.000000
0.190000 0.430000 0.000000
0.190000 0.440000 0.000000
0.190000 0.450000 0.000000
0.190000 0.460000 0.000000
0.190000 0.470000 0.000000
0.190000 0.480000 0.000000
0.190000 0.490000 0.000000
0.200000 0.000000 0.000000
0.200000 0.010000 0.000000
0.200000 0.020000 0.000000
0.200000 0.030000 0.000000
0.200000 0.040000 0.000000
0.200000 0.050000 0.000000
0.200000 0.060000 0.000000
0.200000 0.070000 0.000000
0.200000 0.080000 0.000000
0.200000 0.090000 0.022620
0.200000 0.100000 0.000000
0.200000 0.110000 0.000000
0.200000 0.120000 0.000000
0.200000 0.130000 0.017880
0.200000 0.140000 0.017439
0.200000 0.150000 0.017408
0.200000 0.160000 0.017068
0.200000 0.170000 0.017439
0.200000 0.180000 0.018016
0.200000 0.190000 0.016806
0.200000 0.200000 0.016487
0.200000 0.210000 0.015595
0.200000 0.220000 0.014451
0.200000 0.230000 0.013953
0.200000 0.240000 0.000000
0.200000 0.250000 0.011914
0.200000 0.260000 0.010992
0.200000 0.270000 0.010468
0.200000 0.280000 0.009816
0.200000 0.290000 0.000000
0.200000 0.300000 0.007929
0.200000 0.310000 0.000000
0.200000 0.320000 0.000000
0.200000 0.330000 0.004222
0.200000 0.340000 0.003641
0.200000 0.350000 0.003495
0.200000 0.360000 0.000000
0.200000 0.370000 0.000000
0.200000 0.380000 0.000000
0.200000 0.390000 0.000000
0.200000 0.400000 0.000000
0.200000 0.410000 0.000000
0.200000 0.420000 0.000000
0.200000 0.430000 0.000000
0.200000 0.440000 0.000000
0.200000 0.450000 0.000000
0.200000 0.460000 0.000000
0.200000 0.470000 0.000000
0.200000 0.480000 0.000000
0.200000 0.490000 0.000000
0.210000 0.000000 0.000000
0.210000 0.010000 0.000000
0.210000 0.020000 0.000000
0.210000 0.030000 0.000000
0.210000 0.040000 0.000000
0.210000 0.050000 0.000000
0.210000 0.060000 0.000000
0.210000 0.070000 0.000000
0.210000 0.080000 0.000000
0.210000 0.090000 0.000000
0.210000 0.100000 0.000000
0.210000 0.110000 0.000000
0.210000 0.120000 0.000000
0.210000 0.130000 0.017903
0.210000 0.140000 0.000000
0.210000 0.150000 0.000000
0.210000 0.160000 0.015221
0.210000 0.170000 0.014701
0.210000 0.180000 0.014246
0.210000 0.190000 0.014487
0.210000 0.200000 0.014374
0.210000 0.210000 0.015028
0.210000 0.220000 0.014213
0.210000 0.230000 0.013304
0.210000 0.240000 0.012583
0.210000 0.250000 0.012075
0.210000 0.260000 0.000000
0.210000 0.270000 0.010071
0.210000 0.280000 0.009749
0.210000 0.290000 0.008773
0.210000 0.300000 0.007892
0.210000 0.310000 0.007414
0.210000 0.320000 0.000000
0.210000 0.330000 0.000000
0.210000 0.340000 0.003634
0.210000 0.350000 0.000000
0.210000 0.360000 0.002438
0.210000 0.370000 0.002073
0.210000 0.380000 0.000000
0.210000 0.390000 0.000000
0.210000 0.400000 0.000000
0.210000 0.410000 0.000000
0.210000 0.420000 0.000000
0.210000 0.430000 0.000000
0.210000 0.440000 0.000000
0.210000 0.450000 0.000000
0.210000 0.460000 0.000000
0.210000 0.470000 0.000000
0.210000 0.480000 0.000000
0.210000 0.490000 0.000000
0.220000 0.000000 0.000000
0.220000 0.010000 0.000000
0.220000 0.020000 0.000000
0.220000 0.030000 0.000000
0.220000 0.040000 0.000000
0.220000 0.050000 0.000000
0.220000 0.060000 0.000000
0.220000 0.070000 0.000000
0.220000 0.080000 0.000000
0.220000 0.090000 0.000000
0.220000 0.100000 0.000000
0.220000 0.110000 0.000000
0.220000 0.120000 0.000000
0.220000 0.130000 0.000000
0.220000 0.140000 0.000000
0.220000 0.150000 0.000000
0.220000 0.160000 0.000000
0.220000 0.170000 0.000000
0.220000 0.180000 0.013708
0.220000 0.190000 0.013121
0.220000 0.200000 0.012282
0.220000 0.210000 0.011761
0.220000 0.220000 0.010860
0.220000 0.230000 0.010828
0.220000 0.240000 0.011548
0.220000 0.250000 0.011792
0.220000 0.260000 0.010497
0.220000 0.270000 0.009701
0.220000 0.280000 0.000000
0.220000 0.290000 0.008666
0.220000 0.300000 0.007872
0.220000 0.310000 0.007215
0.220000 0.320000 0.006721
0.220000 0.330000 0.000000
0.220000 0.340000 0.003667
0.220000 0.350000 0.003811
0.220000 0.360000 0.000000
0.220000 0.370000 0.002061
0.220000 0.380000 0.002008
0.220000 0.390000 0.000000
0.220000 0.400000 0.000000
0.220000 0.410000 0.000000
0.220000 0.420000 0.000000
0.220000 0.430000 0.000000
0.220000 0.440000 0.000000
0.220000 0.450000 0.000000
0.220000 0.460000 0.000000
0.220000 0.470000 0.000000
0.220000 0.480000 0.000000
0.220000 0.490000 0.000000
0.230000 0.000000 0.000000
0.230000 0.010000 0.000000
0.230000 0.020000 0.000000
0.230000 0.030000 0.000000
0.230000 0.040000 0.000000
0.230000 0.050000 0.000000
0.230000 0.060000 0.000000
0.230000 0.070000 0.000000
0.230000 0.080000 0.000000
0.230000 0.090000 0.000000
0.230000 0.100000 0.000000
0.230000 0.110000 0.000000
0.230000 0.120000 0.000000
0.230000 0.130000 0.000000
0.230000 0.140000 0.000000
0.230000 0.150000 0.000000
0.230000 0.160000 0.000000
0.230000 0.170000 0.014431
0.230000 0.180000 0.013711
0.230000 0.190000 0.013193
0.230000 0.200000 0.000000
0.230000 0.210000 0.000000
0.230000 0.220000 0.009695
0.230000 0.230000 0.009448
0.230000 0.240000 0.008565
0.230000 0.250000 0.007877
0.230000 0.260000 0.007842
0.230000 0.270000 0.000000
0.230000 0.280000 0.010108
0.230000 0.290000 0.008469
0.230000 0.300000 0.007527
0.230000 0.310000 0.007010
0.230000 0.320000 0.000000
0.230000 0.330000 0.004338
0.230000 0.340000 0.003367
0.230000 0.350000 0.003012
0.230000 0.360000 0.002589
0.230000 0.370000 0.002056
0.230000 0.380000 0.000000
0.230000 0.390000 0.000737
0.230000 0.400000 0.000419
0.230000 0.410000 0.000000
0.230000 0.420000 0.000000
0.230000 0.430000 0.000000
0.230000 0.440000 0.000000
0.230000 0.450000 0.000000
0.230000 0.460000 0.000000
0.230000 0.470000 0.000000
0.230000 0.480000 0.000000
0.230000 0.490000 0.000000
0.240000 0.000000 0.000000
0.240000 0.010000 0.000000
0.240000 0.020000 0.000000
0.240000 0.030000 0.000000
0.240000 0.040000 0.000000
0.240000 0.050000 0.000000
0.240000 0.060000 0.000000
0.240000 0.070000 0.000000
0.240000 0.080000 0.000000
0.240000 0.090000 0.000000
0.240000 0.100000 0.000000
0.240000 0.110000 0.000000
0.240000 0.120000 0.000000
0.240000 0.130000 0.000000
0.240000 0.140000 0.000000
0.240000 0.150000 0.000000
0.240000 0.160000 0.000000
0.240000 0.170000 0.000000
0.240000 0.180000 0.000000
0.240000 0.190000 0.000000
0.240000 0.200000 0.000000
0.240000 0.210000 0.000000
0.240000 0.220000 0.000000
0.240000 0.230000 0.000000
0.240000 0.240000 0.000000
0.240000 0.250000 0.007761
0.240000 0.260000 0.007292
0.240000 0.270000 0.006916
0.240000 0.280000 0.006705
0.240000 0.290000 0.006967
0.240000 0.300000 0.006279
0.240000 0.310000 0.005800
0.240000 0.320000 0.000000
0.240000 0.330000 0.000000
0.240000 0.340000 0.003248
0.240000 0.350000 0.002533
0.240000 0.360000 0.002577
0.240000 0.370000 0.001890
0.240000 0.380000 0.000000
0.240000 0.390000 0.001207
0.240000 0.400000 0.000709
0.240000 0.410000 0.000000
0.240000 0.420000 0.000000
0.240000 0.430000 0.000000
0.240000 0.440000 0.000000
0.240000 0.450000 0.000000
0.240000 0.460000 0.000000
0.240000 0.470000 0.000000
0.240000 0.480000 0.000000
0.240000 0.490000 0.000000
0.250000 0.000000 0.000000
0.250000 0.010000 0.000000
0.250000 0.020000 0.000000
0.250000 0.030000 0.000000
0.250000 0.040000 0.000000
0.250000 0.050000 0.000000
0.250000 0.060000 0.000000
0.250000 0.070000 0.000000
0.250000 0.080000 0.000000
0.250000 0.090000 0.000000
0.250000 0.100000 0.000000
0.250000 0.110000 0.000000
0.250000 0.120000 0.000000
0.250000 0.130000 0.000000
0.250000 0.140000 0.000000
0.250000 0.150000 0.000000
0.250000 0.160000 0.000000
0.250000 0.170000 0.000000
0.250000 0.180000 0.000000
0.250000 0.190000 0.000000
0.250000 0.200000 0.000000
0.250000 0.210000 0.000000
0.250000 0.220000 -0.000000
0.250000 0.230000 0.000000
0.250000 0.240000 0.008219
0.250000 0.250000 0.007680
0.250000 0.260000 0.007387
0.250000 0.270000 0.000000
0.250000 0.280000 0.000000
0.250000 0.290000 0.005285
0.250000 0.300000 0.004677
0.250000 0.310000 0.004794
0.250000 0.320000 0.000000
0.250000 0.330000 0.002650
0.250000 0.340000 0.002774
0.250000 0.350000 0.002498
0.250000 0.360000 0.001779
0.250000 0.370000 0.001713
0.250000 0.380000 0.001427
0.250000 0.390000 0.001191
0.250000 0.400000 0.000000
0.250000 0.410000 -0.001150
0.250000 0.420000 -0.001143
0.250000 0.430000 0.000000
0.250000 0.440000 0.000000
0.250000 0.450000 0.000000
0.250000 0.460000 0.000000
0.250000 0.470000 0.000000
0.250000 0.480000 0.000000
0.250000 0.490000 0.000000
0.260000 0.000000 0.000000
0.260000 0.010000 0.000000
0.260000 0.020000 0.000000
0.260000 0.030000 0.000000
0.260000 0.040000 0.000000
0.260000 0.050000 0.000000
0.260000 0.060000 0.000000
0.260000 0.070000 0.000000
0.260000 0.080000 0.000000
0.260000 0.090000 0.000000
0.260000 0.100000 0.000000
0.260000 0.110000 0.000000
0.260000 0.120000 0.000000
0.260000 0.130000 0.000000
0.260000 0.140000 0.000000
0.260000 0.150000 0.000000
0.260000 0.160000 0.000000
0.260000 0.170000 0.000000
0.260000 0.180000 0.000000
0.260000 0.190000 0.000000
0.260000 0.200000 0.000000
0.260000 0.210000 0.000000
0.260000 0.220000 -0.000000
0.260000 0.230000 0.000000
0.260000 0.240000 0.000000
0.260000 0.250000 0.000000
0.260000 0.260000 0.000000
0.260000 0.270000 0.000000
0.260000 0.280000 0.000000
0.260000 0.290000 0.000000
0.260000 0.300000 0.004645
0.260000 0.310000 0.004400
0.260000 0.320000 0.000000
0.260000 0.330000 0.002117
0.260000 0.340000 0.001910
0.260000 0.350000 0.000000
0.260000 0.360000 0.001528
0.260000 0.370000 0.001519
0.260000 0.380000 0.001282
0.260000 0.390000 0.000000
0.260000 0.400000 -0.000932
0.260000 0.410000 -0.001146
0.260000 0.420000 0.000000
0.260000 0.430000 0.000000
0.260000 0.440000 0.000000
0.260000 0.450000 0.000000
0.260000 0.460000 0.000000
0.260000 0.470000 0.000000
0.260000 0.480000 0.000000
0.260000 0.490000 0.000000
0.270000 0.000000 0.000000
0.270000 0.010000 0.000000
0.270000 0.020000 0.000000
0.270000 0.030000 0.000000
0.270000 0.040000 0.000000
0.270000 0.050000 0.000000
0.270000 0.060000 0.000000
0.270000 0.070000 0.000000
0.270000 0.080000 0.000000
0.270000 0.090000 0.000000
0.270000 0.100000 0.000000
0.270000 0.110000 0.000000
0.270000 0.120000 0.000000
0.270000 0.130000 0.000000
0.270000 0.140000 0.000000
0.270000 0.150000 0.000000
0.270000 0.160000 0.000000
0.270000 0.170000 0.000000
0.270000 0.180000 0.000000
0.270000 0.190000 0.000000
0.270000 0.200000 0.000000
0.270000 0.210000 0.000000
0.270000 0.220000 0.000000
0.270000 0.230000 0.000000
0.270000 0.240000 0.000000
0.270000 0.250000 0.001531
0.270000 0.260000 0.000879
0.270000 0.270000 0.000000
0.270000 0.280000 0.000000
0.270000 0.290000 0.000000
0.270000 0.300000 0.000000
0.270000 0.310000 0.003796
0.270000 0.320000 0.000000
0.270000 0.330000 0.000000
0.270000 0.340000 0.000000
0.270000 0.350000 0.000000
0.270000 0.360000 0.001524
0.270000 0.370000 0.000000
0.270000 0.380000 0.000000
0.270000 0.390000 0.000140
0.270000 0.400000 -0.000165
0.270000 0.410000 -0.000795
0.270000 0.420000 0.000000
0.270000 0.430000 0.000000
0.270000 0.440000 0.000000
0.270000 0.450000 0.000000
0.270000 0.460000 0.000000
0.270000 0.470000 0.000000
0.270000 0.480000 0.000000
0.270000 0.490000 0.000000
0.280000 0.000000 0.000000
0.280000 0.010000 0.000000
0.280000 0.020000 0.000000
0.280000 0.030000 0.000000
0.280000 0.040000 0.000000
0.280000 0.050000 0.000000
0.280000 0.060000 0.000000
0.280000 0.070000 0.000000
0.280000 0.080000 0.000000
0.280000 0.090000 0.000000
0.280000 0.100000 0.000000
0.280000 0.110000 0.000000
0.280000 0.120000 0.000000
0.280000 0.130000 0.000000
0.280000 0.140000 0.000000
0.280000 0.150000 0.000000
0.280000 0.160000 0.000000
0.280000 0.170000 0.000000
0.280000 0.180000 0.000000
0.280000 0.190000 0.000000
0.280000 0.200000 0.000000
0.280000 0.210000 0.000000
0.280000 0.220000 0.000000
0.280000 0.230000 0.000000
0.280000 0.240000 0.000000
0.280000 0.250000 0.001383
0.280000 0.260000 0.001016
0.280000 0.270000 -0.000205
0.280000 0.280000 -0.000891
0.280000 0.290000 0.000000
0.280000 0.300000 0.000000
0.280000 0.310000 0.003814
0.280000 0.320000 0.003035
0.280000 0.330000 0.000000
0.280000 0.340000 0.000000
0.280000 0.350000 0.001601
0.280000 0.360000 0.001332
0.280000 0.370000 0.000000
0.280000 0.380000 0.000560
0.280000 0.390000 0.000202
0.280000 0.400000 0.000151
0.280000 0.410000 -0.000220
0.280000 0.420000 -0.000760
0.280000 0.430000 0.000000
0.280000 0.440000 0.000000
0.280000 0.450000 -0.003601
0.280000 0.460000 0.000000
0.280000 0.470000 0.000000
0.280000 0.480000 0.000000
0.280000 0.490000 0.000000
0.290000 0.000000 0.000000
0.290000 0.010000 0.000000
0.290000 0.020000 0.000000
0.290000 0.030000 0.000000
0.290000 0.040000 0.000000
0.290000 0.050000 0.000000
0.290000 0.060000 0.000000
0.290000 0.070000 0.000000
0.290000 0.080000 0.000000
0.290000 0.090000 0.000000
0.290000 0.100000 0.000000
0.290000 0.110000 0.000000
0.290000 0.120000 0.000000
0.290000 0.130000 0.000000
0.290000 0.140000 0.000000
0.290000 0.150000 0.000000
0.290000 0.160000 0.000000
0.290000 0.170000 0.000000
0.290000 0.180000 0.000000
0.290000 0.190000 0.000000
0.290000 0.200000 0.000000
0.290000 0.210000 0.000000
0.290000 0.220000 0.000000
0.290000 0.230000 0.000000
0.290000 0.240000 0.000000
0.290000 0.250000 0.000000
0.290000 0.260000 0.000900
0.290000 0.270000 0.000031
0.290000 0.280000 -0.001073
0.290000 0.290000 -0.002014
0.290000 0.300000 0.000000
0.290000 0.310000 0.000000
0.290000 0.320000 0.003066
0.290000 0.330000 0.002675
0.290000 0.340000 0.000000
0.290000 0.350000 0.001599
0.290000 0.360000 0.001312
0.290000 0.370000 0.001026
0.290000 0.380000 0.000683
0.290000 0.390000 0.000000
0.290000 0.400000 0.000000
0.290000 0.410000 -0.000503
0.290000 0.420000 -0.000920
0.290000 0.430000 -0.001316
0.290000 0.440000 0.000000
0.290000 0.450000 -0.003655
0.290000 0.460000 0.000000
0.290000 0.470000 0.000000
0.290000 0.480000 0.000000
0.290000 0.490000 0.000000
0.300000 0.000000 0.000000
0.300000 0.010000 0.000000
0.300000 0.020000 0.000000
0.300000 0.030000 0.000000
0.300000 0.040000 0.000000
0.300000 0.050000 0.000000
0.300000 0.060000 0.000000
0.300000 0.070000 0.000000
0.300000 0.080000 0.000000
0.300000 0.090000 0.000000
0.300000 0.100000 0.000000
0.300000 0.110000 0.000000
0.300000 0.120000 0.000000
0.300000 0.130000 0.000000
0.300000 0.140000 0.000000
0.300000 0.150000 0.000000
0.300000 0.160000 0.000000
0.300000 0.170000 0.000000
0.300000 0.180000 0.000000
0.300000 0.190000 0.000000
0.300000 0.200000 0.000000
0.300000 0.210000 0.000000
0.300000 0.220000 0.000000
0.300000 0.230000 0.000000
0.300000 0.240000 0.000000
0.300000 0.250000 0.000000
0.300000 0.260000 0.000000
0.300000 0.270000 0.000000
0.300000 0.280000 0.000000
0.300000 0.290000 0.000000
0.300000 0.300000 0.000000
0.300000 0.310000 0.003363
0.300000 0.320000 0.003035
0.300000 0.330000 0.002501
0.300000 0.340000 0.002099
0.300000 0.350000 0.001673
0.300000 0.360000 0.001478
0.300000 0.370000 0.000931
0.300000 0.380000 0.000595
0.300000 0.390000 -0.000032
0.300000 0.400000 -0.000309
0.300000 0.410000 -0.000620
0.300000 0.420000 -0.000975
0.300000 0.430000 -0.001424
0.300000 0.440000 -0.002492
0.300000 0.450000 -0.003127
0.300000 0.460000 -0.003227
0.300000 0.470000 0.000000
0.300000 0.480000 0.000000
0.300000 0.490000 0.000000
0.310000 0.000000 0.014406
0.310000 0.010000 0.013821
0.310000 0.020000 0.013483
0.310000 0.030000 0.013141
0.310000 0.040000 0.012798
0.310000 0.050000 0.012454
0.310000 0.060000 0.012109
0.310000 0.070000 0.011764
0.310000 0.080000 0.011419
0.310000 0.090000 0.011073
0.310000 0.100000 0.010728
0.310000 0.110000 0.010382
0.310000 0.120000 0.010036
0.310000 0.130000 0.009690
0.310000 0.140000 0.009344
0.310000 0.150000 0.008997
0.310000 0.160000 0.008651
0.310000 0.170000 0.008304
0.310000 0.180000 0.007956
0.310000 0.190000 0.007609
0.310000 0.200000 0.007261
0.310000 0.210000 0.006913
0.310000 0.220000 0.006565
0.310000 0.230000 0.006217
0.310000 0.240000 0.005869
0.310000 0.250000 0.005521
0.310000 0.260000 0.005173
0.310000 0.270000 0.004828
0.310000 0.280000 0.004486
0.310000 0.290000 0.004150
0.310000 0.300000 0.003771
0.310000 0.310000 0.003408
0.310000 0.320000 0.002862
0.310000 0.330000 0.002514
0.310000 0.340000 0.002085
0.310000 0.350000 0.001654
0.310000 0.360000 0.001405
0.310000 0.370000 0.000914
0.310000 0.380000 0.000557
0.310000 0.390000 0.000028
0.310000 0.400000 -0.000282
0.310000 0.410000 -0.000590
0.310000 0.420000 -0.001015
0.310000 0.430000 -0.001610
0.310000 0.440000 -0.002143
0.310000 0.450000 -0.002566
0.310000 0.460000 0.000000
0.310000 0.470000 0.000000
0.310000 0.480000 0.000000
0.310000 0.490000 0.000000
0.320000 0.000000 0.014371
0.320000 0.010000 0.013832
0.320000 0.020000 0.013489
0.320000 0.030000 0.013144
0.320000 0.040000 0.012799
0.320000 0.050000 0.012454
0.320000 0.060000 0.012109
0.320000 0.070000 0.011764
0.320000 0.080000 0.011419
0.320000 0.090000 0.011073
0.320000 0.100000 0.010727
0.320000 0.110000 0.010382
0.320000 0.120000 0.010036
0.320000 0.130000 0.009689
0.320000 0.140000 0.009343
0.320000 0.150000 0.008997
0.320000 0.160000 0.008650
0.320000 0.170000 0.008303
0.320000 0.180000 0.007955
0.320000 0.190000 0.007607
0.320000 0.200000 0.007259
0.320000 0.210000 0.006911
0.320000 0.220000 0.006562
0.320000 0.230000 0.006213
0.320000 0.240000 0.005864
0.320000 0.250000 0.005514
0.320000 0.260000 0.005165
0.320000 0.270000 0.004817
0.320000 0.280000 0.004471
0.320000 0.290000 0.004133
0.320000 0.300000 0.003769
0.320000 0.310000 0.003269
0.320000 0.320000 0.003068
0.320000 0.330000 0.002636
0.320000 0.340000 0.002089
0.320000 0.350000 0.001650
0.320000 0.360000 0.000830
0.320000 0.370000 0.000712
0.320000 0.380000 0.000449
0.320000 0.390000 0.000134
0.320000 0.400000 -0.000341
0.320000 0.410000 -0.000486
0.320000 0.420000 -0.000754
0.320000 0.430000 -0.001293
0.320000 0.440000 -0.002084
0.320000 0.450000 -0.002440
0.320000 0.460000 -0.002740
0.320000 0.470000 0.000000
0.320000 0.480000 0.000000
0.320000 0.490000 0.000000
0.330000 0.000000 0.014339
0.330000 0.010000 0.013858
0.330000 0.020000 0.013496
0.330000 0.030000 0.013147
0.330000 0.040000 0.012801
0.330000 0.050000 0.012455
0.330000 0.060000 0.012110
0.330000 0.070000 0.011764
0.330000 0.080000 0.011419
0.330000 0.090000 0.011073
0.330000 0.100000 0.010727
0.330000 0.110000 0.010381
0.330000 0.120000 0.010035
0.330000 0.130000 0.009689
0.330000 0.140000 0.009342
0.330000 0.150000 0.008996
0.330000 0.160000 0.008649
0.330000 0.170000 0.008301
0.330000 0.180000 0.007954
0.330000 0.190000 0.007605
0.330000 0.200000 0.007257
0.330000 0.210000 0.006908
0.330000 0.220000 0.006558
0.330000 0.230000 0.006208
0.330000 0.240000 0.005858
0.330000 0.250000 0.005507
0.330000 0.260000 0.005156
0.330000 0.270000 0.004805
0.330000 0.280000 0.004450
0.330000 0.290000 0.004087
0.330000 0.300000 0.003742
0.330000 0.310000 0.003356
0.330000 0.320000 0.003066
0.330000 0.330000 0.002725
0.330000 0.340000 0.002226
0.330000 0.350000 0.001599
0.330000 0.360000 0.000837
0.330000 0.370000 0.000712
0.330000 0.380000 0.000472
0.330000 0.390000 0.000188
0.330000 0.400000 -0.000326
0.330000 0.410000 -0.000520
0.330000 0.420000 0.000000
0.330000 0.430000 -0.001403
0.330000 0.440000 -0.002086
0.330000 0.450000 -0.002440
0.330000 0.460000 0.000000
0.330000 0.470000 0.000000
0.330000 0.480000 0.000000
0.330000 0.490000 0.000000
0.340000 0.000000 0.014391
0.340000 0.010000 0.013827
0.340000 0.020000 0.013491
0.340000 0.030000 0.013147
0.340000 0.040000 0.012801
0.340000 0.050000 0.012456
0.340000 0.060000 0.012110
0.340000 0.070000 0.011764
0.340000 0.080000 0.011418
0.340000 0.090000 0.011072
0.340000 0.100000 0.010727
0.340000 0.110000 0.010380
0.340000 0.120000 0.010034
0.340000 0.130000 0.009688
0.340000 0.140000 0.009341
0.340000 0.150000 0.008994
0.340000 0.160000 0.008647
0.340000 0.170000 0.008300
0.340000 0.180000 0.007952
0.340000 0.190000 0.007603
0.340000 0.200000 0.007254
0.340000 0.210000 0.006904
0.340000 0.220000 0.006554
0.340000 0.230000 0.006203
0.340000 0.240000 0.005852
0.340000 0.250000 0.005500
0.340000 0.260000 0.005148
0.340000 0.270000 0.004797
0.340000 0.280000 0.004444
0.340000 0.290000 0.004093
0.340000 0.300000 0.003701
0.340000 0.310000 0.003367
0.340000 0.320000 0.003054
0.340000 0.330000 0.002770
0.340000 0.340000 0.002552
0.340000 0.350000 0.001572
0.340000 0.360000 0.001033
0.340000 0.370000 0.000801
0.340000 0.380000 0.000509
0.340000 0.390000 0.000221
0.340000 0.400000 -0.000383
0.340000 0.410000 -0.000640
0.340000 0.420000 0.000000
0.340000 0.430000 -0.001454
0.340000 0.440000 -0.002126
0.340000 0.450000 -0.002478
0.340000 0.460000 -0.002534
0.340000 0.470000 0.000000
0.340000 0.480000 0.000000
0.340000 0.490000 0.000000
0.350000 0.000000 0.014461
0.350000 0.010000 0.013824
0.350000 0.020000 0.013490
0.350000 0.030000 0.013147
0.350000 0.040000 0.012802
0.350000 0.050000 0.012456
0.350000 0.060000 0.012110
0.350000 0.070000 0.011764
0.350000 0.080000 0.011418
0.350000 0.090000 0.011072
0.350000 0.100000 0.010726
0.350000 0.110000 0.010380
0.350000 0.120000 0.010034
0.350000 0.130000 0.009687
0.350000 0.140000 0.009340
0.350000 0.150000 0.008993
0.350000 0.160000 0.008646
0.350000 0.170000 0.008298
0.350000 0.180000 0.007950
0.350000 0.190000 0.007601
0.350000 0.200000 0.007251
0.350000 0.210000 0.006901
0.350000 0.220000 0.006550
0.350000 0.230000 0.006199
0.350000 0.240000 0.005847
0.350000 0.250000 0.005494
0.350000 0.260000 0.005140
0.350000 0.270000 0.004792
0.350000 0.280000 0.004442
0.350000 0.290000 0.004046
0.350000 0.300000 0.003698
0.350000 0.310000 0.003355
0.350000 0.320000 0.003015
0.350000 0.330000 0.002669
0.350000 0.340000 0.002343
0.350000 0.350000 0.001793
0.350000 0.360000 0.001401
0.350000 0.370000 0.000951
0.350000 0.380000 0.000515
0.350000 0.390000 0.000212
0.350000 0.400000 -0.000349
0.350000 0.410000 -0.000745
0.350000 0.420000 -0.001400
0.350000 0.430000 -0.001697
0.350000 0.440000 -0.002161
0.350000 0.450000 -0.002419
0.350000 0.460000 -0.002659
0.350000 0.470000 0.000000
0.350000 0.480000 0.000000
0.350000 0.490000 0.000000
0.360000 0.000000 0.014409
0.360000 0.010000 0.013862
0.360000 0.020000 0.013501
0.360000 0.030000 0.013150
0.360000 0.040000 0.012803
0.360000 0.050000 0.012456
0.360000 0.060000 0.012110
0.360000 0.070000 0.011764
0.360000 0.080000 0.011418
0.360000 0.090000 0.011071
0.360000 0.100000 0.010725
0.360000 0.110000 0.010379
0.360000 0.120000 0.010033
0.360000 0.130000 0.009686
0.360000 0.140000 0.009339
0.360000 0.150000 0.008992
0.360000 0.160000 0.008645
0.360000 0.170000 0.008297
0.360000 0.180000 0.007948
0.360000 0.190000 0.007599
0.360000 0.200000 0.007249
0.360000 0.210000 0.006898
0.360000 0.220000 0.006546
0.360000 0.230000 0.006194
0.360000 0.240000 0.005843
0.360000 0.250000 0.005489
0.360000 0.260000 0.005130
0.360000 0.270000 0.004790
0.360000 0.280000 0.004395
0.360000 0.290000 0.004042
0.360000 0.300000 0.003689
0.360000 0.310000 0.003338
0.360000 0.320000 0.002985
0.360000 0.330000 0.002626
0.360000 0.340000 0.002246
0.360000 0.350000 0.001843
0.360000 0.360000 0.001499
0.360000 0.370000 0.001053
0.360000 0.380000 0.000697
0.360000 0.390000 0.000279
0.360000 0.400000 -0.000329
0.360000 0.410000 0.000000
0.360000 0.420000 -0.001527
0.360000 0.430000 -0.001802
0.360000 0.440000 -0.002168
0.360000 0.450000 -0.002485
0.360000 0.460000 -0.002709
0.360000 0.470000 0.000000
0.360000 0.480000 0.000000
0.360000 0.490000 0.000000
0.370000 0.000000 0.014430
0.370000 0.010000 0.013857
0.370000 0.020000 0.013501
0.370000 0.030000 0.013150
0.370000 0.040000 0.012803
0.370000 0.050000 0.012456
0.370000 0.060000 0.012109
0.370000 0.070000 0.011763
0.370000 0.080000 0.011417
0.370000 0.090000 0.011071
0.370000 0.100000 0.010725
0.370000 0.110000 0.010378
0.370000 0.120000 0.010032
0.370000 0.130000 0.009685
0.370000 0.140000 0.009339
0.370000 0.150000 0.008991
0.370000 0.160000 0.008644
0.370000 0.170000 0.008296
0.370000 0.180000 0.007947
0.370000 0.190000 0.007598
0.370000 0.200000 0.007247
0.370000 0.210000 0.006896
0.370000 0.220000 0.006543
0.370000 0.230000 0.006190
0.370000 0.240000 0.005841
0.370000 0.250000 0.005491
0.370000 0.260000 0.005098
0.370000 0.270000 0.004757
0.370000 0.280000 0.004394
0.370000 0.290000 0.004036
0.370000 0.300000 0.003679
0.370000 0.310000 0.003321
0.370000 0.320000 0.002961
0.370000 0.330000 0.002594
0.370000 0.340000 0.002221
0.370000 0.350000 0.001795
0.370000 0.360000 0.001508
0.370000 0.370000 0.001222
0.370000 0.380000 0.001211
0.370000 0.390000 -0.000540
0.370000 0.400000 -0.000460
0.370000 0.410000 0.000000
0.370000 0.420000 -0.001608
0.370000 0.430000 -0.001992
0.370000 0.440000 -0.002176
0.370000 0.450000 -0.002527
0.370000 0.460000 -0.002724
0.370000 0.470000 -0.002757
0.370000 0.480000 0.000000
0.370000 0.490000 0.000000
0.380000 0.000000 0.014463
0.380000 0.010000 0.013841
0.380000 0.020000 0.013494
0.380000 0.030000 0.013148
0.380000 0.040000 0.012801
0.380000 0.050000 0.012455
0.380000 0.060000 0.012109
0.380000 0.070000 0.011763
0.380000 0.080000 0.011416
0.380000 0.090000 0.011070
0.380000 0.100000 0.010724
0.380000 0.110000 0.010378
0.380000 0.120000 0.010031
0.380000 0.130000 0.009685
0.380000 0.140000 0.009338
0.380000 0.150000 0.008991
0.380000 0.160000 0.008644
0.380000 0.170000 0.008296
0.380000 0.180000 0.007947
0.380000 0.190000 0.007598
0.380000 0.200000 0.007247
0.380000 0.210000 0.006895
0.380000 0.220000 0.006541
0.380000 0.230000 0.006182
0.380000 0.240000 0.005843
0.380000 0.250000 0.005450
0.380000 0.260000 0.005098
0.380000 0.270000 0.004746
0.380000 0.280000 0.004388
0.380000 0.290000 0.004029
0.380000 0.300000 0.003669
0.380000 0.310000 0.003307
0.380000 0.320000 0.002941
0.380000 0.330000 0.002571
0.380000 0.340000 0.002189
0.380000 0.350000 0.001806
0.380000 0.360000 0.001448
0.380000 0.370000 0.001218
0.380000 0.380000 0.000665
0.380000 0.390000 -0.000106
0.380000 0.400000 -0.000748
0.380000 0.410000 -0.001035
0.380000 0.420000 0.000000
0.380000 0.430000 -0.002039
0.380000 0.440000 -0.002355
0.380000 0.450000 -0.002550
0.380000 0.460000 -0.003013
0.380000 0.470000 0.000000
0.380000 0.480000 0.000000
0.380000 0.490000 0.000000
0.390000 0.000000 0.014492
0.390000 0.010000 0.013823
0.390000 0.020000 0.013488
0.390000 0.030000 0.013145
0.390000 0.040000 0.012800
0.390000 0.050000 0.012454
0.390000 0.060000 0.012108
0.390000 0.070000 0.011762
0.390000 0.080000 0.011416
0.390000 0.090000 0.011070
0.390000 0.100000 0.010724
0.390000 0.110000 0.010377
0.390000 0.120000 0.010031
0.390000 0.130000 0.009684
0.390000 0.140000 0.009338
0.390000 0.150000 0.008991
0.390000 0.160000 0.008644
0.390000 0.170000 0.008296
0.390000 0.180000 0.007948
0.390000 0.190000 0.007599
0.390000 0.200000 0.007249
0.390000 0.210000 0.006897
0.390000 0.220000 0.006545
0.390000 0.230000 0.006153
0.390000 0.240000 0.005814
0.390000 0.250000 0.005453
0.390000 0.260000 0.005096
0.390000 0.270000 0.004741
0.390000 0.280000 0.004382
0.390000 0.290000 0.004023
0.390000 0.300000 0.003660
0.390000 0.310000 0.003297
0.390000 0.320000 0.002924
0.390000 0.330000 0.002561
0.390000 0.340000 0.002156
0.390000 0.350000 0.001793
0.390000 0.360000 0.001441
0.390000 0.370000 0.001120
0.390000 0.380000 0.000745
0.390000 0.390000 0.000000
0.390000 0.400000 -0.000562
0.390000 0.410000 -0.000894
0.390000 0.420000 0.000000
0.390000 0.430000 -0.001939
0.390000 0.440000 -0.002441
0.390000 0.450000 -0.002698
0.390000 0.460000 0.000000
0.390000 0.470000 0.000000
0.390000 0.480000 0.000000
0.390000 0.490000 0.000000
0.400000 0.000000 0.014479
0.400000 0.010000 0.013838
0.400000 0.020000 0.013489
0.400000 0.030000 0.013144
0.400000 0.040000 0.012799
0.400000 0.050000 0.012453
0.400000 0.060000 0.012107
0.400000 0.070000 0.011761
0.400000 0.080000 0.011415
0.400000 0.090000 0.011069
0.400000 0.100000 0.010723
0.400000 0.110000 0.010377
0.400000 0.120000 0.010031
0.400000 0.130000 0.009684
0.400000 0.140000 0.009338
0.400000 0.150000 0.008991
0.400000 0.160000 0.008644
0.400000 0.170000 0.008297
0.400000 0.180000 0.007950
0.400000 0.190000 0.007601
0.400000 0.200000 0.007252
0.400000 0.210000 0.006899
0.400000 0.220000 0.006505
0.400000 0.230000 0.006155
0.400000 0.240000 0.005805
0.400000 0.250000 0.005450
0.400000 0.260000 0.005094
0.400000 0.270000 0.004737
0.400000 0.280000 0.004378
0.400000 0.290000 0.004018
0.400000 0.300000 0.003651
0.400000 0.310000 0.003295
0.400000 0.320000 0.002895
0.400000 0.330000 0.002531
0.400000 0.340000 0.002147
0.400000 0.350000 0.001762
0.400000 0.360000 0.001418
0.400000 0.370000 0.001111
0.400000 0.380000 0.000707
0.400000 0.390000 0.000194
0.400000 0.400000 -0.000306
0.400000 0.410000 -0.000819
0.400000 0.420000 -0.001639
0.400000 0.430000 -0.001739
0.400000 0.440000 -0.001846
0.400000 0.450000 -0.002080
0.400000 0.460000 -0.002303
0.400000 0.470000 0.000000
0.400000 0.480000 0.000000
0.400000 0.490000 0.000000
0.410000 0.000000 0.014503
0.410000 0.010000 0.013819
0.410000 0.020000 0.013486
0.410000 0.030000 0.013144
0.410000 0.040000 0.012799
0.410000 0.050000 0.012453
0.410000 0.060000 0.012107
0.410000 0.070000 0.011761
0.410000 0.080000 0.011415
0.410000 0.090000 0.011069
0.410000 0.100000 0.010723
0.410000 0.110000 0.010377
0.410000 0.120000 0.010031
0.410000 0.130000 0.009684
0.410000 0.140000 0.009338
0.410000 0.150000 0.008992
0.410000 0.160000 0.008646
0.410000 0.170000 0.008299
0.410000 0.180000 0.007952
0.410000 0.190000 0.007606
0.410000 0.200000 0.007262
0.410000 0.210000 0.006858
0.410000 0.220000 0.006505
0.410000 0.230000 0.006154
0.410000 0.240000 0.005802
0.410000 0.250000 0.005448
0.410000 0.260000 0.005091
0.410000 0.270000 0.004735
0.410000 0.280000 0.004372
0.410000 0.290000 0.004021
0.410000 0.300000 0.003626
0.410000 0.310000 0.003271
0.410000 0.320000 0.002895
0.410000 0.330000 0.002520
0.410000 0.340000 0.002138
0.410000 0.350000 0.001752
0.410000 0.360000 0.001364
0.410000 0.370000 0.001070
0.410000 0.380000 0.000711
0.410000 0.390000 0.000296
0.410000 0.400000 -0.000056
0.410000 0.410000 -0.000382
0.410000 0.420000 -0.001355
0.410000 0.430000 -0.001531
0.410000 0.440000 -0.001759
0.410000 0.450000 -0.002081
0.410000 0.460000 -0.002234
0.410000 0.470000 0.000000
0.410000 0.480000 0.000000
0.410000 0.490000 0.000000
0.420000 0.000000 0.014452
0.420000 0.010000 0.013843
0.420000 0.020000 0.013495
0.420000 0.030000 0.013147
0.420000 0.040000 0.012800
0.420000 0.050000 0.012453
0.420000 0.060000 0.012107
0.420000 0.070000 0.011760
0.420000 0.080000 0.011414
0.420000 0.090000 0.011068
0.420000 0.100000 0.010722
0.420000 0.110000 0.010376
0.420000 0.120000 0.010031
0.420000 0.130000 0.009685
0.420000 0.140000 0.009339
0.420000 0.150000 0.008993
0.420000 0.160000 0.008647
0.420000 0.170000 0.008301
0.420000 0.180000 0.007955
0.420000 0.190000 0.007607
0.420000 0.200000 0.007252
0.420000 0.210000 0.006847
0.420000 0.220000 0.006502
0.420000 0.230000 0.006152
0.420000 0.240000 0.005801
0.420000 0.250000 0.005447
0.420000 0.260000 0.005086
0.420000 0.270000 0.004740
0.420000 0.280000 0.004349
0.420000 0.290000 0.004000
0.420000 0.300000 0.003631
0.420000 0.310000 0.003265
0.420000 0.320000 0.002891
0.420000 0.330000 0.002514
0.420000 0.340000 0.002131
0.420000 0.350000 0.001742
0.420000 0.360000 0.001354
0.420000 0.370000 0.001059
0.420000 0.380000 0.000730
0.420000 0.390000 0.000361
0.420000 0.400000 0.000048
0.420000 0.410000 -0.000512
0.420000 0.420000 -0.001205
0.420000 0.430000 -0.001515
0.420000 0.440000 -0.001744
0.420000 0.450000 -0.002128
0.420000 0.460000 0.000000
0.420000 0.470000 0.000000
0.420000 0.480000 0.000000
0.420000 0.490000 0.000000
0.430000 0.000000 0.014419
0.430000 0.010000 0.013865
0.430000 0.020000 0.013502
0.430000 0.030000 0.013150
0.430000 0.040000 0.012800
0.430000 0.050000 0.012453
0.430000 0.060000 0.012106
0.430000 0.070000 0.011760
0.430000 0.080000 0.011414
0.430000 0.090000 0.011068
0.430000 0.100000 0.010722
0.430000 0.110000 0.010376
0.430000 0.120000 0.010031
0.430000 0.130000 0.009685
0.430000 0.140000 0.009340
0.430000 0.150000 0.008995
0.430000 0.160000 0.008650
0.430000 0.170000 0.008305
0.430000 0.180000 0.007960
0.430000 0.190000 0.007617
0.430000 0.200000 0.007212
0.430000 0.210000 0.006855
0.430000 0.220000 0.006504
0.430000 0.230000 0.006152
0.430000 0.240000 0.005803
0.430000 0.250000 0.005452
0.430000 0.260000 0.005063
0.430000 0.270000 0.004719
0.430000 0.280000 0.004356
0.430000 0.290000 0.003996
0.430000 0.300000 0.003630
0.430000 0.310000 0.003262
0.430000 0.320000 0.002889
0.430000 0.330000 0.002511
0.430000 0.340000 0.002126
0.430000 0.350000 0.001729
0.430000 0.360000 0.001382
0.430000 0.370000 0.001082
0.430000 0.380000 0.000740
0.430000 0.390000 0.000371
0.430000 0.400000 0.000030
0.430000 0.410000 -0.000551
0.430000 0.420000 -0.001070
0.430000 0.430000 -0.001677
0.430000 0.440000 -0.001751
0.430000 0.450000 -0.002070
0.430000 0.460000 -0.002513
0.430000 0.470000 0.000000
0.430000 0.480000 0.000000
0.430000 0.490000 0.000000
0.440000 0.000000 0.014444
0.440000 0.010000 0.013858
0.440000 0.020000 0.013500
0.440000 0.030000 0.013148
0.440000 0.040000 0.012799
0.440000 0.050000 0.012452
0.440000 0.060000 0.012106
0.440000 0.070000 0.011759
0.440000 0.080000 0.011413
0.440000 0.090000 0.011068
0.440000 0.100000 0.010722
0.440000 0.110000 0.010377
0.440000 0.120000 0.010031
0.440000 0.130000 0.009686
0.440000 0.140000 0.009341
0.440000 0.150000 0.008997
0.440000 0.160000 0.008653
0.440000 0.170000 0.008309
0.440000 0.180000 0.007963
0.440000 0.190000 0.007608
0.440000 0.200000 0.007203
0.440000 0.210000 0.006857
0.440000 0.220000 0.006505
0.440000 0.230000 0.006147
0.440000 0.240000 0.005807
0.440000 0.250000 0.005420
0.440000 0.260000 0.005067
0.440000 0.270000 0.004715
0.440000 0.280000 0.004356
0.440000 0.290000 0.003995
0.440000 0.300000 0.003630
0.440000 0.310000 0.003261
0.440000 0.320000 0.002889
0.440000 0.330000 0.002511
0.440000 0.340000 0.002129
0.440000 0.350000 0.001741
0.440000 0.360000 0.001360
0.440000 0.370000 0.001094
0.440000 0.380000 0.000750
0.440000 0.390000 0.000372
0.440000 0.400000 0.000010
0.440000 0.410000 -0.000434
0.440000 0.420000 -0.000879
0.440000 0.430000 -0.001648
0.440000 0.440000 0.000000
0.440000 0.450000 0.000000
0.440000 0.460000 0.000000
0.440000 0.470000 0.000000
0.440000 0.480000 0.000000
0.440000 0.490000 0.000000
0.450000 0.000000 0.014486
0.450000 0.010000 0.013847
0.450000 0.020000 0.013491
0.450000 0.030000 0.013143
0.450000 0.040000 0.012797
0.450000 0.050000 0.012451
0.450000 0.060000 0.012105
0.450000 0.070000 0.011759
0.450000 0.080000 0.011413
0.450000 0.090000 0.011067
0.450000 0.100000 0.010722
0.450000 0.110000 0.010377
0.450000 0.120000 0.010032
0.450000 0.130000 0.009687
0.450000 0.140000 0.009343
0.450000 0.150000 0.008999
0.450000 0.160000 0.008656
0.450000 0.170000 0.008315
0.450000 0.180000 0.007977
0.450000 0.190000 0.007571
0.450000 0.200000 0.007214
0.450000 0.210000 0.006865
0.450000 0.220000 0.006511
0.450000 0.230000 0.006124
0.450000 0.240000 0.005784
0.450000 0.250000 0.005425
0.450000 0.260000 0.005070
0.450000 0.270000 0.004715
0.450000 0.280000 0.004356
0.450000 0.290000 0.003994
0.450000 0.300000 0.003630
0.450000 0.310000 0.003261
0.450000 0.320000 0.002889
0.450000 0.330000 0.002513
0.450000 0.340000 0.002132
0.450000 0.350000 0.001746
0.450000 0.360000 0.001355
0.450000 0.370000 0.001093
0.450000 0.380000 0.000749
0.450000 0.390000 0.000364
0.450000 0.400000 -0.000025
0.450000 0.410000 -0.000431
0.450000 0.420000 -0.000889
0.450000 0.430000 -0.001588
0.450000 0.440000 -0.002029
0.450000 0.450000 -0.002942
0.450000 0.460000 0.000000
0.450000 0.470000 0.000000
0.450000 0.480000 0.000000
0.450000 0.490000 0.000000
0.460000 0.000000 0.014564
0.460000 0.010000 0.013795
0.460000 0.020000 0.013474
0.460000 0.030000 0.013136
0.460000 0.040000 0.012794
0.460000 0.050000 0.012449
0.460000 0.060000 0.012104
0.460000 0.070000 0.011758
0.460000 0.080000 0.011413
0.460000 0.090000 0.011067
0.460000 0.100000 0.010722
0.460000 0.110000 0.010377
0.460000 0.120000 0.010032
0.460000 0.130000 0.009688
0.460000 0.140000 0.009344
0.460000 0.150000 0.009001
0.460000 0.160000 0.008659
0.460000 0.170000 0.008318
0.460000 0.180000 0.007980
0.460000 0.190000 0.007564
0.460000 0.200000 0.007218
0.460000 0.210000 0.006875
0.460000 0.220000 0.006476
0.460000 0.230000 0.006126
0.460000 0.240000 0.005779
0.460000 0.250000 0.005426
0.460000 0.260000 0.005071
0.460000 0.270000 0.004715
0.460000 0.280000 0.004356
0.460000 0.290000 0.003994
0.460000 0.300000 0.003630
0.460000 0.310000 0.003262
0.460000 0.320000 0.002891
0.460000 0.330000 0.002515
0.460000 0.340000 0.002136
0.460000 0.350000 0.001752
0.460000 0.360000 0.001359
0.460000 0.370000 0.001078
0.460000 0.380000 0.000738
0.460000 0.390000 0.000359
0.460000 0.400000 -0.000032
0.460000 0.410000 -0.000434
0.460000 0.420000 -0.000872
0.460000 0.430000 -0.001356
0.460000 0.440000 -0.001635
0.460000 0.450000 -0.001759
0.460000 0.460000 0.000000
0.460000 0.470000 0.000000
0.460000 0.480000 0.000000
0.460000 0.490000 0.000000
0.470000 0.000000 0.014525
0.470000 0.010000 0.013809
0.470000 0.020000 0.013475
0.470000 0.030000 0.013136
0.470000 0.040000 0.012793
0.470000 0.050000 0.012449
0.470000 0.060000 0.012104
0.470000 0.070000 0.011758
0.470000 0.080000 0.011413
0.470000 0.090000 0.011067
0.470000 0.100000 0.010722
0.470000 0.110000 0.010377
0.470000 0.120000 0.010032
0.470000 0.130000 0.009688
0.470000 0.140000 0.009345
0.470000 0.150000 0.009002
0.470000 0.160000 0.008660
0.470000 0.170000 0.008320
0.470000 0.180000 0.007982
0.470000 0.190000 0.007566
0.470000 0.200000 0.007217
0.470000 0.210000 0.006866
0.470000 0.220000 0.006467
0.470000 0.230000 0.006125
0.470000 0.240000 0.005777
0.470000 0.250000 0.005425
0.470000 0.260000 0.005071
0.470000 0.270000 0.004715
0.470000 0.280000 0.004356
0.470000 0.290000 0.003995
0.470000 0.300000 0.003630
0.470000 0.310000 0.003263
0.470000 0.320000 0.002892
0.470000 0.330000 0.002518
0.470000 0.340000 0.002142
0.470000 0.350000 0.001763
0.470000 0.360000 0.001385
0.470000 0.370000 0.001025
0.470000 0.380000 0.000736
0.470000 0.390000 0.000364
0.470000 0.400000 -0.000024
0.470000 0.410000 -0.000462
0.470000 0.420000 -0.000928
0.470000 0.430000 -0.001194
0.470000 0.440000 -0.001597
0.470000 0.450000 -0.001863
0.470000 0.460000 -0.001949
0.470000 0.470000 0.000000
0.470000 0.480000 0.000000
0.470000 0.490000 0.000000
0.480000 0.000000 0.014483
0.480000 0.010000 0.013812
0.480000 0.020000 0.013482
0.480000 0.030000 0.013139
0.480000 0.040000 0.012795
0.480000 0.050000 0.012449
0.480000 0.060000 0.012104
0.480000 0.070000 0.011758
0.480000 0.080000 0.011413
0.480000 0.090000 0.011067
0.480000 0.100000 0.010722
0.480000 0.110000 0.010377
0.480000 0.120000 0.010033
0.480000 0.130000 0.009689
0.480000 0.140000 0.009345
0.480000 0.150000 0.009002
0.480000 0.160000 0.008661
0.480000 0.170000 0.008321
0.480000 0.180000 0.007984
0.480000 0.190000 0.007580
0.480000 0.200000 0.007219
0.480000 0.210000 0.006828
0.480000 0.220000 0.006475
0.480000 0.230000 0.006126
0.480000 0.240000 0.005777
0.480000 0.250000 0.005425
0.480000 0.260000 0.005071
0.480000 0.270000 0.004715
0.480000 0.280000 0.004356
0.480000 0.290000 0.003995
0.480000 0.300000 0.003630
0.480000 0.310000 0.003263
0.480000 0.320000 0.002893
0.480000 0.330000 0.002521
0.480000 0.340000 0.002146
0.480000 0.350000 0.001771
0.480000 0.360000 0.001397
0.480000 0.370000 0.001025
0.480000 0.380000 0.000718
0.480000 0.390000 0.000345
0.480000 0.400000 -0.000038
0.480000 0.410000 -0.000504
0.480000 0.420000 -0.000916
0.480000 0.430000 -0.001097
0.480000 0.440000 -0.001591
0.480000 0.450000 -0.001902
0.480000 0.460000 0.000000
0.480000 0.470000 0.000000
0.480000 0.480000 0.000000
0.480000 0.490000 0.000000
0.490000 0.000000 0.014383
0.490000 0.010000 0.013873
0.490000 0.020000 0.013501
0.490000 0.030000 0.013146
0.490000 0.040000 0.012797
0.490000 0.050000 0.012450
0.490000 0.060000 0.012104
0.490000 0.070000 0.011758
0.490000 0.080000 0.011413
0.490000 0.090000 0.011067
0.490000 0.100000 0.010722
0.490000 0.110000 0.010377
0.490000 0.120000 0.010033
0.490000 0.130000 0.009689
0.490000 0.140000 0.009345
0.490000 0.150000 0.009003
0.490000 0.160000 0.008661
0.490000 0.170000 0.008319
0.490000 0.180000 0.007977
0.490000 0.190000 0.007628
0.490000 0.200000 0.007174
0.490000 0.210000 0.006827
0.490000 0.220000 0.006477
0.490000 0.230000 0.006127
0.490000 0.240000 0.005777
0.490000 0.250000 0.005425
0.490000 0.260000 0.005071
0.490000 0.270000 0.004715
0.490000 0.280000 0.004356
0.490000 0.290000 0.003995
0.490000 0.300000 0.003631
0.490000 0.310000 0.003264
0.490000 0.320000 0.002894
0.490000 0.330000 0.002522
0.490000 0.340000 0.002149
0.490000 0.350000 0.001776
0.490000 0.360000 0.001405
0.490000 0.370000 0.001042
0.490000 0.380000 0.000696
0.490000 0.390000 0.000324
0.490000 0.400000 -0.000070
0.490000 0.410000 -0.000497
0.490000 0.420000 -0.000913
0.490000 0.430000 -0.001039
0.490000 0.440000 -0.001595
0.490000 0.450000 -0.001917
0.490000 0.460000 0.000000
0.490000 0.470000 0.000000
0.490000 0.480000 0.000000
0.490000 0.490000 0.000000
