0 0 6
0 1 4
0 2 3
0 3 4
0 4 4
0 5 4
0 6 4
0 7 4
0 8 3
0 9 3
0 10 7
0 11 2
0 12 8
0 13 2
0 14 4
0 15 5
0 16 4
0 17 5
0 18 6
0 19 5
0 20 4
0 21 3
0 22 5
0 23 7
0 24 4
0 25 6
0 26 2
0 27 5
0 28 5
0 29 4
0 30 4
0 31 2
0 32 4
0 33 4
0 34 5
0 35 4
0 36 2
0 37 5
0 38 2
0 39 6
0 40 1
0 41 3
0 42 3
0 43 1
0 44 4
0 45 6
0 46 2
0 47 4
0 48 1
0 49 3
0 50 4
0 51 2
0 52 3
0 53 5
0 54 5
0 55 1
0 56 2
0 57 0
0 58 0
0 59 0
0 60 0
0 61 0
0 62 0
0 63 0
1 0 8
1 1 2
1 2 9
1 3 5
1 4 6
1 5 5
1 6 6
1 7 4
1 8 5
1 9 6
1 10 2
1 11 4
1 12 7
1 13 2
1 14 4
1 15 5
1 16 3
1 17 8
1 18 4
1 19 2
1 20 3
1 21 6
1 22 3
1 23 3
1 24 3
1 25 8
1 26 3
1 27 3
1 28 3
1 29 5
1 30 4
1 31 5
1 32 4
1 33 3
1 34 3
1 35 2
1 36 5
1 37 4
1 38 5
1 39 6
1 40 4
1 41 3
1 42 4
1 43 5
1 44 5
1 45 3
1 46 5
1 47 2
1 48 3
1 49 5
1 50 4
1 51 4
1 52 3
1 53 4
1 54 3
1 55 4
1 56 0
1 57 0
1 58 0
1 59 0
1 60 0
1 61 0
1 62 0
1 63 0
2 0 5
2 1 5
2 2 4
2 3 4
2 4 7
2 5 4
2 6 3
2 7 7
2 8 6
2 9 3
2 10 6
2 11 6
2 12 3
2 13 5
2 14 6
2 15 7
2 16 4
2 17 3
2 18 2
2 19 10
2 20 3
2 21 1
2 22 3
2 23 4
2 24 2
2 25 6
2 26 6
2 27 5
2 28 3
2 29 3
2 30 5
2 31 4
2 32 5
2 33 4
2 34 2
2 35 6
2 36 4
2 37 5
2 38 3
2 39 2
2 40 3
2 41 6
2 42 7
2 43 6
2 44 5
2 45 3
2 46 2
2 47 4
2 48 5
2 49 4
2 50 5
2 51 3
2 52 3
2 53 2
2 54 2
2 55 3
2 56 1
2 57 0
2 58 0
2 59 0
2 60 0
2 61 0
2 62 0
2 63 0
3 0 5
3 1 9
3 2 1
3 3 4
3 4 3
3 5 6
3 6 10
3 7 4
3 8 6
3 9 6
3 10 3
3 11 3
3 12 5
3 13 6
3 14 7
3 15 2
3 16 5
3 17 1
3 18 7
3 19 5
3 20 1
3 21 8
3 22 5
3 23 6
3 24 2
3 25 6
3 26 2
3 27 4
3 28 5
3 29 5
3 30 4
3 31 4
3 32 4
3 33 3
3 34 4
3 35 5
3 36 5
3 37 5
3 38 5
3 39 4
3 40 2
3 41 3
3 42 1
3 43 2
3 44 3
3 45 2
3 46 1
3 47 3
3 48 4
3 49 5
3 50 3
3 51 5
3 52 5
3 53 1
3 54 4
3 55 3
3 56 0
3 57 0
3 58 0
3 59 0
3 60 0
3 61 0
3 62 0
3 63 0
4 0 6
4 1 6
4 2 3
4 3 6
4 4 4
4 5 2
4 6 5
4 7 1
4 8 9
4 9 4
4 10 6
4 11 2
4 12 7
4 13 2
4 14 6
4 15 7
4 16 8
4 17 7
4 18 3
4 19 7
4 20 6
4 21 5
4 22 2
4 23 4
4 24 7
4 25 4
4 26 5
4 27 2
4 28 5
4 29 3
4 30 6
4 31 5
4 32 6
4 33 4
4 34 5
4 35 3
4 36 3
4 37 4
4 38 6
4 39 4
4 40 4
4 41 6
4 42 5
4 43 6
4 44 5
4 45 1
4 46 7
4 47 5
4 48 2
4 49 3
4 50 2
4 51 4
4 52 2
4 53 4
4 54 3
4 55 1
4 56 2
4 57 0
4 58 0
4 59 0
4 60 0
4 61 0
4 62 0
4 63 0
5 0 5
5 1 4
5 2 3
5 3 4
5 4 8
5 5 2
5 6 7
5 7 6
5 8 4
5 9 4
5 10 7
5 11 4
5 12 5
5 13 5
5 14 3
5 15 6
5 16 3
5 17 4
5 18 5
5 19 6
5 20 0
5 21 2
5 22 4
5 23 6
5 24 5
5 25 3
5 26 2
5 27 7
5 28 5
5 29 3
5 30 4
5 31 1
5 32 3
5 33 2
5 34 5
5 35 5
5 36 3
5 37 6
5 38 3
5 39 5
5 40 2
5 41 2
5 42 6
5 43 1
5 44 4
5 45 4
5 46 4
5 47 3
5 48 6
5 49 4
5 50 4
5 51 5
5 52 4
5 53 1
5 54 5
5 55 0
5 56 0
5 57 0
5 58 0
5 59 0
5 60 0
5 61 0
5 62 0
5 63 0
6 0 3
6 1 9
6 2 4
6 3 3
6 4 6
6 5 3
6 6 7
6 7 4
6 8 5
6 9 6
6 10 2
6 11 6
6 12 3
6 13 6
6 14 5
6 15 4
6 16 6
6 17 7
6 18 4
6 19 6
6 20 5
6 21 6
6 22 6
6 23 2
6 24 3
6 25 5
6 26 3
6 27 3
6 28 0
6 29 3
6 30 4
6 31 5
6 32 6
6 33 4
6 34 3
6 35 3
6 36 1
6 37 4
6 38 6
6 39 1
6 40 3
6 41 4
6 42 2
6 43 5
6 44 6
6 45 5
6 46 3
6 47 3
6 48 5
6 49 1
6 50 4
6 51 3
6 52 3
6 53 3
6 54 3
6 55 0
6 56 0
6 57 0
6 58 0
6 59 0
6 60 0
6 61 0
6 62 0
6 63 0
7 0 5
7 1 6
7 2 5
7 3 5
7 4 2
7 5 7
7 6 7
7 7 1
7 8 4
7 9 7
7 10 7
7 11 6
7 12 4
7 13 6
7 14 2
7 15 6
7 16 2
7 17 5
7 18 1
7 19 3
7 20 3
7 21 5
7 22 3
7 23 3
7 24 6
7 25 5
7 26 6
7 27 6
7 28 3
7 29 4
7 30 1
7 31 4
7 32 6
7 33 3
7 34 4
7 35 7
7 36 4
7 37 2
7 38 4
7 39 5
7 40 5
7 41 3
7 42 1
7 43 4
7 44 5
7 45 5
7 46 4
7 47 4
7 48 2
7 49 2
7 50 5
7 51 3
7 52 3
7 53 2
7 54 1
7 55 1
7 56 0
7 57 0
7 58 0
7 59 0
7 60 0
7 61 0
7 62 0
7 63 0
8 0 5
8 1 2
8 2 2
8 3 4
8 4 3
8 5 4
8 6 8
8 7 3
8 8 6
8 9 3
8 10 3
8 11 4
8 12 7
8 13 5
8 14 7
8 15 5
8 16 3
8 17 5
8 18 6
8 19 3
8 20 7
8 21 2
8 22 4
8 23 3
8 24 4
8 25 3
8 26 2
8 27 6
8 28 10
8 29 4
8 30 2
8 31 6
8 32 3
8 33 4
8 34 7
8 35 4
8 36 5
8 37 5
8 38 5
8 39 3
8 40 4
8 41 4
8 42 0
8 43 3
8 44 3
8 45 5
8 46 3
8 47 3
8 48 3
8 49 2
8 50 4
8 51 4
8 52 3
8 53 3
8 54 1
8 55 0
8 56 0
8 57 0
8 58 0
8 59 0
8 60 0
8 61 0
8 62 0
8 63 0
9 0 4
9 1 4
9 2 7
9 3 7
9 4 2
9 5 6
9 6 7
9 7 4
9 8 7
9 9 6
9 10 7
9 11 5
9 12 6
9 13 2
9 14 1
9 15 4
9 16 4
9 17 6
9 18 3
9 19 3
9 20 4
9 21 4
9 22 5
9 23 4
9 24 3
9 25 5
9 26 3
9 27 7
9 28 0
9 29 3
9 30 4
9 31 3
9 32 5
9 33 1
9 34 2
9 35 3
9 36 3
9 37 4
9 38 4
9 39 3
9 40 3
9 41 3
9 42 5
9 43 4
9 44 4
9 45 1
9 46 4
9 47 3
9 48 3
9 49 3
9 50 2
9 51 5
9 52 1
9 53 1
9 54 1
9 55 0
9 56 0
9 57 0
9 58 0
9 59 0
9 60 0
9 61 0
9 62 0
9 63 0
10 0 2
10 1 8
10 2 3
10 3 2
10 4 5
10 5 2
10 6 3
10 7 4
10 8 4
10 9 4
10 10 4
10 11 5
10 12 6
10 13 5
10 14 7
10 15 5
10 16 5
10 17 3
10 18 4
10 19 5
10 20 4
10 21 6
10 22 7
10 23 3
10 24 6
10 25 6
10 26 4
10 27 5
10 28 3
10 29 3
10 30 5
10 31 3
10 32 4
10 33 2
10 34 6
10 35 4
10 36 2
10 37 2
10 38 2
10 39 1
10 40 6
10 41 4
10 42 5
10 43 3
10 44 4
10 45 3
10 46 5
10 47 4
10 48 5
10 49 4
10 50 2
10 51 5
10 52 4
10 53 3
10 54 1
10 55 0
10 56 0
10 57 0
10 58 0
10 59 0
10 60 0
10 61 0
10 62 0
10 63 0
11 0 7
11 1 4
11 2 5
11 3 3
11 4 7
11 5 4
11 6 7
11 7 3
11 8 2
11 9 5
11 10 4
11 11 3
11 12 4
11 13 3
11 14 6
11 15 6
11 16 3
11 17 4
11 18 6
11 19 3
11 20 4
11 21 4
11 22 3
11 23 6
11 24 4
11 25 4
11 26 4
11 27 3
11 28 2
11 29 4
11 30 5
11 31 7
11 32 4
11 33 4
11 34 5
11 35 4
11 36 3
11 37 6
11 38 6
11 39 7
11 40 6
11 41 4
11 42 4
11 43 3
11 44 4
11 45 3
11 46 3
11 47 4
11 48 4
11 49 3
11 50 2
11 51 3
11 52 2
11 53 1
11 54 1
11 55 0
11 56 0
11 57 0
11 58 0
11 59 0
11 60 0
11 61 0
11 62 0
11 63 0
12 0 3
12 1 4
12 2 7
12 3 7
12 4 3
12 5 3
12 6 4
12 7 2
12 8 6
12 9 6
12 10 7
12 11 4
12 12 1
12 13 5
12 14 3
12 15 7
12 16 5
12 17 5
12 18 4
12 19 4
12 20 5
12 21 3
12 22 4
12 23 2
12 24 4
12 25 5
12 26 4
12 27 6
12 28 4
12 29 3
12 30 4
12 31 4
12 32 1
12 33 6
12 34 2
12 35 4
12 36 3
12 37 2
12 38 3
12 39 3
12 40 4
12 41 5
12 42 5
12 43 2
12 44 3
12 45 2
12 46 3
12 47 4
12 48 3
12 49 4
12 50 1
12 51 4
12 52 3
12 53 0
12 54 0
12 55 0
12 56 0
12 57 0
12 58 0
12 59 0
12 60 0
12 61 0
12 62 0
12 63 0
13 0 4
13 1 2
13 2 6
13 3 4
13 4 4
13 5 2
13 6 7
13 7 3
13 8 4
13 9 3
13 10 5
13 11 5
13 12 5
13 13 4
13 14 5
13 15 2
13 16 3
13 17 4
13 18 5
13 19 1
13 20 8
13 21 4
13 22 1
13 23 5
13 24 4
13 25 4
13 26 3
13 27 4
13 28 6
13 29 6
13 30 4
13 31 3
13 32 3
13 33 1
13 34 5
13 35 5
13 36 5
13 37 7
13 38 3
13 39 2
13 40 3
13 41 3
13 42 3
13 43 5
13 44 3
13 45 3
13 46 5
13 47 4
13 48 3
13 49 2
13 50 5
13 51 2
13 52 0
13 53 0
13 54 0
13 55 0
13 56 0
13 57 0
13 58 0
13 59 0
13 60 0
13 61 0
13 62 0
13 63 0
14 0 6
14 1 3
14 2 5
14 3 3
14 4 6
14 5 4
14 6 5
14 7 3
14 8 4
14 9 6
14 10 5
14 11 2
14 12 8
14 13 4
14 14 8
14 15 2
14 16 4
14 17 4
14 18 3
14 19 5
14 20 3
14 21 2
14 22 2
14 23 5
14 24 4
14 25 6
14 26 2
14 27 5
14 28 3
14 29 3
14 30 2
14 31 3
14 32 2
14 33 3
14 34 2
14 35 4
14 36 4
14 37 1
14 38 4
14 39 4
14 40 3
14 41 4
14 42 2
14 43 4
14 44 0
14 45 4
14 46 3
14 47 3
14 48 5
14 49 2
14 50 0
14 51 1
14 52 0
14 53 0
14 54 0
14 55 0
14 56 0
14 57 0
14 58 0
14 59 0
14 60 0
14 61 0
14 62 0
14 63 0
15 0 4
15 1 5
15 2 8
15 3 3
15 4 4
15 5 7
15 6 5
15 7 4
15 8 4
15 9 2
15 10 2
15 11 4
15 12 2
15 13 4
15 14 3
15 15 5
15 16 5
15 17 3
15 18 3
15 19 3
15 20 7
15 21 6
15 22 4
15 23 4
15 24 5
15 25 0
15 26 3
15 27 3
15 28 2
15 29 3
15 30 5
15 31 4
15 32 5
15 33 6
15 34 5
15 35 2
15 36 5
15 37 4
15 38 3
15 39 5
15 40 4
15 41 2
15 42 3
15 43 3
15 44 3
15 45 1
15 46 1
15 47 2
15 48 0
15 49 1
15 50 0
15 51 0
15 52 0
15 53 0
15 54 0
15 55 0
15 56 0
15 57 0
15 58 0
15 59 0
15 60 0
15 61 0
15 62 0
15 63 0
16 0 4
16 1 4
16 2 1
16 3 4
16 4 3
16 5 3
16 6 4
16 7 5
16 8 3
16 9 3
16 10 4
16 11 4
16 12 5
16 13 6
16 14 2
16 15 3
16 16 3
16 17 3
16 18 5
16 19 4
16 20 3
16 21 1
16 22 3
16 23 4
16 24 2
16 25 2
16 26 4
16 27 5
16 28 3
16 29 4
16 30 3
16 31 1
16 32 4
16 33 1
16 34 1
16 35 3
16 36 1
16 37 1
16 38 2
16 39 1
16 40 2
16 41 1
16 42 3
16 43 0
16 44 1
16 45 0
16 46 0
16 47 0
16 48 0
16 49 0
16 50 0
16 51 0
16 52 0
16 53 0
16 54 0
16 55 0
16 56 0
16 57 0
16 58 0
16 59 0
16 60 0
16 61 0
16 62 0
16 63 0
17 0 3
17 1 5
17 2 6
17 3 2
17 4 4
17 5 3
17 6 5
17 7 8
17 8 5
17 9 4
17 10 6
17 11 3
17 12 3
17 13 2
17 14 5
17 15 2
17 16 4
17 17 2
17 18 5
17 19 4
17 20 5
17 21 6
17 22 3
17 23 1
17 24 2
17 25 1
17 26 3
17 27 0
17 28 0
17 29 1
17 30 1
17 31 0
17 32 1
17 33 0
17 34 0
17 35 0
17 36 0
17 37 0
17 38 0
17 39 0
17 40 0
17 41 0
17 42 0
17 43 0
17 44 0
17 45 0
17 46 0
17 47 0
17 48 0
17 49 0
17 50 0
17 51 0
17 52 0
17 53 0
17 54 0
17 55 0
17 56 0
17 57 0
17 58 0
17 59 0
17 60 0
17 61 0
17 62 0
17 63 0
18 0 5
18 1 2
18 2 6
18 3 3
18 4 6
18 5 5
18 6 3
18 7 2
18 8 3
18 9 4
18 10 5
18 11 4
18 12 4
18 13 6
18 14 3
18 15 4
18 16 5
18 17 3
18 18 3
18 19 0
18 20 0
18 21 0
18 22 0
18 23 0
18 24 0
18 25 0
18 26 0
18 27 0
18 28 0
18 29 0
18 30 0
18 31 0
18 32 0
18 33 0
18 34 0
18 35 0
18 36 0
18 37 0
18 38 0
18 39 0
18 40 0
18 41 0
18 42 0
18 43 0
18 44 0
18 45 0
18 46 0
18 47 0
18 48 0
18 49 0
18 50 0
18 51 0
18 52 0
18 53 0
18 54 0
18 55 0
18 56 0
18 57 0
18 58 0
18 59 0
18 60 0
18 61 0
18 62 0
18 63 0
19 0 4
19 1 4
19 2 4
19 3 4
19 4 5
19 5 2
19 6 6
19 7 4
19 8 3
19 9 6
19 10 6
19 11 2
19 12 3
19 13 4
19 14 4
19 15 2
19 16 1
19 17 0
19 18 0
19 19 0
19 20 0
19 21 0
19 22 0
19 23 0
19 24 0
19 25 0
19 26 0
19 27 0
19 28 0
19 29 0
19 30 0
19 31 0
19 32 0
19 33 0
19 34 0
19 35 0
19 36 0
19 37 0
19 38 0
19 39 0
19 40 0
19 41 0
19 42 0
19 43 0
19 44 0
19 45 0
19 46 0
19 47 0
19 48 0
19 49 0
19 50 0
19 51 0
19 52 0
19 53 0
19 54 0
19 55 0
19 56 0
19 57 0
19 58 0
19 59 0
19 60 0
19 61 0
19 62 0
19 63 0
20 0 5
20 1 4
20 2 5
20 3 3
20 4 6
20 5 1
20 6 4
20 7 4
20 8 6
20 9 3
20 10 1
20 11 4
20 12 3
20 13 0
20 14 0
20 15 0
20 16 0
20 17 0
20 18 0
20 19 0
20 20 0
20 21 0
20 22 0
20 23 0
20 24 0
20 25 0
20 26 0
20 27 0
20 28 0
20 29 0
20 30 0
20 31 0
20 32 0
20 33 0
20 34 0
20 35 0
20 36 0
20 37 0
20 38 0
20 39 0
20 40 0
20 41 0
20 42 0
20 43 0
20 44 0
20 45 0
20 46 0
20 47 0
20 48 0
20 49 0
20 50 0
20 51 0
20 52 0
20 53 0
20 54 0
20 55 0
20 56 0
20 57 0
20 58 0
20 59 0
20 60 0
20 61 0
20 62 0
20 63 0
21 0 1
21 1 2
21 2 6
21 3 5
21 4 4
21 5 6
21 6 4
21 7 2
21 8 1
21 9 3
21 10 0
21 11 2
21 12 0
21 13 0
21 14 0
21 15 0
21 16 0
21 17 0
21 18 0
21 19 0
21 20 0
21 21 0
21 22 0
21 23 0
21 24 0
21 25 0
21 26 0
21 27 0
21 28 0
21 29 0
21 30 0
21 31 0
21 32 0
21 33 0
21 34 0
21 35 0
21 36 0
21 37 0
21 38 0
21 39 0
21 40 0
21 41 0
21 42 0
21 43 0
21 44 0
21 45 0
21 46 0
21 47 0
21 48 0
21 49 0
21 50 0
21 51 0
21 52 0
21 53 0
21 54 0
21 55 0
21 56 0
21 57 0
21 58 0
21 59 0
21 60 0
21 61 0
21 62 0
21 63 0
22 0 2
22 1 5
22 2 2
22 3 4
22 4 2
22 5 2
22 6 3
22 7 3
22 8 3
22 9 2
22 10 1
22 11 1
22 12 0
22 13 0
22 14 0
22 15 0
22 16 0
22 17 0
22 18 0
22 19 0
22 20 0
22 21 0
22 22 0
22 23 0
22 24 0
22 25 0
22 26 0
22 27 0
22 28 0
22 29 0
22 30 0
22 31 0
22 32 0
22 33 0
22 34 0
22 35 0
22 36 0
22 37 0
22 38 0
22 39 0
22 40 0
22 41 0
22 42 0
22 43 0
22 44 0
22 45 0
22 46 0
22 47 0
22 48 0
22 49 0
22 50 0
22 51 0
22 52 0
22 53 0
22 54 0
22 55 0
22 56 0
22 57 0
22 58 0
22 59 0
22 60 0
22 61 0
22 62 0
22 63 0
23 0 3
23 1 5
23 2 4
23 3 6
23 4 3
23 5 4
23 6 1
23 7 4
23 8 2
23 9 0
23 10 0
23 11 0
23 12 0
23 13 0
23 14 0
23 15 0
23 16 0
23 17 0
23 18 0
23 19 0
23 20 0
23 21 0
23 22 0
23 23 0
23 24 0
23 25 0
23 26 0
23 27 0
23 28 0
23 29 0
23 30 0
23 31 0
23 32 0
23 33 0
23 34 0
23 35 0
23 36 0
23 37 0
23 38 0
23 39 0
23 40 0
23 41 0
23 42 0
23 43 0
23 44 0
23 45 0
23 46 0
23 47 0
23 48 0
23 49 0
23 50 0
23 51 0
23 52 0
23 53 0
23 54 0
23 55 0
23 56 0
23 57 0
23 58 0
23 59 0
23 60 0
23 61 0
23 62 0
23 63 0
24 0 2
24 1 3
24 2 2
24 3 3
24 4 3
24 5 8
24 6 2
24 7 0
24 8 0
24 9 0
24 10 0
24 11 0
24 12 0
24 13 0
24 14 0
24 15 0
24 16 0
24 17 0
24 18 0
24 19 0
24 20 0
24 21 0
24 22 0
24 23 0
24 24 0
24 25 0
24 26 0
24 27 0
24 28 0
24 29 0
24 30 0
24 31 0
24 32 0
24 33 0
24 34 0
24 35 0
24 36 0
24 37 0
24 38 0
24 39 0
24 40 0
24 41 0
24 42 0
24 43 0
24 44 0
24 45 0
24 46 0
24 47 0
24 48 0
24 49 0
24 50 0
24 51 0
24 52 0
24 53 0
24 54 0
24 55 0
24 56 0
24 57 0
24 58 0
24 59 0
24 60 0
24 61 0
24 62 0
24 63 0
25 0 6
25 1 5
25 2 4
25 3 5
25 4 2
25 5 0
25 6 0
25 7 0
25 8 0
25 9 0
25 10 0
25 11 0
25 12 0
25 13 0
25 14 0
25 15 0
25 16 0
25 17 0
25 18 0
25 19 0
25 20 0
25 21 0
25 22 0
25 23 0
25 24 0
25 25 0
25 26 0
25 27 0
25 28 0
25 29 0
25 30 0
25 31 0
25 32 0
25 33 0
25 34 0
25 35 0
25 36 0
25 37 0
25 38 0
25 39 0
25 40 0
25 41 0
25 42 0
25 43 0
25 44 0
25 45 0
25 46 0
25 47 0
25 48 0
25 49 0
25 50 0
25 51 0
25 52 0
25 53 0
25 54 0
25 55 0
25 56 0
25 57 0
25 58 0
25 59 0
25 60 0
25 61 0
25 62 0
25 63 0
26 0 2
26 1 3
26 2 3
26 3 4
26 4 0
26 5 0
26 6 0
26 7 0
26 8 0
26 9 0
26 10 0
26 11 0
26 12 0
26 13 0
26 14 0
26 15 0
26 16 0
26 17 0
26 18 0
26 19 0
26 20 0
26 21 0
26 22 0
26 23 0
26 24 0
26 25 0
26 26 0
26 27 0
26 28 0
26 29 0
26 30 0
26 31 0
26 32 0
26 33 0
26 34 0
26 35 0
26 36 0
26 37 0
26 38 0
26 39 0
26 40 0
26 41 0
26 42 0
26 43 0
26 44 0
26 45 0
26 46 0
26 47 0
26 48 0
26 49 0
26 50 0
26 51 0
26 52 0
26 53 0
26 54 0
26 55 0
26 56 0
26 57 0
26 58 0
26 59 0
26 60 0
26 61 0
26 62 0
26 63 0
27 0 3
27 1 2
27 2 1
27 3 1
27 4 0
27 5 0
27 6 0
27 7 0
27 8 0
27 9 0
27 10 0
27 11 0
27 12 0
27 13 0
27 14 0
27 15 0
27 16 0
27 17 0
27 18 0
27 19 0
27 20 0
27 21 0
27 22 0
27 23 0
27 24 0
27 25 0
27 26 0
27 27 0
27 28 0
27 29 0
27 30 0
27 31 0
27 32 0
27 33 0
27 34 0
27 35 0
27 36 0
27 37 0
27 38 0
27 39 0
27 40 0
27 41 0
27 42 0
27 43 0
27 44 0
27 45 0
27 46 0
27 47 0
27 48 0
27 49 0
27 50 0
27 51 0
27 52 0
27 53 0
27 54 0
27 55 0
27 56 0
27 57 0
27 58 0
27 59 0
27 60 0
27 61 0
27 62 0
27 63 0
28 0 2
28 1 2
28 2 0
28 3 0
28 4 0
28 5 0
28 6 0
28 7 0
28 8 0
28 9 0
28 10 0
28 11 0
28 12 0
28 13 0
28 14 0
28 15 0
28 16 0
28 17 0
28 18 0
28 19 0
28 20 0
28 21 0
28 22 0
28 23 0
28 24 0
28 25 0
28 26 0
28 27 0
28 28 0
28 29 0
28 30 0
28 31 0
28 32 0
28 33 0
28 34 0
28 35 0
28 36 0
28 37 0
28 38 0
28 39 0
28 40 0
28 41 0
28 42 0
28 43 0
28 44 0
28 45 0
28 46 0
28 47 0
28 48 0
28 49 0
28 50 0
28 51 0
28 52 0
28 53 0
28 54 0
28 55 0
28 56 0
28 57 0
28 58 0
28 59 0
28 60 0
28 61 0
28 62 0
28 63 0
29 0 0
29 1 0
29 2 0
29 3 0
29 4 0
29 5 0
29 6 0
29 7 0
29 8 0
29 9 0
29 10 0
29 11 0
29 12 0
29 13 0
29 14 0
29 15 0
29 16 0
29 17 0
29 18 0
29 19 0
29 20 0
29 21 0
29 22 0
29 23 0
29 24 0
29 25 0
29 26 0
29 27 0
29 28 0
29 29 0
29 30 0
29 31 0
29 32 0
29 33 0
29 34 0
29 35 0
29 36 0
29 37 0
29 38 0
29 39 0
29 40 0
29 41 0
29 42 0
29 43 0
29 44 0
29 45 0
29 46 0
29 47 0
29 48 0
29 49 0
29 50 0
29 51 0
29 52 0
29 53 0
29 54 0
29 55 0
29 56 0
29 57 0
29 58 0
29 59 0
29 60 0
29 61 0
29 62 0
29 63 0
30 0 0
30 1 0
30 2 0
30 3 0
30 4 0
30 5 0
30 6 0
30 7 0
30 8 0
30 9 0
30 10 0
30 11 0
30 12 0
30 13 0
30 14 0
30 15 0
30 16 0
30 17 0
30 18 0
30 19 0
30 20 0
30 21 0
30 22 0
30 23 0
30 24 0
30 25 0
30 26 0
30 27 0
30 28 0
30 29 0
30 30 0
30 31 0
30 32 0
30 33 0
30 34 0
30 35 0
30 36 0
30 37 0
30 38 0
30 39 0
30 40 0
30 41 0
30 42 0
30 43 0
30 44 0
30 45 0
30 46 0
30 47 0
30 48 0
30 49 0
30 50 0
30 51 0
30 52 0
30 53 0
30 54 0
30 55 0
30 56 0
30 57 0
30 58 0
30 59 0
30 60 0
30 61 0
30 62 0
30 63 0
31 0 0
31 1 0
31 2 0
31 3 0
31 4 0
31 5 0
31 6 0
31 7 0
31 8 0
31 9 0
31 10 0
31 11 0
31 12 0
31 13 0
31 14 0
31 15 0
31 16 0
31 17 0
31 18 0
31 19 0
31 20 0
31 21 0
31 22 0
31 23 0
31 24 0
31 25 0
31 26 0
31 27 0
31 28 0
31 29 0
31 30 0
31 31 0
31 32 0
31 33 0
31 34 0
31 35 0
31 36 0
31 37 0
31 38 0
31 39 0
31 40 0
31 41 0
31 42 0
31 43 0
31 44 0
31 45 0
31 46 0
31 47 0
31 48 0
31 49 0
31 50 0
31 51 0
31 52 0
31 53 0
31 54 0
31 55 0
31 56 0
31 57 0
31 58 0
31 59 0
31 60 0
31 61 0
31 62 0
31 63 0
32 0 0
32 1 0
32 2 0
32 3 0
32 4 0
32 5 0
32 6 0
32 7 0
32 8 0
32 9 0
32 10 0
32 11 0
32 12 0
32 13 0
32 14 0
32 15 0
32 16 0
32 17 0
32 18 0
32 19 0
32 20 0
32 21 0
32 22 0
32 23 0
32 24 0
32 25 0
32 26 0
32 27 0
32 28 0
32 29 0
32 30 0
32 31 0
32 32 0
32 33 0
32 34 0
32 35 0
32 36 0
32 37 0
32 38 0
32 39 0
32 40 0
32 41 0
32 42 0
32 43 0
32 44 0
32 45 0
32 46 0
32 47 0
32 48 0
32 49 0
32 50 0
32 51 0
32 52 0
32 53 0
32 54 0
32 55 0
32 56 0
32 57 0
32 58 0
32 59 0
32 60 0
32 61 0
32 62 0
32 63 0
33 0 0
33 1 0
33 2 0
33 3 0
33 4 0
33 5 0
33 6 0
33 7 0
33 8 0
33 9 0
33 10 0
33 11 0
33 12 0
33 13 0
33 14 0
33 15 0
33 16 0
33 17 0
33 18 0
33 19 0
33 20 0
33 21 0
33 22 0
33 23 0
33 24 0
33 25 0
33 26 0
33 27 0
33 28 0
33 29 0
33 30 0
33 31 0
33 32 0
33 33 0
33 34 0
33 35 0
33 36 0
33 37 0
33 38 0
33 39 0
33 40 0
33 41 0
33 42 0
33 43 0
33 44 0
33 45 0
33 46 0
33 47 0
33 48 0
33 49 0
33 50 0
33 51 0
33 52 0
33 53 0
33 54 0
33 55 0
33 56 0
33 57 0
33 58 0
33 59 0
33 60 0
33 61 0
33 62 0
33 63 0
34 0 0
34 1 0
34 2 0
34 3 0
34 4 0
34 5 0
34 6 0
34 7 0
34 8 0
34 9 0
34 10 0
34 11 0
34 12 0
34 13 0
34 14 0
34 15 0
34 16 0
34 17 0
34 18 0
34 19 0
34 20 0
34 21 0
34 22 0
34 23 0
34 24 0
34 25 0
34 26 0
34 27 0
34 28 0
34 29 0
34 30 0
34 31 0
34 32 0
34 33 0
34 34 0
34 35 0
34 36 0
34 37 0
34 38 0
34 39 0
34 40 0
34 41 0
34 42 0
34 43 0
34 44 0
34 45 0
34 46 0
34 47 0
34 48 0
34 49 0
34 50 0
34 51 0
34 52 0
34 53 0
34 54 0
34 55 0
34 56 0
34 57 0
34 58 0
34 59 0
34 60 0
34 61 0
34 62 0
34 63 0
35 0 2
35 1 0
35 2 0
35 3 0
35 4 0
35 5 0
35 6 0
35 7 0
35 8 0
35 9 0
35 10 0
35 11 0
35 12 0
35 13 0
35 14 0
35 15 0
35 16 0
35 17 0
35 18 0
35 19 0
35 20 0
35 21 0
35 22 0
35 23 0
35 24 0
35 25 0
35 26 0
35 27 0
35 28 0
35 29 0
35 30 0
35 31 0
35 32 0
35 33 0
35 34 0
35 35 0
35 36 0
35 37 0
35 38 0
35 39 0
35 40 0
35 41 0
35 42 0
35 43 0
35 44 0
35 45 0
35 46 0
35 47 0
35 48 0
35 49 0
35 50 0
35 51 0
35 52 0
35 53 0
35 54 0
35 55 0
35 56 0
35 57 0
35 58 0
35 59 0
35 60 0
35 61 0
35 62 0
35 63 0
36 0 0
36 1 4
36 2 0
36 3 1
36 4 0
36 5 0
36 6 0
36 7 0
36 8 0
36 9 0
36 10 0
36 11 0
36 12 0
36 13 0
36 14 0
36 15 0
36 16 0
36 17 0
36 18 0
36 19 0
36 20 0
36 21 0
36 22 0
36 23 0
36 24 0
36 25 0
36 26 0
36 27 0
36 28 0
36 29 0
36 30 0
36 31 0
36 32 0
36 33 0
36 34 0
36 35 0
36 36 0
36 37 0
36 38 0
36 39 0
36 40 0
36 41 0
36 42 0
36 43 0
36 44 0
36 45 0
36 46 0
36 47 0
36 48 0
36 49 0
36 50 0
36 51 0
36 52 0
36 53 0
36 54 0
36 55 0
36 56 0
36 57 0
36 58 0
36 59 0
36 60 0
36 61 0
36 62 0
36 63 0
37 0 3
37 1 6
37 2 3
37 3 2
37 4 0
37 5 0
37 6 0
37 7 0
37 8 0
37 9 0
37 10 0
37 11 0
37 12 0
37 13 0
37 14 0
37 15 0
37 16 0
37 17 0
37 18 0
37 19 0
37 20 0
37 21 0
37 22 0
37 23 0
37 24 0
37 25 0
37 26 0
37 27 0
37 28 0
37 29 0
37 30 0
37 31 0
37 32 0
37 33 0
37 34 0
37 35 0
37 36 0
37 37 0
37 38 0
37 39 0
37 40 0
37 41 0
37 42 0
37 43 0
37 44 0
37 45 0
37 46 0
37 47 0
37 48 0
37 49 0
37 50 0
37 51 0
37 52 0
37 53 0
37 54 0
37 55 0
37 56 0
37 57 0
37 58 0
37 59 0
37 60 0
37 61 0
37 62 0
37 63 0
38 0 5
38 1 4
38 2 2
38 3 5
38 4 2
38 5 0
38 6 1
38 7 0
38 8 0
38 9 0
38 10 0
38 11 0
38 12 0
38 13 0
38 14 0
38 15 0
38 16 0
38 17 0
38 18 0
38 19 0
38 20 0
38 21 0
38 22 0
38 23 0
38 24 0
38 25 0
38 26 0
38 27 0
38 28 0
38 29 0
38 30 0
38 31 0
38 32 0
38 33 0
38 34 0
38 35 0
38 36 0
38 37 0
38 38 0
38 39 0
38 40 0
38 41 0
38 42 0
38 43 0
38 44 0
38 45 0
38 46 0
38 47 0
38 48 0
38 49 0
38 50 0
38 51 0
38 52 0
38 53 0
38 54 0
38 55 0
38 56 0
38 57 0
38 58 0
38 59 0
38 60 0
38 61 0
38 62 0
38 63 0
39 0 3
39 1 2
39 2 6
39 3 3
39 4 1
39 5 3
39 6 0
39 7 0
39 8 0
39 9 0
39 10 0
39 11 0
39 12 0
39 13 0
39 14 0
39 15 0
39 16 0
39 17 0
39 18 0
39 19 0
39 20 0
39 21 0
39 22 0
39 23 0
39 24 0
39 25 0
39 26 0
39 27 0
39 28 0
39 29 0
39 30 0
39 31 0
39 32 0
39 33 0
39 34 0
39 35 0
39 36 0
39 37 0
39 38 0
39 39 0
39 40 0
39 41 0
39 42 0
39 43 0
39 44 0
39 45 0
39 46 0
39 47 0
39 48 0
39 49 0
39 50 0
39 51 0
39 52 0
39 53 0
39 54 0
39 55 0
39 56 0
39 57 0
39 58 0
39 59 0
39 60 0
39 61 0
39 62 0
39 63 0
40 0 4
40 1 4
40 2 2
40 3 5
40 4 4
40 5 3
40 6 2
40 7 0
40 8 0
40 9 0
40 10 0
40 11 0
40 12 0
40 13 0
40 14 0
40 15 0
40 16 0
40 17 0
40 18 0
40 19 0
40 20 0
40 21 0
40 22 0
40 23 0
40 24 0
40 25 0
40 26 0
40 27 0
40 28 0
40 29 0
40 30 0
40 31 0
40 32 0
40 33 0
40 34 0
40 35 0
40 36 0
40 37 0
40 38 0
40 39 0
40 40 0
40 41 0
40 42 0
40 43 0
40 44 0
40 45 0
40 46 0
40 47 0
40 48 0
40 49 0
40 50 0
40 51 0
40 52 0
40 53 0
40 54 0
40 55 0
40 56 0
40 57 0
40 58 0
40 59 0
40 60 0
40 61 0
40 62 0
40 63 0
41 0 3
41 1 3
41 2 3
41 3 4
41 4 4
41 5 6
41 6 4
41 7 2
41 8 3
41 9 1
41 10 0
41 11 0
41 12 0
41 13 0
41 14 0
41 15 0
41 16 0
41 17 0
41 18 0
41 19 0
41 20 0
41 21 0
41 22 0
41 23 0
41 24 0
41 25 0
41 26 0
41 27 0
41 28 0
41 29 0
41 30 0
41 31 0
41 32 0
41 33 0
41 34 0
41 35 0
41 36 0
41 37 0
41 38 0
41 39 0
41 40 0
41 41 0
41 42 0
41 43 0
41 44 0
41 45 0
41 46 0
41 47 0
41 48 0
41 49 0
41 50 0
41 51 0
41 52 0
41 53 0
41 54 0
41 55 0
41 56 0
41 57 0
41 58 0
41 59 0
41 60 0
41 61 0
41 62 0
41 63 0
42 0 5
42 1 4
42 2 4
42 3 2
42 4 4
42 5 3
42 6 5
42 7 4
42 8 3
42 9 3
42 10 0
42 11 0
42 12 0
42 13 0
42 14 0
42 15 0
42 16 0
42 17 0
42 18 0
42 19 0
42 20 0
42 21 0
42 22 0
42 23 0
42 24 0
42 25 0
42 26 0
42 27 0
42 28 0
42 29 0
42 30 0
42 31 0
42 32 0
42 33 0
42 34 0
42 35 0
42 36 0
42 37 0
42 38 0
42 39 0
42 40 0
42 41 0
42 42 0
42 43 0
42 44 0
42 45 0
42 46 0
42 47 0
42 48 0
42 49 0
42 50 0
42 51 0
42 52 0
42 53 0
42 54 0
42 55 0
42 56 0
42 57 0
42 58 0
42 59 0
42 60 0
42 61 0
42 62 0
42 63 0
43 0 4
43 1 3
43 2 4
43 3 4
43 4 5
43 5 2
43 6 4
43 7 5
43 8 1
43 9 1
43 10 4
43 11 0
43 12 0
43 13 0
43 14 0
43 15 0
43 16 0
43 17 0
43 18 0
43 19 0
43 20 0
43 21 0
43 22 0
43 23 0
43 24 0
43 25 0
43 26 0
43 27 0
43 28 0
43 29 0
43 30 0
43 31 0
43 32 0
43 33 0
43 34 0
43 35 0
43 36 0
43 37 0
43 38 0
43 39 0
43 40 0
43 41 0
43 42 0
43 43 0
43 44 0
43 45 0
43 46 0
43 47 0
43 48 0
43 49 0
43 50 0
43 51 0
43 52 0
43 53 0
43 54 0
43 55 0
43 56 0
43 57 0
43 58 0
43 59 0
43 60 0
43 61 0
43 62 0
43 63 0
44 0 4
44 1 4
44 2 6
44 3 6
44 4 5
44 5 4
44 6 5
44 7 4
44 8 6
44 9 3
44 10 4
44 11 4
44 12 4
44 13 0
44 14 0
44 15 1
44 16 0
44 17 0
44 18 0
44 19 0
44 20 0
44 21 0
44 22 0
44 23 0
44 24 0
44 25 0
44 26 0
44 27 0
44 28 0
44 29 0
44 30 0
44 31 0
44 32 0
44 33 0
44 34 0
44 35 0
44 36 0
44 37 0
44 38 0
44 39 0
44 40 0
44 41 0
44 42 0
44 43 0
44 44 0
44 45 0
44 46 0
44 47 0
44 48 0
44 49 0
44 50 0
44 51 0
44 52 0
44 53 0
44 54 0
44 55 0
44 56 0
44 57 0
44 58 0
44 59 0
44 60 0
44 61 0
44 62 0
44 63 0
45 0 7
45 1 2
45 2 3
45 3 6
45 4 3
45 5 5
45 6 1
45 7 3
45 8 6
45 9 4
45 10 1
45 11 6
45 12 2
45 13 4
45 14 4
45 15 1
45 16 0
45 17 0
45 18 0
45 19 0
45 20 0
45 21 0
45 22 0
45 23 0
45 24 0
45 25 0
45 26 0
45 27 0
45 28 0
45 29 0
45 30 0
45 31 0
45 32 0
45 33 0
45 34 0
45 35 0
45 36 0
45 37 0
45 38 0
45 39 0
45 40 0
45 41 0
45 42 0
45 43 0
45 44 0
45 45 0
45 46 0
45 47 0
45 48 0
45 49 0
45 50 0
45 51 0
45 52 0
45 53 0
45 54 0
45 55 0
45 56 0
45 57 0
45 58 0
45 59 0
45 60 0
45 61 0
45 62 0
45 63 0
46 0 5
46 1 3
46 2 5
46 3 2
46 4 5
46 5 5
46 6 4
46 7 2
46 8 4
46 9 4
46 10 3
46 11 4
46 12 5
46 13 2
46 14 4
46 15 3
46 16 4
46 17 1
46 18 4
46 19 2
46 20 0
46 21 2
46 22 1
46 23 0
46 24 0
46 25 0
46 26 0
46 27 0
46 28 0
46 29 0
46 30 0
46 31 0
46 32 0
46 33 0
46 34 0
46 35 0
46 36 0
46 37 0
46 38 0
46 39 0
46 40 0
46 41 0
46 42 0
46 43 0
46 44 0
46 45 0
46 46 0
46 47 0
46 48 0
46 49 0
46 50 0
46 51 0
46 52 0
46 53 0
46 54 0
46 55 0
46 56 0
46 57 0
46 58 0
46 59 0
46 60 0
46 61 0
46 62 0
46 63 0
47 0 4
47 1 5
47 2 3
47 3 6
47 4 6
47 5 4
47 6 7
47 7 4
47 8 6
47 9 7
47 10 3
47 11 5
47 12 4
47 13 3
47 14 6
47 15 3
47 16 5
47 17 4
47 18 6
47 19 2
47 20 2
47 21 2
47 22 2
47 23 2
47 24 2
47 25 0
47 26 0
47 27 1
47 28 1
47 29 1
47 30 2
47 31 1
47 32 0
47 33 0
47 34 0
47 35 1
47 36 0
47 37 0
47 38 0
47 39 0
47 40 0
47 41 0
47 42 0
47 43 0
47 44 0
47 45 0
47 46 0
47 47 0
47 48 0
47 49 0
47 50 0
47 51 0
47 52 0
47 53 0
47 54 0
47 55 0
47 56 0
47 57 0
47 58 0
47 59 0
47 60 0
47 61 0
47 62 0
47 63 0
48 0 5
48 1 3
48 2 3
48 3 5
48 4 3
48 5 6
48 6 5
48 7 7
48 8 2
48 9 6
48 10 3
48 11 6
48 12 2
48 13 4
48 14 5
48 15 3
48 16 3
48 17 3
48 18 6
48 19 1
48 20 3
48 21 4
48 22 2
48 23 4
48 24 2
48 25 8
48 26 3
48 27 1
48 28 4
48 29 1
48 30 2
48 31 1
48 32 2
48 33 3
48 34 2
48 35 3
48 36 1
48 37 2
48 38 3
48 39 2
48 40 0
48 41 2
48 42 2
48 43 3
48 44 0
48 45 0
48 46 0
48 47 1
48 48 0
48 49 0
48 50 0
48 51 0
48 52 0
48 53 0
48 54 0
48 55 0
48 56 0
48 57 0
48 58 0
48 59 0
48 60 0
48 61 0
48 62 0
48 63 0
49 0 3
49 1 5
49 2 2
49 3 6
49 4 4
49 5 6
49 6 5
49 7 6
49 8 4
49 9 6
49 10 2
49 11 3
49 12 5
49 13 5
49 14 4
49 15 1
49 16 4
49 17 4
49 18 4
49 19 4
49 20 5
49 21 4
49 22 5
49 23 5
49 24 5
49 25 4
49 26 4
49 27 5
49 28 3
49 29 5
49 30 6
49 31 1
49 32 6
49 33 4
49 34 4
49 35 2
49 36 5
49 37 2
49 38 5
49 39 5
49 40 4
49 41 4
49 42 2
49 43 4
49 44 4
49 45 3
49 46 3
49 47 4
49 48 4
49 49 4
49 50 4
49 51 2
49 52 0
49 53 0
49 54 0
49 55 0
49 56 0
49 57 0
49 58 0
49 59 0
49 60 0
49 61 0
49 62 0
49 63 0
50 0 5
50 1 5
50 2 4
50 3 4
50 4 3
50 5 4
50 6 3
50 7 3
50 8 4
50 9 3
50 10 6
50 11 5
50 12 3
50 13 5
50 14 4
50 15 5
50 16 6
50 17 3
50 18 3
50 19 4
50 20 1
50 21 3
50 22 3
50 23 5
50 24 7
50 25 4
50 26 1
50 27 3
50 28 3
50 29 3
50 30 4
50 31 1
50 32 3
50 33 5
50 34 5
50 35 1
50 36 3
50 37 2
50 38 4
50 39 1
50 40 2
50 41 6
50 42 3
50 43 2
50 44 1
50 45 2
50 46 2
50 47 3
50 48 2
50 49 1
50 50 1
50 51 1
50 52 0
50 53 0
50 54 0
50 55 0
50 56 0
50 57 0
50 58 0
50 59 0
50 60 0
50 61 0
50 62 0
50 63 0
51 0 6
51 1 3
51 2 3
51 3 5
51 4 5
51 5 3
51 6 3
51 7 5
51 8 4
51 9 2
51 10 5
51 11 7
51 12 3
51 13 5
51 14 5
51 15 4
51 16 4
51 17 0
51 18 4
51 19 5
51 20 4
51 21 5
51 22 5
51 23 1
51 24 4
51 25 4
51 26 3
51 27 4
51 28 3
51 29 2
51 30 5
51 31 4
51 32 6
51 33 1
51 34 2
51 35 5
51 36 4
51 37 4
51 38 3
51 39 3
51 40 3
51 41 3
51 42 2
51 43 4
51 44 4
51 45 4
51 46 4
51 47 2
51 48 5
51 49 2
51 50 5
51 51 2
51 52 1
51 53 1
51 54 0
51 55 0
51 56 0
51 57 0
51 58 0
51 59 0
51 60 0
51 61 0
51 62 0
51 63 0
52 0 2
52 1 8
52 2 6
52 3 4
52 4 6
52 5 4
52 6 4
52 7 6
52 8 3
52 9 7
52 10 5
52 11 1
52 12 5
52 13 3
52 14 3
52 15 4
52 16 6
52 17 7
52 18 6
52 19 5
52 20 3
52 21 5
52 22 2
52 23 6
52 24 4
52 25 3
52 26 6
52 27 4
52 28 3
52 29 6
52 30 6
52 31 4
52 32 3
52 33 4
52 34 6
52 35 4
52 36 5
52 37 3
52 38 3
52 39 3
52 40 4
52 41 6
52 42 3
52 43 4
52 44 5
52 45 5
52 46 2
52 47 3
52 48 3
52 49 3
52 50 4
52 51 1
52 52 0
52 53 0
52 54 0
52 55 0
52 56 0
52 57 0
52 58 0
52 59 0
52 60 0
52 61 0
52 62 0
52 63 0
53 0 5
53 1 2
53 2 4
53 3 2
53 4 2
53 5 9
53 6 8
53 7 3
53 8 4
53 9 7
53 10 5
53 11 5
53 12 5
53 13 6
53 14 7
53 15 5
53 16 5
53 17 2
53 18 7
53 19 3
53 20 6
53 21 6
53 22 2
53 23 7
53 24 3
53 25 3
53 26 2
53 27 4
53 28 5
53 29 1
53 30 3
53 31 1
53 32 3
53 33 2
53 34 6
53 35 2
53 36 1
53 37 4
53 38 6
53 39 5
53 40 4
53 41 4
53 42 3
53 43 3
53 44 3
53 45 3
53 46 4
53 47 4
53 48 2
53 49 2
53 50 2
53 51 0
53 52 0
53 53 1
53 54 1
53 55 0
53 56 0
53 57 0
53 58 0
53 59 0
53 60 0
53 61 0
53 62 0
53 63 0
54 0 6
54 1 7
54 2 5
54 3 5
54 4 5
54 5 2
54 6 4
54 7 8
54 8 4
54 9 0
54 10 5
54 11 5
54 12 4
54 13 4
54 14 5
54 15 5
54 16 3
54 17 3
54 18 3
54 19 4
54 20 3
54 21 2
54 22 5
54 23 5
54 24 3
54 25 5
54 26 5
54 27 4
54 28 4
54 29 4
54 30 1
54 31 5
54 32 4
54 33 4
54 34 6
54 35 5
54 36 5
54 37 4
54 38 2
54 39 3
54 40 1
54 41 5
54 42 4
54 43 1
54 44 5
54 45 1
54 46 1
54 47 3
54 48 6
54 49 2
54 50 5
54 51 4
54 52 1
54 53 1
54 54 1
54 55 0
54 56 0
54 57 0
54 58 0
54 59 0
54 60 0
54 61 0
54 62 0
54 63 0
55 0 5
55 1 3
55 2 3
55 3 8
55 4 4
55 5 6
55 6 7
55 7 4
55 8 6
55 9 8
55 10 4
55 11 6
55 12 2
55 13 4
55 14 2
55 15 6
55 16 1
55 17 2
55 18 7
55 19 5
55 20 5
55 21 4
55 22 5
55 23 4
55 24 3
55 25 2
55 26 3
55 27 6
55 28 6
55 29 6
55 30 3
55 31 6
55 32 5
55 33 5
55 34 0
55 35 5
55 36 3
55 37 3
55 38 2
55 39 6
55 40 4
55 41 4
55 42 3
55 43 2
55 44 4
55 45 6
55 46 5
55 47 7
55 48 6
55 49 5
55 50 2
55 51 2
55 52 4
55 53 1
55 54 0
55 55 0
55 56 0
55 57 0
55 58 0
55 59 0
55 60 0
55 61 0
55 62 0
55 63 0
56 0 2
56 1 6
56 2 5
56 3 4
56 4 4
56 5 5
56 6 5
56 7 3
56 8 3
56 9 3
56 10 4
56 11 6
56 12 4
56 13 4
56 14 4
56 15 4
56 16 2
56 17 6
56 18 3
56 19 3
56 20 5
56 21 5
56 22 3
56 23 5
56 24 3
56 25 4
56 26 5
56 27 4
56 28 3
56 29 5
56 30 4
56 31 4
56 32 0
56 33 3
56 34 5
56 35 5
56 36 5
56 37 3
56 38 5
56 39 2
56 40 5
56 41 3
56 42 3
56 43 3
56 44 5
56 45 4
56 46 4
56 47 1
56 48 5
56 49 4
56 50 2
56 51 3
56 52 1
56 53 4
56 54 0
56 55 0
56 56 0
56 57 0
56 58 0
56 59 0
56 60 0
56 61 0
56 62 0
56 63 0
57 0 6
57 1 3
57 2 5
57 3 4
57 4 6
57 5 6
57 6 2
57 7 3
57 8 5
57 9 5
57 10 3
57 11 5
57 12 4
57 13 7
57 14 3
57 15 5
57 16 5
57 17 7
57 18 4
57 19 3
57 20 3
57 21 5
57 22 3
57 23 8
57 24 5
57 25 4
57 26 2
57 27 5
57 28 4
57 29 2
57 30 2
57 31 4
57 32 3
57 33 3
57 34 5
57 35 6
57 36 5
57 37 2
57 38 2
57 39 5
57 40 5
57 41 2
57 42 6
57 43 1
57 44 6
57 45 3
57 46 3
57 47 4
57 48 2
57 49 5
57 50 2
57 51 4
57 52 4
57 53 2
57 54 3
57 55 0
57 56 0
57 57 0
57 58 0
57 59 0
57 60 0
57 61 0
57 62 0
57 63 0
58 0 5
58 1 7
58 2 5
58 3 4
58 4 7
58 5 4
58 6 5
58 7 3
58 8 5
58 9 3
58 10 5
58 11 7
58 12 7
58 13 3
58 14 3
58 15 3
58 16 5
58 17 2
58 18 5
58 19 6
58 20 5
58 21 3
58 22 5
58 23 2
58 24 5
58 25 4
58 26 3
58 27 6
58 28 5
58 29 6
58 30 4
58 31 3
58 32 7
58 33 6
58 34 5
58 35 4
58 36 4
58 37 1
58 38 4
58 39 6
58 40 2
58 41 4
58 42 3
58 43 6
58 44 5
58 45 3
58 46 3
58 47 2
58 48 4
58 49 3
58 50 5
58 51 2
58 52 4
58 53 3
58 54 1
58 55 0
58 56 0
58 57 0
58 58 0
58 59 0
58 60 0
58 61 0
58 62 0
58 63 0
59 0 3
59 1 6
59 2 5
59 3 7
59 4 6
59 5 6
59 6 8
59 7 3
59 8 2
59 9 4
59 10 1
59 11 4
59 12 5
59 13 5
59 14 5
59 15 7
59 16 3
59 17 6
59 18 4
59 19 4
59 20 5
59 21 4
59 22 3
59 23 5
59 24 4
59 25 7
59 26 1
59 27 2
59 28 1
59 29 4
59 30 3
59 31 4
59 32 3
59 33 3
59 34 4
59 35 4
59 36 5
59 37 3
59 38 3
59 39 5
59 40 2
59 41 3
59 42 3
59 43 2
59 44 6
59 45 3
59 46 5
59 47 2
59 48 3
59 49 3
59 50 3
59 51 2
59 52 4
59 53 1
59 54 2
59 55 0
59 56 0
59 57 0
59 58 0
59 59 0
59 60 0
59 61 0
59 62 0
59 63 0
60 0 5
60 1 3
60 2 3
60 3 2
60 4 5
60 5 3
60 6 4
60 7 8
60 8 6
60 9 9
60 10 2
60 11 7
60 12 4
60 13 4
60 14 2
60 15 6
60 16 6
60 17 4
60 18 1
60 19 4
60 20 4
60 21 5
60 22 4
60 23 3
60 24 3
60 25 5
60 26 1
60 27 7
60 28 3
60 29 8
60 30 4
60 31 5
60 32 4
60 33 5
60 34 3
60 35 2
60 36 5
60 37 3
60 38 5
60 39 6
60 40 3
60 41 4
60 42 4
60 43 7
60 44 4
60 45 4
60 46 1
60 47 6
60 48 3
60 49 5
60 50 1
60 51 4
60 52 2
60 53 5
60 54 2
60 55 1
60 56 0
60 57 0
60 58 0
60 59 0
60 60 0
60 61 0
60 62 0
60 63 0
61 0 5
61 1 5
61 2 4
61 3 4
61 4 3
61 5 3
61 6 5
61 7 3
61 8 6
61 9 2
61 10 2
61 11 5
61 12 3
61 13 7
61 14 2
61 15 7
61 16 3
61 17 6
61 18 3
61 19 4
61 20 2
61 21 3
61 22 3
61 23 6
61 24 6
61 25 4
61 26 4
61 27 3
61 28 2
61 29 4
61 30 3
61 31 6
61 32 3
61 33 3
61 34 5
61 35 5
61 36 6
61 37 7
61 38 3
61 39 3
61 40 3
61 41 4
61 42 3
61 43 5
61 44 4
61 45 2
61 46 5
61 47 3
61 48 4
61 49 5
61 50 2
61 51 6
61 52 4
61 53 2
61 54 3
61 55 3
61 56 1
61 57 0
61 58 0
61 59 0
61 60 0
61 61 0
61 62 0
61 63 0
62 0 6
62 1 4
62 2 4
62 3 4
62 4 4
62 5 6
62 6 7
62 7 4
62 8 3
62 9 5
62 10 6
62 11 3
62 12 5
62 13 3
62 14 5
62 15 4
62 16 4
62 17 6
62 18 4
62 19 8
62 20 3
62 21 2
62 22 5
62 23 3
62 24 2
62 25 2
62 26 2
62 27 4
62 28 6
62 29 5
62 30 1
62 31 6
62 32 4
62 33 5
62 34 3
62 35 3
62 36 3
62 37 3
62 38 4
62 39 2
62 40 4
62 41 3
62 42 6
62 43 4
62 44 4
62 45 4
62 46 4
62 47 2
62 48 4
62 49 4
62 50 3
62 51 3
62 52 5
62 53 1
62 54 2
62 55 2
62 56 0
62 57 0
62 58 0
62 59 0
62 60 0
62 61 0
62 62 0
62 63 0
63 0 4
63 1 4
63 2 4
63 3 6
63 4 3
63 5 5
63 6 5
63 7 3
63 8 3
63 9 5
63 10 4
63 11 5
63 12 2
63 13 4
63 14 4
63 15 6
63 16 3
63 17 5
63 18 2
63 19 4
63 20 9
63 21 3
63 22 6
63 23 4
63 24 7
63 25 4
63 26 5
63 27 7
63 28 1
63 29 5
63 30 4
63 31 4
63 32 5
63 33 3
63 34 1
63 35 5
63 36 2
63 37 7
63 38 4
63 39 4
63 40 3
63 41 2
63 42 4
63 43 4
63 44 6
63 45 3
63 46 4
63 47 5
63 48 3
63 49 6
63 50 4
63 51 3
63 52 3
63 53 5
63 54 3
63 55 2
63 56 1
63 57 0
63 58 0
63 59 0
63 60 0
63 61 0
63 62 0
63 63 0
