0 0 6
0 1 4
0 2 6
0 3 4
0 4 6
0 5 6
0 6 6
0 7 6
0 8 6
0 9 4
0 10 6
0 11 6
0 12 4
0 13 6
0 14 4
0 15 6
0 16 4
0 17 4
0 18 6
0 19 4
0 20 4
0 21 4
0 22 6
0 23 4
0 24 4
0 25 4
0 26 4
0 27 6
0 28 4
0 29 4
0 30 4
0 31 4
0 32 4
0 33 5
0 34 3
0 35 4
0 36 1
0 37 5
0 38 6
0 39 2
0 40 4
0 41 5
0 42 2
0 43 3
0 44 6
0 45 5
0 46 5
0 47 4
0 48 4
0 49 4
0 50 2
0 51 4
0 52 5
0 53 3
0 54 2
0 55 6
0 56 5
0 57 4
0 58 3
0 59 1
0 60 5
0 61 0
0 62 0
0 63 0
1 0 6
1 1 4
1 2 5
1 3 6
1 4 6
1 5 5
1 6 6
1 7 6
1 8 5
1 9 6
1 10 5
1 11 5
1 12 6
1 13 4
1 14 5
1 15 5
1 16 5
1 17 5
1 18 5
1 19 4
1 20 4
1 21 5
1 22 5
1 23 4
1 24 4
1 25 4
1 26 5
1 27 5
1 28 4
1 29 4
1 30 4
1 31 4
1 32 4
1 33 3
1 34 7
1 35 4
1 36 2
1 37 6
1 38 3
1 39 5
1 40 2
1 41 3
1 42 8
1 43 5
1 44 3
1 45 7
1 46 3
1 47 3
1 48 4
1 49 5
1 50 3
1 51 3
1 52 2
1 53 3
1 54 3
1 55 3
1 56 3
1 57 2
1 58 6
1 59 2
1 60 1
1 61 0
1 62 0
1 63 0
2 0 6
2 1 4
2 2 5
2 3 6
2 4 6
2 5 6
2 6 6
2 7 4
2 8 6
2 9 6
2 10 6
2 11 4
2 12 6
2 13 4
2 14 6
2 15 4
2 16 6
2 17 4
2 18 4
2 19 5
2 20 5
2 21 4
2 22 5
2 23 4
2 24 4
2 25 5
2 26 4
2 27 4
2 28 5
2 29 4
2 30 4
2 31 4
2 32 5
2 33 5
2 34 2
2 35 6
2 36 3
2 37 5
2 38 2
2 39 5
2 40 3
2 41 2
2 42 5
2 43 3
2 44 3
2 45 0
2 46 4
2 47 3
2 48 7
2 49 3
2 50 5
2 51 4
2 52 5
2 53 3
2 54 2
2 55 3
2 56 3
2 57 2
2 58 7
2 59 6
2 60 2
2 61 0
2 62 0
2 63 0
3 0 3
3 1 2
3 2 3
3 3 3
3 4 3
3 5 3
3 6 2
3 7 3
3 8 3
3 9 3
3 10 3
3 11 4
3 12 5
3 13 5
3 14 5
3 15 5
3 16 5
3 17 5
3 18 4
3 19 6
3 20 4
3 21 4
3 22 4
3 23 6
3 24 4
3 25 4
3 26 4
3 27 4
3 28 5
3 29 4
3 30 4
3 31 4
3 32 4
3 33 6
3 34 5
3 35 2
3 36 3
3 37 5
3 38 6
3 39 5
3 40 10
3 41 0
3 42 5
3 43 5
3 44 0
3 45 5
3 46 5
3 47 6
3 48 2
3 49 4
3 50 3
3 51 3
3 52 3
3 53 5
3 54 2
3 55 4
3 56 2
3 57 3
3 58 4
3 59 2
3 60 1
3 61 0
3 62 0
3 63 0
4 0 3
4 1 2
4 2 3
4 3 2
4 4 3
4 5 3
4 6 6
4 7 5
4 8 6
4 9 6
4 10 5
4 11 3
4 12 3
4 13 2
4 14 3
4 15 3
4 16 4
4 17 5
4 18 5
4 19 4
4 20 5
4 21 4
4 22 5
4 23 5
4 24 4
4 25 4
4 26 4
4 27 4
4 28 5
4 29 4
4 30 4
4 31 4
4 32 4
4 33 4
4 34 2
4 35 3
4 36 6
4 37 3
4 38 3
4 39 1
4 40 3
4 41 6
4 42 4
4 43 8
4 44 3
4 45 2
4 46 4
4 47 4
4 48 3
4 49 6
4 50 4
4 51 3
4 52 4
4 53 5
4 54 3
4 55 5
4 56 1
4 57 4
4 58 2
4 59 1
4 60 4
4 61 0
4 62 0
4 63 0
5 0 6
5 1 4
5 2 6
5 3 5
5 4 5
5 5 6
5 6 3
5 7 3
5 8 2
5 9 3
5 10 3
5 11 5
5 12 5
5 13 5
5 14 5
5 15 5
5 16 3
5 17 2
5 18 3
5 19 3
5 20 5
5 21 5
5 22 4
5 23 4
5 24 5
5 25 4
5 26 4
5 27 4
5 28 5
5 29 4
5 30 4
5 31 4
5 32 3
5 33 4
5 34 5
5 35 4
5 36 6
5 37 4
5 38 3
5 39 7
5 40 5
5 41 3
5 42 3
5 43 7
5 44 4
5 45 4
5 46 3
5 47 5
5 48 6
5 49 4
5 50 4
5 51 3
5 52 6
5 53 4
5 54 5
5 55 0
5 56 8
5 57 2
5 58 3
5 59 4
5 60 0
5 61 0
5 62 0
5 63 0
6 0 4
6 1 3
6 2 4
6 3 4
6 4 4
6 5 6
6 6 5
6 7 6
6 8 6
6 9 5
6 10 5
6 11 3
6 12 2
6 13 3
6 14 6
6 15 4
6 16 5
6 17 4
6 18 6
6 19 3
6 20 2
6 21 4
6 22 4
6 23 4
6 24 5
6 25 4
6 26 4
6 27 4
6 28 5
6 29 4
6 30 4
6 31 5
6 32 4
6 33 3
6 34 6
6 35 1
6 36 4
6 37 4
6 38 7
6 39 2
6 40 4
6 41 3
6 42 3
6 43 1
6 44 3
6 45 6
6 46 2
6 47 6
6 48 2
6 49 5
6 50 5
6 51 3
6 52 4
6 53 3
6 54 5
6 55 3
6 56 3
6 57 3
6 58 2
6 59 2
6 60 0
6 61 0
6 62 0
6 63 0
7 0 3
7 1 4
7 2 4
7 3 7
7 4 5
7 5 4
7 6 3
7 7 3
7 8 4
7 9 6
7 10 4
7 11 6
7 12 5
7 13 4
7 14 2
7 15 3
7 16 6
7 17 4
7 18 5
7 19 4
7 20 4
7 21 5
7 22 2
7 23 3
7 24 5
7 25 4
7 26 4
7 27 4
7 28 5
7 29 4
7 30 4
7 31 4
7 32 4
7 33 6
7 34 2
7 35 5
7 36 5
7 37 5
7 38 3
7 39 3
7 40 4
7 41 5
7 42 2
7 43 5
7 44 4
7 45 6
7 46 4
7 47 4
7 48 5
7 49 5
7 50 1
7 51 4
7 52 3
7 53 2
7 54 4
7 55 3
7 56 4
7 57 4
7 58 3
7 59 1
7 60 0
7 61 0
7 62 0
7 63 0
8 0 5
8 1 3
8 2 1
8 3 2
8 4 3
8 5 5
8 6 4
8 7 10
8 8 2
8 9 4
8 10 5
8 11 4
8 12 7
8 13 4
8 14 5
8 15 4
8 16 3
8 17 4
8 18 4
8 19 4
8 20 8
8 21 4
8 22 4
8 23 3
8 24 3
8 25 4
8 26 4
8 27 4
8 28 5
8 29 4
8 30 4
8 31 4
8 32 5
8 33 3
8 34 4
8 35 4
8 36 3
8 37 2
8 38 2
8 39 2
8 40 3
8 41 7
8 42 4
8 43 5
8 44 3
8 45 5
8 46 2
8 47 2
8 48 4
8 49 3
8 50 6
8 51 6
8 52 3
8 53 2
8 54 3
8 55 3
8 56 4
8 57 2
8 58 1
8 59 1
8 60 0
8 61 0
8 62 0
8 63 0
9 0 3
9 1 3
9 2 3
9 3 9
9 4 4
9 5 2
9 6 3
9 7 1
9 8 4
9 9 6
9 10 2
9 11 2
9 12 4
9 13 5
9 14 6
9 15 4
9 16 4
9 17 3
9 18 2
9 19 3
9 20 6
9 21 4
9 22 4
9 23 4
9 24 4
9 25 4
9 26 4
9 27 5
9 28 4
9 29 3
9 30 4
9 31 5
9 32 6
9 33 2
9 34 6
9 35 2
9 36 4
9 37 5
9 38 5
9 39 1
9 40 2
9 41 3
9 42 5
9 43 3
9 44 1
9 45 5
9 46 5
9 47 4
9 48 5
9 49 3
9 50 2
9 51 2
9 52 5
9 53 5
9 54 6
9 55 5
9 56 3
9 57 2
9 58 2
9 59 0
9 60 0
9 61 0
9 62 0
9 63 0
10 0 4
10 1 3
10 2 6
10 3 5
10 4 6
10 5 3
10 6 7
10 7 4
10 8 5
10 9 3
10 10 4
10 11 6
10 12 5
10 13 1
10 14 5
10 15 5
10 16 5
10 17 4
10 18 5
10 19 2
10 20 4
10 21 4
10 22 4
10 23 4
10 24 6
10 25 4
10 26 4
10 27 5
10 28 3
10 29 4
10 30 4
10 31 6
10 32 4
10 33 5
10 34 3
10 35 7
10 36 3
10 37 3
10 38 3
10 39 7
10 40 5
10 41 4
10 42 4
10 43 6
10 44 4
10 45 3
10 46 4
10 47 4
10 48 3
10 49 4
10 50 3
10 51 2
10 52 3
10 53 5
10 54 3
10 55 3
10 56 2
10 57 4
10 58 1
10 59 0
10 60 0
10 61 0
10 62 0
10 63 0
11 0 3
11 1 8
11 2 2
11 3 5
11 4 4
11 5 6
11 6 2
11 7 4
11 8 2
11 9 4
11 10 4
11 11 6
11 12 5
11 13 2
11 14 6
11 15 4
11 16 5
11 17 3
11 18 5
11 19 5
11 20 3
11 21 4
11 22 4
11 23 6
11 24 3
11 25 2
11 26 3
11 27 5
11 28 3
11 29 3
11 30 3
11 31 4
11 32 3
11 33 2
11 34 3
11 35 5
11 36 4
11 37 8
11 38 1
11 39 3
11 40 1
11 41 2
11 42 5
11 43 5
11 44 2
11 45 4
11 46 5
11 47 3
11 48 3
11 49 1
11 50 5
11 51 3
11 52 5
11 53 3
11 54 2
11 55 2
11 56 5
11 57 3
11 58 1
11 59 0
11 60 0
11 61 0
11 62 0
11 63 0
12 0 3
12 1 2
12 2 3
12 3 3
12 4 3
12 5 4
12 6 6
12 7 3
12 8 6
12 9 5
12 10 5
12 11 3
12 12 4
12 13 7
12 14 4
12 15 3
12 16 4
12 17 5
12 18 4
12 19 4
12 20 4
12 21 4
12 22 4
12 23 5
12 24 4
12 25 4
12 26 5
12 27 5
12 28 2
12 29 3
12 30 4
12 31 4
12 32 3
12 33 6
12 34 4
12 35 5
12 36 4
12 37 3
12 38 4
12 39 6
12 40 5
12 41 3
12 42 4
12 43 4
12 44 6
12 45 4
12 46 2
12 47 4
12 48 5
12 49 6
12 50 3
12 51 6
12 52 4
12 53 5
12 54 1
12 55 3
12 56 3
12 57 2
12 58 0
12 59 0
12 60 0
12 61 0
12 62 0
12 63 0
13 0 5
13 1 3
13 2 3
13 3 5
13 4 5
13 5 4
13 6 4
13 7 4
13 8 3
13 9 8
13 10 4
13 11 3
13 12 2
13 13 1
13 14 3
13 15 3
13 16 4
13 17 5
13 18 4
13 19 5
13 20 4
13 21 2
13 22 5
13 23 4
13 24 4
13 25 4
13 26 4
13 27 2
13 28 4
13 29 4
13 30 4
13 31 3
13 32 8
13 33 5
13 34 3
13 35 2
13 36 4
13 37 5
13 38 4
13 39 3
13 40 4
13 41 4
13 42 1
13 43 3
13 44 2
13 45 2
13 46 5
13 47 4
13 48 4
13 49 4
13 50 2
13 51 3
13 52 3
13 53 2
13 54 3
13 55 4
13 56 1
13 57 0
13 58 0
13 59 0
13 60 0
13 61 0
13 62 0
13 63 0
14 0 3
14 1 7
14 2 4
14 3 4
14 4 4
14 5 4
14 6 3
14 7 6
14 8 5
14 9 5
14 10 4
14 11 3
14 12 6
14 13 4
14 14 1
14 15 6
14 16 5
14 17 4
14 18 4
14 19 4
14 20 5
14 21 4
14 22 4
14 23 4
14 24 4
14 25 5
14 26 5
14 27 3
14 28 5
14 29 3
14 30 7
14 31 2
14 32 5
14 33 3
14 34 2
14 35 3
14 36 6
14 37 3
14 38 4
14 39 5
14 40 3
14 41 2
14 42 3
14 43 2
14 44 5
14 45 6
14 46 4
14 47 5
14 48 3
14 49 3
14 50 4
14 51 0
14 52 2
14 53 5
14 54 1
14 55 1
14 56 0
14 57 0
14 58 0
14 59 0
14 60 0
14 61 0
14 62 0
14 63 0
15 0 2
15 1 3
15 2 4
15 3 4
15 4 5
15 5 4
15 6 4
15 7 1
15 8 2
15 9 5
15 10 4
15 11 7
15 12 3
15 13 4
15 14 6
15 15 5
15 16 3
15 17 3
15 18 5
15 19 4
15 20 4
15 21 4
15 22 4
15 23 4
15 24 4
15 25 4
15 26 3
15 27 4
15 28 6
15 29 4
15 30 3
15 31 3
15 32 4
15 33 3
15 34 3
15 35 4
15 36 4
15 37 3
15 38 2
15 39 3
15 40 3
15 41 4
15 42 5
15 43 5
15 44 4
15 45 2
15 46 4
15 47 2
15 48 1
15 49 3
15 50 0
15 51 1
15 52 2
15 53 0
15 54 1
15 55 0
15 56 0
15 57 0
15 58 0
15 59 0
15 60 0
15 61 0
15 62 0
15 63 0
16 0 6
16 1 3
16 2 5
16 3 5
16 4 1
16 5 4
16 6 5
16 7 4
16 8 4
16 9 6
16 10 2
16 11 5
16 12 5
16 13 4
16 14 4
16 15 4
16 16 4
16 17 5
16 18 5
16 19 4
16 20 4
16 21 4
16 22 3
16 23 2
16 24 2
16 25 2
16 26 2
16 27 2
16 28 1
16 29 0
16 30 1
16 31 1
16 32 1
16 33 1
16 34 0
16 35 1
16 36 0
16 37 2
16 38 1
16 39 0
16 40 1
16 41 1
16 42 0
16 43 0
16 44 0
16 45 0
16 46 0
16 47 0
16 48 0
16 49 0
16 50 0
16 51 0
16 52 0
16 53 0
16 54 0
16 55 0
16 56 0
16 57 0
16 58 0
16 59 0
16 60 0
16 61 0
16 62 0
16 63 0
17 0 6
17 1 6
17 2 1
17 3 6
17 4 2
17 5 2
17 6 6
17 7 6
17 8 4
17 9 1
17 10 3
17 11 4
17 12 5
17 13 5
17 14 3
17 15 3
17 16 2
17 17 1
17 18 0
17 19 0
17 20 0
17 21 0
17 22 0
17 23 0
17 24 0
17 25 0
17 26 0
17 27 0
17 28 1
17 29 0
17 30 0
17 31 0
17 32 0
17 33 0
17 34 0
17 35 0
17 36 0
17 37 0
17 38 0
17 39 0
17 40 0
17 41 0
17 42 0
17 43 0
17 44 0
17 45 0
17 46 0
17 47 0
17 48 0
17 49 0
17 50 0
17 51 0
17 52 0
17 53 0
17 54 0
17 55 0
17 56 0
17 57 0
17 58 0
17 59 0
17 60 0
17 61 0
17 62 0
17 63 0
18 0 5
18 1 3
18 2 3
18 3 5
18 4 4
18 5 5
18 6 2
18 7 2
18 8 4
18 9 2
18 10 6
18 11 4
18 12 1
18 13 1
18 14 0
18 15 0
18 16 0
18 17 0
18 18 0
18 19 0
18 20 0
18 21 0
18 22 0
18 23 0
18 24 0
18 25 0
18 26 0
18 27 0
18 28 0
18 29 0
18 30 0
18 31 0
18 32 0
18 33 0
18 34 0
18 35 0
18 36 0
18 37 0
18 38 0
18 39 0
18 40 0
18 41 0
18 42 0
18 43 0
18 44 0
18 45 0
18 46 0
18 47 0
18 48 0
18 49 0
18 50 0
18 51 0
18 52 0
18 53 0
18 54 0
18 55 0
18 56 0
18 57 0
18 58 0
18 59 0
18 60 0
18 61 0
18 62 0
18 63 0
19 0 2
19 1 7
19 2 7
19 3 4
19 4 6
19 5 4
19 6 5
19 7 3
19 8 4
19 9 2
19 10 0
19 11 1
19 12 0
19 13 0
19 14 0
19 15 0
19 16 0
19 17 0
19 18 0
19 19 0
19 20 0
19 21 0
19 22 0
19 23 0
19 24 0
19 25 0
19 26 0
19 27 0
19 28 0
19 29 0
19 30 0
19 31 0
19 32 0
19 33 0
19 34 0
19 35 0
19 36 0
19 37 0
19 38 0
19 39 0
19 40 0
19 41 0
19 42 0
19 43 0
19 44 0
19 45 0
19 46 0
19 47 0
19 48 0
19 49 0
19 50 0
19 51 0
19 52 0
19 53 0
19 54 0
19 55 0
19 56 0
19 57 0
19 58 0
19 59 0
19 60 0
19 61 0
19 62 0
19 63 0
20 0 4
20 1 4
20 2 2
20 3 2
20 4 5
20 5 4
20 6 5
20 7 2
20 8 1
20 9 0
20 10 0
20 11 0
20 12 0
20 13 0
20 14 0
20 15 0
20 16 0
20 17 0
20 18 0
20 19 0
20 20 0
20 21 0
20 22 0
20 23 0
20 24 0
20 25 0
20 26 0
20 27 0
20 28 0
20 29 0
20 30 0
20 31 0
20 32 0
20 33 0
20 34 0
20 35 0
20 36 0
20 37 0
20 38 0
20 39 0
20 40 0
20 41 0
20 42 0
20 43 0
20 44 0
20 45 0
20 46 0
20 47 0
20 48 0
20 49 0
20 50 0
20 51 0
20 52 0
20 53 0
20 54 0
20 55 0
20 56 0
20 57 0
20 58 0
20 59 0
20 60 0
20 61 0
20 62 0
20 63 0
21 0 2
21 1 1
21 2 4
21 3 3
21 4 4
21 5 2
21 6 0
21 7 0
21 8 0
21 9 0
21 10 0
21 11 0
21 12 0
21 13 0
21 14 0
21 15 0
21 16 0
21 17 0
21 18 0
21 19 0
21 20 0
21 21 0
21 22 0
21 23 0
21 24 0
21 25 0
21 26 0
21 27 0
21 28 0
21 29 0
21 30 0
21 31 0
21 32 0
21 33 0
21 34 0
21 35 0
21 36 0
21 37 0
21 38 0
21 39 0
21 40 0
21 41 0
21 42 0
21 43 0
21 44 0
21 45 0
21 46 0
21 47 0
21 48 0
21 49 0
21 50 0
21 51 0
21 52 0
21 53 0
21 54 0
21 55 0
21 56 0
21 57 0
21 58 0
21 59 0
21 60 0
21 61 0
21 62 0
21 63 0
22 0 6
22 1 5
22 2 3
22 3 2
22 4 1
22 5 0
22 6 0
22 7 0
22 8 0
22 9 0
22 10 0
22 11 0
22 12 0
22 13 0
22 14 0
22 15 0
22 16 0
22 17 0
22 18 0
22 19 0
22 20 0
22 21 0
22 22 0
22 23 0
22 24 0
22 25 0
22 26 0
22 27 0
22 28 0
22 29 0
22 30 0
22 31 0
22 32 0
22 33 0
22 34 0
22 35 0
22 36 0
22 37 0
22 38 0
22 39 0
22 40 0
22 41 0
22 42 0
22 43 0
22 44 0
22 45 0
22 46 0
22 47 0
22 48 0
22 49 0
22 50 0
22 51 0
22 52 0
22 53 0
22 54 0
22 55 0
22 56 0
22 57 0
22 58 0
22 59 0
22 60 0
22 61 0
22 62 0
22 63 0
23 0 2
23 1 3
23 2 0
23 3 1
23 4 0
23 5 0
23 6 0
23 7 0
23 8 0
23 9 0
23 10 0
23 11 0
23 12 0
23 13 0
23 14 0
23 15 0
23 16 0
23 17 0
23 18 0
23 19 0
23 20 0
23 21 0
23 22 0
23 23 0
23 24 0
23 25 0
23 26 0
23 27 0
23 28 0
23 29 0
23 30 0
23 31 0
23 32 0
23 33 0
23 34 0
23 35 0
23 36 0
23 37 0
23 38 0
23 39 0
23 40 0
23 41 0
23 42 0
23 43 0
23 44 0
23 45 0
23 46 0
23 47 0
23 48 0
23 49 0
23 50 0
23 51 0
23 52 0
23 53 0
23 54 0
23 55 0
23 56 0
23 57 0
23 58 0
23 59 0
23 60 0
23 61 0
23 62 0
23 63 0
24 0 1
24 1 1
24 2 0
24 3 0
24 4 0
24 5 0
24 6 0
24 7 0
24 8 0
24 9 0
24 10 0
24 11 0
24 12 0
24 13 0
24 14 0
24 15 0
24 16 0
24 17 0
24 18 0
24 19 0
24 20 0
24 21 0
24 22 0
24 23 0
24 24 0
24 25 0
24 26 0
24 27 0
24 28 0
24 29 0
24 30 0
24 31 0
24 32 0
24 33 0
24 34 0
24 35 0
24 36 0
24 37 0
24 38 0
24 39 0
24 40 0
24 41 0
24 42 0
24 43 0
24 44 0
24 45 0
24 46 0
24 47 0
24 48 0
24 49 0
24 50 0
24 51 0
24 52 0
24 53 0
24 54 0
24 55 0
24 56 0
24 57 0
24 58 0
24 59 0
24 60 0
24 61 0
24 62 0
24 63 0
25 0 0
25 1 0
25 2 0
25 3 0
25 4 0
25 5 0
25 6 0
25 7 0
25 8 0
25 9 0
25 10 0
25 11 0
25 12 0
25 13 0
25 14 0
25 15 0
25 16 0
25 17 0
25 18 0
25 19 0
25 20 0
25 21 0
25 22 0
25 23 0
25 24 0
25 25 0
25 26 0
25 27 0
25 28 0
25 29 0
25 30 0
25 31 0
25 32 0
25 33 0
25 34 0
25 35 0
25 36 0
25 37 0
25 38 0
25 39 0
25 40 0
25 41 0
25 42 0
25 43 0
25 44 0
25 45 0
25 46 0
25 47 0
25 48 0
25 49 0
25 50 0
25 51 0
25 52 0
25 53 0
25 54 0
25 55 0
25 56 0
25 57 0
25 58 0
25 59 0
25 60 0
25 61 0
25 62 0
25 63 0
26 0 0
26 1 0
26 2 0
26 3 0
26 4 0
26 5 0
26 6 0
26 7 0
26 8 0
26 9 0
26 10 0
26 11 0
26 12 0
26 13 0
26 14 0
26 15 0
26 16 0
26 17 0
26 18 0
26 19 0
26 20 0
26 21 0
26 22 0
26 23 0
26 24 0
26 25 0
26 26 0
26 27 0
26 28 0
26 29 0
26 30 0
26 31 0
26 32 0
26 33 0
26 34 0
26 35 0
26 36 0
26 37 0
26 38 0
26 39 0
26 40 0
26 41 0
26 42 0
26 43 0
26 44 0
26 45 0
26 46 0
26 47 0
26 48 0
26 49 0
26 50 0
26 51 0
26 52 0
26 53 0
26 54 0
26 55 0
26 56 0
26 57 0
26 58 0
26 59 0
26 60 0
26 61 0
26 62 0
26 63 0
27 0 0
27 1 0
27 2 0
27 3 0
27 4 0
27 5 0
27 6 0
27 7 0
27 8 0
27 9 0
27 10 0
27 11 0
27 12 0
27 13 0
27 14 0
27 15 0
27 16 0
27 17 0
27 18 0
27 19 0
27 20 0
27 21 0
27 22 0
27 23 0
27 24 0
27 25 0
27 26 0
27 27 0
27 28 0
27 29 0
27 30 0
27 31 0
27 32 0
27 33 0
27 34 0
27 35 0
27 36 0
27 37 0
27 38 0
27 39 0
27 40 0
27 41 0
27 42 0
27 43 0
27 44 0
27 45 0
27 46 0
27 47 0
27 48 0
27 49 0
27 50 0
27 51 0
27 52 0
27 53 0
27 54 0
27 55 0
27 56 0
27 57 0
27 58 0
27 59 0
27 60 0
27 61 0
27 62 0
27 63 0
28 0 0
28 1 0
28 2 0
28 3 0
28 4 0
28 5 0
28 6 0
28 7 0
28 8 0
28 9 0
28 10 0
28 11 0
28 12 0
28 13 0
28 14 0
28 15 0
28 16 0
28 17 0
28 18 0
28 19 0
28 20 0
28 21 0
28 22 0
28 23 0
28 24 0
28 25 0
28 26 0
28 27 0
28 28 0
28 29 0
28 30 0
28 31 0
28 32 0
28 33 0
28 34 0
28 35 0
28 36 0
28 37 0
28 38 0
28 39 0
28 40 0
28 41 0
28 42 0
28 43 0
28 44 0
28 45 0
28 46 0
28 47 0
28 48 0
28 49 0
28 50 0
28 51 0
28 52 0
28 53 0
28 54 0
28 55 0
28 56 0
28 57 0
28 58 0
28 59 0
28 60 0
28 61 0
28 62 0
28 63 0
29 0 0
29 1 0
29 2 0
29 3 0
29 4 0
29 5 0
29 6 0
29 7 0
29 8 0
29 9 0
29 10 0
29 11 0
29 12 0
29 13 0
29 14 0
29 15 0
29 16 0
29 17 0
29 18 0
29 19 0
29 20 0
29 21 0
29 22 0
29 23 0
29 24 0
29 25 0
29 26 0
29 27 0
29 28 0
29 29 0
29 30 0
29 31 0
29 32 0
29 33 0
29 34 0
29 35 0
29 36 0
29 37 0
29 38 0
29 39 0
29 40 0
29 41 0
29 42 0
29 43 0
29 44 0
29 45 0
29 46 0
29 47 0
29 48 0
29 49 0
29 50 0
29 51 0
29 52 0
29 53 0
29 54 0
29 55 0
29 56 0
29 57 0
29 58 0
29 59 0
29 60 0
29 61 0
29 62 0
29 63 0
30 0 0
30 1 0
30 2 0
30 3 0
30 4 0
30 5 0
30 6 0
30 7 0
30 8 0
30 9 0
30 10 0
30 11 0
30 12 0
30 13 0
30 14 0
30 15 0
30 16 0
30 17 0
30 18 0
30 19 0
30 20 0
30 21 0
30 22 0
30 23 0
30 24 0
30 25 0
30 26 0
30 27 0
30 28 0
30 29 0
30 30 0
30 31 0
30 32 0
30 33 0
30 34 0
30 35 0
30 36 0
30 37 0
30 38 0
30 39 0
30 40 0
30 41 0
30 42 0
30 43 0
30 44 0
30 45 0
30 46 0
30 47 0
30 48 0
30 49 0
30 50 0
30 51 0
30 52 0
30 53 0
30 54 0
30 55 0
30 56 0
30 57 0
30 58 0
30 59 0
30 60 0
30 61 0
30 62 0
30 63 0
31 0 0
31 1 0
31 2 0
31 3 0
31 4 0
31 5 0
31 6 0
31 7 0
31 8 0
31 9 0
31 10 0
31 11 0
31 12 0
31 13 0
31 14 0
31 15 0
31 16 0
31 17 0
31 18 0
31 19 0
31 20 0
31 21 0
31 22 0
31 23 0
31 24 0
31 25 0
31 26 0
31 27 0
31 28 0
31 29 0
31 30 0
31 31 0
31 32 0
31 33 0
31 34 0
31 35 0
31 36 0
31 37 0
31 38 0
31 39 0
31 40 0
31 41 0
31 42 0
31 43 0
31 44 0
31 45 0
31 46 0
31 47 0
31 48 0
31 49 0
31 50 0
31 51 0
31 52 0
31 53 0
31 54 0
31 55 0
31 56 0
31 57 0
31 58 0
31 59 0
31 60 0
31 61 0
31 62 0
31 63 0
32 0 0
32 1 0
32 2 0
32 3 0
32 4 0
32 5 0
32 6 0
32 7 0
32 8 0
32 9 0
32 10 0
32 11 0
32 12 0
32 13 0
32 14 0
32 15 0
32 16 0
32 17 0
32 18 0
32 19 0
32 20 0
32 21 0
32 22 0
32 23 0
32 24 0
32 25 0
32 26 0
32 27 0
32 28 0
32 29 0
32 30 0
32 31 0
32 32 0
32 33 0
32 34 0
32 35 0
32 36 0
32 37 0
32 38 0
32 39 0
32 40 0
32 41 0
32 42 0
32 43 0
32 44 0
32 45 0
32 46 0
32 47 0
32 48 0
32 49 0
32 50 0
32 51 0
32 52 0
32 53 0
32 54 0
32 55 0
32 56 0
32 57 0
32 58 0
32 59 0
32 60 0
32 61 0
32 62 0
32 63 0
33 0 0
33 1 0
33 2 0
33 3 0
33 4 0
33 5 0
33 6 0
33 7 0
33 8 0
33 9 0
33 10 0
33 11 0
33 12 0
33 13 0
33 14 0
33 15 0
33 16 0
33 17 0
33 18 0
33 19 0
33 20 0
33 21 0
33 22 0
33 23 0
33 24 0
33 25 0
33 26 0
33 27 0
33 28 0
33 29 0
33 30 0
33 31 0
33 32 0
33 33 0
33 34 0
33 35 0
33 36 0
33 37 0
33 38 0
33 39 0
33 40 0
33 41 0
33 42 0
33 43 0
33 44 0
33 45 0
33 46 0
33 47 0
33 48 0
33 49 0
33 50 0
33 51 0
33 52 0
33 53 0
33 54 0
33 55 0
33 56 0
33 57 0
33 58 0
33 59 0
33 60 0
33 61 0
33 62 0
33 63 0
34 0 0
34 1 0
34 2 0
34 3 0
34 4 0
34 5 0
34 6 0
34 7 0
34 8 0
34 9 0
34 10 0
34 11 0
34 12 0
34 13 0
34 14 0
34 15 0
34 16 0
34 17 0
34 18 0
34 19 0
34 20 0
34 21 0
34 22 0
34 23 0
34 24 0
34 25 0
34 26 0
34 27 0
34 28 0
34 29 0
34 30 0
34 31 0
34 32 0
34 33 0
34 34 0
34 35 0
34 36 0
34 37 0
34 38 0
34 39 0
34 40 0
34 41 0
34 42 0
34 43 0
34 44 0
34 45 0
34 46 0
34 47 0
34 48 0
34 49 0
34 50 0
34 51 0
34 52 0
34 53 0
34 54 0
34 55 0
34 56 0
34 57 0
34 58 0
34 59 0
34 60 0
34 61 0
34 62 0
34 63 0
35 0 0
35 1 0
35 2 0
35 3 0
35 4 0
35 5 0
35 6 0
35 7 0
35 8 0
35 9 0
35 10 0
35 11 0
35 12 0
35 13 0
35 14 0
35 15 0
35 16 0
35 17 0
35 18 0
35 19 0
35 20 0
35 21 0
35 22 0
35 23 0
35 24 0
35 25 0
35 26 0
35 27 0
35 28 0
35 29 0
35 30 0
35 31 0
35 32 0
35 33 0
35 34 0
35 35 0
35 36 0
35 37 0
35 38 0
35 39 0
35 40 0
35 41 0
35 42 0
35 43 0
35 44 0
35 45 0
35 46 0
35 47 0
35 48 0
35 49 0
35 50 0
35 51 0
35 52 0
35 53 0
35 54 0
35 55 0
35 56 0
35 57 0
35 58 0
35 59 0
35 60 0
35 61 0
35 62 0
35 63 0
36 0 0
36 1 0
36 2 0
36 3 0
36 4 0
36 5 0
36 6 0
36 7 0
36 8 0
36 9 0
36 10 0
36 11 0
36 12 0
36 13 0
36 14 0
36 15 0
36 16 0
36 17 0
36 18 0
36 19 0
36 20 0
36 21 0
36 22 0
36 23 0
36 24 0
36 25 0
36 26 0
36 27 0
36 28 0
36 29 0
36 30 0
36 31 0
36 32 0
36 33 0
36 34 0
36 35 0
36 36 0
36 37 0
36 38 0
36 39 0
36 40 0
36 41 0
36 42 0
36 43 0
36 44 0
36 45 0
36 46 0
36 47 0
36 48 0
36 49 0
36 50 0
36 51 0
36 52 0
36 53 0
36 54 0
36 55 0
36 56 0
36 57 0
36 58 0
36 59 0
36 60 0
36 61 0
36 62 0
36 63 0
37 0 0
37 1 0
37 2 0
37 3 0
37 4 0
37 5 0
37 6 0
37 7 0
37 8 0
37 9 0
37 10 0
37 11 0
37 12 0
37 13 0
37 14 0
37 15 0
37 16 0
37 17 0
37 18 0
37 19 0
37 20 0
37 21 0
37 22 0
37 23 0
37 24 0
37 25 0
37 26 0
37 27 0
37 28 0
37 29 0
37 30 0
37 31 0
37 32 0
37 33 0
37 34 0
37 35 0
37 36 0
37 37 0
37 38 0
37 39 0
37 40 0
37 41 0
37 42 0
37 43 0
37 44 0
37 45 0
37 46 0
37 47 0
37 48 0
37 49 0
37 50 0
37 51 0
37 52 0
37 53 0
37 54 0
37 55 0
37 56 0
37 57 0
37 58 0
37 59 0
37 60 0
37 61 0
37 62 0
37 63 0
38 0 0
38 1 0
38 2 0
38 3 0
38 4 0
38 5 0
38 6 0
38 7 0
38 8 0
38 9 0
38 10 0
38 11 0
38 12 0
38 13 0
38 14 0
38 15 0
38 16 0
38 17 0
38 18 0
38 19 0
38 20 0
38 21 0
38 22 0
38 23 0
38 24 0
38 25 0
38 26 0
38 27 0
38 28 0
38 29 0
38 30 0
38 31 0
38 32 0
38 33 0
38 34 0
38 35 0
38 36 0
38 37 0
38 38 0
38 39 0
38 40 0
38 41 0
38 42 0
38 43 0
38 44 0
38 45 0
38 46 0
38 47 0
38 48 0
38 49 0
38 50 0
38 51 0
38 52 0
38 53 0
38 54 0
38 55 0
38 56 0
38 57 0
38 58 0
38 59 0
38 60 0
38 61 0
38 62 0
38 63 0
39 0 1
39 1 0
39 2 0
39 3 0
39 4 0
39 5 0
39 6 0
39 7 0
39 8 0
39 9 0
39 10 0
39 11 0
39 12 0
39 13 0
39 14 0
39 15 0
39 16 0
39 17 0
39 18 0
39 19 0
39 20 0
39 21 0
39 22 0
39 23 0
39 24 0
39 25 0
39 26 0
39 27 0
39 28 0
39 29 0
39 30 0
39 31 0
39 32 0
39 33 0
39 34 0
39 35 0
39 36 0
39 37 0
39 38 0
39 39 0
39 40 0
39 41 0
39 42 0
39 43 0
39 44 0
39 45 0
39 46 0
39 47 0
39 48 0
39 49 0
39 50 0
39 51 0
39 52 0
39 53 0
39 54 0
39 55 0
39 56 0
39 57 0
39 58 0
39 59 0
39 60 0
39 61 0
39 62 0
39 63 0
40 0 2
40 1 0
40 2 0
40 3 1
40 4 0
40 5 0
40 6 0
40 7 0
40 8 0
40 9 0
40 10 0
40 11 0
40 12 0
40 13 0
40 14 0
40 15 0
40 16 0
40 17 0
40 18 0
40 19 0
40 20 0
40 21 0
40 22 0
40 23 0
40 24 0
40 25 0
40 26 0
40 27 0
40 28 0
40 29 0
40 30 0
40 31 0
40 32 0
40 33 0
40 34 0
40 35 0
40 36 0
40 37 0
40 38 0
40 39 0
40 40 0
40 41 0
40 42 0
40 43 0
40 44 0
40 45 0
40 46 0
40 47 0
40 48 0
40 49 0
40 50 0
40 51 0
40 52 0
40 53 0
40 54 0
40 55 0
40 56 0
40 57 0
40 58 0
40 59 0
40 60 0
40 61 0
40 62 0
40 63 0
41 0 3
41 1 5
41 2 3
41 3 2
41 4 0
41 5 0
41 6 0
41 7 0
41 8 0
41 9 0
41 10 0
41 11 0
41 12 0
41 13 0
41 14 0
41 15 0
41 16 0
41 17 0
41 18 0
41 19 0
41 20 0
41 21 0
41 22 0
41 23 0
41 24 0
41 25 0
41 26 0
41 27 0
41 28 0
41 29 0
41 30 0
41 31 0
41 32 0
41 33 0
41 34 0
41 35 0
41 36 0
41 37 0
41 38 0
41 39 0
41 40 0
41 41 0
41 42 0
41 43 0
41 44 0
41 45 0
41 46 0
41 47 0
41 48 0
41 49 0
41 50 0
41 51 0
41 52 0
41 53 0
41 54 0
41 55 0
41 56 0
41 57 0
41 58 0
41 59 0
41 60 0
41 61 0
41 62 0
41 63 0
42 0 6
42 1 1
42 2 3
42 3 6
42 4 2
42 5 0
42 6 1
42 7 0
42 8 0
42 9 0
42 10 0
42 11 0
42 12 0
42 13 0
42 14 0
42 15 0
42 16 0
42 17 0
42 18 0
42 19 0
42 20 0
42 21 0
42 22 0
42 23 0
42 24 0
42 25 0
42 26 0
42 27 0
42 28 0
42 29 0
42 30 0
42 31 0
42 32 0
42 33 0
42 34 0
42 35 0
42 36 0
42 37 0
42 38 0
42 39 0
42 40 0
42 41 0
42 42 0
42 43 0
42 44 0
42 45 0
42 46 0
42 47 0
42 48 0
42 49 0
42 50 0
42 51 0
42 52 0
42 53 0
42 54 0
42 55 0
42 56 0
42 57 0
42 58 0
42 59 0
42 60 0
42 61 0
42 62 0
42 63 0
43 0 2
43 1 2
43 2 2
43 3 3
43 4 5
43 5 3
43 6 1
43 7 0
43 8 0
43 9 0
43 10 0
43 11 0
43 12 0
43 13 0
43 14 0
43 15 0
43 16 0
43 17 0
43 18 0
43 19 0
43 20 0
43 21 0
43 22 0
43 23 0
43 24 0
43 25 0
43 26 0
43 27 0
43 28 0
43 29 0
43 30 0
43 31 0
43 32 0
43 33 0
43 34 0
43 35 0
43 36 0
43 37 0
43 38 0
43 39 0
43 40 0
43 41 0
43 42 0
43 43 0
43 44 0
43 45 0
43 46 0
43 47 0
43 48 0
43 49 0
43 50 0
43 51 0
43 52 0
43 53 0
43 54 0
43 55 0
43 56 0
43 57 0
43 58 0
43 59 0
43 60 0
43 61 0
43 62 0
43 63 0
44 0 5
44 1 3
44 2 5
44 3 4
44 4 4
44 5 5
44 6 4
44 7 2
44 8 1
44 9 1
44 10 0
44 11 0
44 12 0
44 13 0
44 14 0
44 15 0
44 16 0
44 17 0
44 18 0
44 19 0
44 20 0
44 21 0
44 22 0
44 23 0
44 24 0
44 25 0
44 26 0
44 27 0
44 28 0
44 29 0
44 30 0
44 31 0
44 32 0
44 33 0
44 34 0
44 35 0
44 36 0
44 37 0
44 38 0
44 39 0
44 40 0
44 41 0
44 42 0
44 43 0
44 44 0
44 45 0
44 46 0
44 47 0
44 48 0
44 49 0
44 50 0
44 51 0
44 52 0
44 53 0
44 54 0
44 55 0
44 56 0
44 57 0
44 58 0
44 59 0
44 60 0
44 61 0
44 62 0
44 63 0
45 0 3
45 1 5
45 2 6
45 3 3
45 4 3
45 5 5
45 6 4
45 7 4
45 8 5
45 9 1
45 10 2
45 11 0
45 12 1
45 13 0
45 14 0
45 15 0
45 16 0
45 17 0
45 18 0
45 19 0
45 20 0
45 21 0
45 22 0
45 23 0
45 24 0
45 25 0
45 26 0
45 27 0
45 28 0
45 29 0
45 30 0
45 31 0
45 32 0
45 33 0
45 34 0
45 35 0
45 36 0
45 37 0
45 38 0
45 39 0
45 40 0
45 41 0
45 42 0
45 43 0
45 44 0
45 45 0
45 46 0
45 47 0
45 48 0
45 49 0
45 50 0
45 51 0
45 52 0
45 53 0
45 54 0
45 55 0
45 56 0
45 57 0
45 58 0
45 59 0
45 60 0
45 61 0
45 62 0
45 63 0
46 0 3
46 1 3
46 2 6
46 3 2
46 4 3
46 5 5
46 6 4
46 7 4
46 8 2
46 9 1
46 10 4
46 11 5
46 12 2
46 13 0
46 14 1
46 15 0
46 16 1
46 17 1
46 18 0
46 19 0
46 20 0
46 21 0
46 22 0
46 23 0
46 24 0
46 25 0
46 26 0
46 27 0
46 28 0
46 29 0
46 30 0
46 31 0
46 32 0
46 33 0
46 34 0
46 35 0
46 36 0
46 37 0
46 38 0
46 39 0
46 40 0
46 41 0
46 42 0
46 43 0
46 44 0
46 45 0
46 46 0
46 47 0
46 48 0
46 49 0
46 50 0
46 51 0
46 52 0
46 53 0
46 54 0
46 55 0
46 56 0
46 57 0
46 58 0
46 59 0
46 60 0
46 61 0
46 62 0
46 63 0
47 0 5
47 1 3
47 2 6
47 3 2
47 4 6
47 5 1
47 6 2
47 7 3
47 8 3
47 9 5
47 10 4
47 11 2
47 12 3
47 13 1
47 14 4
47 15 5
47 16 1
47 17 1
47 18 4
47 19 2
47 20 1
47 21 0
47 22 0
47 23 0
47 24 2
47 25 0
47 26 0
47 27 0
47 28 0
47 29 0
47 30 0
47 31 0
47 32 0
47 33 0
47 34 0
47 35 0
47 36 0
47 37 0
47 38 0
47 39 0
47 40 0
47 41 0
47 42 0
47 43 0
47 44 0
47 45 0
47 46 0
47 47 0
47 48 0
47 49 0
47 50 0
47 51 0
47 52 0
47 53 0
47 54 0
47 55 0
47 56 0
47 57 0
47 58 0
47 59 0
47 60 0
47 61 0
47 62 0
47 63 0
48 0 8
48 1 5
48 2 4
48 3 5
48 4 5
48 5 6
48 6 5
48 7 1
48 8 4
48 9 2
48 10 5
48 11 3
48 12 6
48 13 2
48 14 7
48 15 3
48 16 4
48 17 2
48 18 1
48 19 3
48 20 2
48 21 4
48 22 3
48 23 3
48 24 3
48 25 0
48 26 4
48 27 4
48 28 2
48 29 2
48 30 4
48 31 0
48 32 1
48 33 3
48 34 1
48 35 1
48 36 0
48 37 0
48 38 0
48 39 0
48 40 0
48 41 0
48 42 0
48 43 0
48 44 0
48 45 0
48 46 0
48 47 0
48 48 0
48 49 0
48 50 0
48 51 0
48 52 0
48 53 0
48 54 0
48 55 0
48 56 0
48 57 0
48 58 0
48 59 0
48 60 0
48 61 0
48 62 0
48 63 0
49 0 2
49 1 5
49 2 4
49 3 2
49 4 2
49 5 6
49 6 2
49 7 8
49 8 4
49 9 4
49 10 5
49 11 5
49 12 2
49 13 4
49 14 2
49 15 2
49 16 6
49 17 6
49 18 3
49 19 3
49 20 5
49 21 5
49 22 2
49 23 3
49 24 2
49 25 6
49 26 3
49 27 1
49 28 3
49 29 2
49 30 2
49 31 5
49 32 4
49 33 2
49 34 4
49 35 4
49 36 4
49 37 4
49 38 6
49 39 4
49 40 4
49 41 4
49 42 4
49 43 4
49 44 4
49 45 4
49 46 4
49 47 4
49 48 4
49 49 4
49 50 4
49 51 4
49 52 4
49 53 4
49 54 4
49 55 4
49 56 2
49 57 0
49 58 0
49 59 0
49 60 0
49 61 0
49 62 0
49 63 0
50 0 7
50 1 3
50 2 5
50 3 8
50 4 4
50 5 8
50 6 3
50 7 6
50 8 3
50 9 5
50 10 2
50 11 3
50 12 6
50 13 4
50 14 2
50 15 4
50 16 4
50 17 4
50 18 4
50 19 4
50 20 5
50 21 5
50 22 4
50 23 5
50 24 4
50 25 4
50 26 4
50 27 4
50 28 5
50 29 6
50 30 4
50 31 4
50 32 1
50 33 4
50 34 3
50 35 6
50 36 1
50 37 5
50 38 3
50 39 3
50 40 4
50 41 4
50 42 2
50 43 3
50 44 3
50 45 2
50 46 3
50 47 4
50 48 3
50 49 0
50 50 2
50 51 1
50 52 1
50 53 2
50 54 0
50 55 2
50 56 0
50 57 0
50 58 0
50 59 0
50 60 0
50 61 0
50 62 0
50 63 0
51 0 3
51 1 3
51 2 3
51 3 6
51 4 3
51 5 5
51 6 7
51 7 5
51 8 5
51 9 5
51 10 3
51 11 4
51 12 2
51 13 4
51 14 5
51 15 4
51 16 5
51 17 4
51 18 6
51 19 5
51 20 4
51 21 2
51 22 5
51 23 6
51 24 3
51 25 2
51 26 4
51 27 3
51 28 3
51 29 7
51 30 2
51 31 4
51 32 5
51 33 4
51 34 3
51 35 5
51 36 4
51 37 3
51 38 5
51 39 4
51 40 3
51 41 4
51 42 5
51 43 3
51 44 3
51 45 6
51 46 6
51 47 5
51 48 4
51 49 3
51 50 4
51 51 7
51 52 4
51 53 3
51 54 2
51 55 4
51 56 3
51 57 1
51 58 0
51 59 0
51 60 0
51 61 0
51 62 0
51 63 0
52 0 6
52 1 3
52 2 8
52 3 4
52 4 3
52 5 5
52 6 3
52 7 4
52 8 4
52 9 6
52 10 5
52 11 5
52 12 4
52 13 3
52 14 6
52 15 5
52 16 3
52 17 5
52 18 3
52 19 1
52 20 6
52 21 3
52 22 4
52 23 2
52 24 6
52 25 5
52 26 4
52 27 8
52 28 3
52 29 6
52 30 2
52 31 4
52 32 4
52 33 2
52 34 4
52 35 4
52 36 5
52 37 3
52 38 3
52 39 2
52 40 4
52 41 5
52 42 5
52 43 3
52 44 4
52 45 6
52 46 4
52 47 1
52 48 2
52 49 4
52 50 3
52 51 3
52 52 4
52 53 4
52 54 3
52 55 1
52 56 1
52 57 1
52 58 0
52 59 0
52 60 0
52 61 0
52 62 0
52 63 0
53 0 5
53 1 6
53 2 2
53 3 2
53 4 6
53 5 4
53 6 4
53 7 7
53 8 1
53 9 6
53 10 4
53 11 4
53 12 5
53 13 7
53 14 2
53 15 4
53 16 3
53 17 4
53 18 4
53 19 8
53 20 4
53 21 4
53 22 6
53 23 4
53 24 3
53 25 4
53 26 3
53 27 3
53 28 6
53 29 4
53 30 1
53 31 7
53 32 3
53 33 3
53 34 2
53 35 3
53 36 7
53 37 3
53 38 4
53 39 3
53 40 1
53 41 4
53 42 6
53 43 5
53 44 2
53 45 5
53 46 3
53 47 2
53 48 3
53 49 3
53 50 4
53 51 4
53 52 4
53 53 4
53 54 1
53 55 1
53 56 0
53 57 1
53 58 1
53 59 0
53 60 0
53 61 0
53 62 0
53 63 0
54 0 2
54 1 4
54 2 7
54 3 6
54 4 6
54 5 4
54 6 3
54 7 6
54 8 6
54 9 4
54 10 5
54 11 5
54 12 3
54 13 5
54 14 3
54 15 4
54 16 4
54 17 3
54 18 3
54 19 4
54 20 3
54 21 3
54 22 2
54 23 6
54 24 4
54 25 6
54 26 5
54 27 3
54 28 3
54 29 1
54 30 5
54 31 5
54 32 2
54 33 5
54 34 4
54 35 5
54 36 2
54 37 3
54 38 5
54 39 3
54 40 5
54 41 2
54 42 5
54 43 2
54 44 5
54 45 4
54 46 5
54 47 5
54 48 5
54 49 2
54 50 4
54 51 4
54 52 2
54 53 4
54 54 5
54 55 3
54 56 3
54 57 2
54 58 1
54 59 0
54 60 0
54 61 0
54 62 0
54 63 0
55 0 5
55 1 2
55 2 7
55 3 4
55 4 4
55 5 4
55 6 7
55 7 6
55 8 4
55 9 6
55 10 2
55 11 3
55 12 3
55 13 5
55 14 4
55 15 6
55 16 3
55 17 4
55 18 5
55 19 4
55 20 3
55 21 6
55 22 4
55 23 3
55 24 5
55 25 3
55 26 3
55 27 4
55 28 4
55 29 5
55 30 3
55 31 4
55 32 3
55 33 4
55 34 3
55 35 6
55 36 3
55 37 2
55 38 6
55 39 5
55 40 3
55 41 5
55 42 4
55 43 3
55 44 4
55 45 4
55 46 5
55 47 7
55 48 2
55 49 6
55 50 1
55 51 4
55 52 3
55 53 4
55 54 4
55 55 2
55 56 5
55 57 1
55 58 1
55 59 0
55 60 0
55 61 0
55 62 0
55 63 0
56 0 5
56 1 3
56 2 3
56 3 4
56 4 7
56 5 3
56 6 2
56 7 8
56 8 1
56 9 2
56 10 5
56 11 4
56 12 4
56 13 6
56 14 4
56 15 4
56 16 5
56 17 9
56 18 3
56 19 4
56 20 5
56 21 4
56 22 9
56 23 4
56 24 2
56 25 3
56 26 4
56 27 4
56 28 6
56 29 6
56 30 3
56 31 4
56 32 5
56 33 4
56 34 6
56 35 1
56 36 5
56 37 6
56 38 4
56 39 3
56 40 3
56 41 3
56 42 3
56 43 1
56 44 3
56 45 4
56 46 4
56 47 5
56 48 3
56 49 3
56 50 3
56 51 4
56 52 6
56 53 3
56 54 4
56 55 4
56 56 2
56 57 3
56 58 1
56 59 0
56 60 0
56 61 0
56 62 0
56 63 0
57 0 6
57 1 4
57 2 4
57 3 3
57 4 3
57 5 4
57 6 5
57 7 5
57 8 6
57 9 3
57 10 6
57 11 6
57 12 5
57 13 4
57 14 7
57 15 2
57 16 3
57 17 3
57 18 2
57 19 3
57 20 4
57 21 3
57 22 2
57 23 5
57 24 2
57 25 2
57 26 4
57 27 3
57 28 4
57 29 4
57 30 5
57 31 5
57 32 4
57 33 6
57 34 4
57 35 4
57 36 4
57 37 1
57 38 1
57 39 3
57 40 7
57 41 2
57 42 5
57 43 7
57 44 4
57 45 4
57 46 1
57 47 6
57 48 3
57 49 1
57 50 4
57 51 4
57 52 2
57 53 2
57 54 3
57 55 3
57 56 4
57 57 0
57 58 4
57 59 0
57 60 0
57 61 0
57 62 0
57 63 0
58 0 3
58 1 5
58 2 5
58 3 3
58 4 5
58 5 4
58 6 5
58 7 5
58 8 3
58 9 5
58 10 4
58 11 6
58 12 7
58 13 4
58 14 2
58 15 7
58 16 4
58 17 5
58 18 3
58 19 5
58 20 4
58 21 3
58 22 7
58 23 2
58 24 5
58 25 4
58 26 3
58 27 3
58 28 3
58 29 2
58 30 4
58 31 3
58 32 4
58 33 2
58 34 4
58 35 4
58 36 3
58 37 6
58 38 4
58 39 5
58 40 4
58 41 1
58 42 8
58 43 4
58 44 7
58 45 5
58 46 4
58 47 4
58 48 5
58 49 4
58 50 1
58 51 5
58 52 1
58 53 4
58 54 3
58 55 5
58 56 4
58 57 5
58 58 4
58 59 0
58 60 0
58 61 0
58 62 0
58 63 0
59 0 4
59 1 6
59 2 3
59 3 5
59 4 3
59 5 5
59 6 1
59 7 6
59 8 4
59 9 5
59 10 4
59 11 3
59 12 5
59 13 3
59 14 5
59 15 4
59 16 3
59 17 3
59 18 5
59 19 6
59 20 9
59 21 5
59 22 1
59 23 6
59 24 4
59 25 8
59 26 7
59 27 6
59 28 3
59 29 2
59 30 6
59 31 4
59 32 4
59 33 6
59 34 3
59 35 4
59 36 5
59 37 5
59 38 2
59 39 4
59 40 4
59 41 5
59 42 3
59 43 4
59 44 1
59 45 7
59 46 2
59 47 3
59 48 5
59 49 4
59 50 5
59 51 2
59 52 6
59 53 2
59 54 3
59 55 3
59 56 4
59 57 2
59 58 4
59 59 0
59 60 0
59 61 0
59 62 0
59 63 0
60 0 3
60 1 3
60 2 3
60 3 4
60 4 5
60 5 7
60 6 3
60 7 5
60 8 4
60 9 5
60 10 1
60 11 5
60 12 3
60 13 5
60 14 4
60 15 4
60 16 6
60 17 4
60 18 8
60 19 4
60 20 6
60 21 2
60 22 2
60 23 6
60 24 4
60 25 6
60 26 6
60 27 3
60 28 3
60 29 4
60 30 4
60 31 5
60 32 4
60 33 2
60 34 2
60 35 4
60 36 6
60 37 6
60 38 5
60 39 4
60 40 4
60 41 5
60 42 3
60 43 6
60 44 2
60 45 4
60 46 3
60 47 7
60 48 3
60 49 1
60 50 5
60 51 4
60 52 4
60 53 5
60 54 5
60 55 7
60 56 1
60 57 2
60 58 4
60 59 2
60 60 0
60 61 0
60 62 0
60 63 0
61 0 3
61 1 6
61 2 4
61 3 7
61 4 6
61 5 1
61 6 7
61 7 1
61 8 10
61 9 3
61 10 3
61 11 5
61 12 5
61 13 2
61 14 4
61 15 2
61 16 5
61 17 1
61 18 3
61 19 2
61 20 1
61 21 4
61 22 4
61 23 5
61 24 4
61 25 3
61 26 3
61 27 4
61 28 6
61 29 5
61 30 4
61 31 3
61 32 6
61 33 4
61 34 2
61 35 5
61 36 3
61 37 4
61 38 5
61 39 3
61 40 1
61 41 4
61 42 1
61 43 3
61 44 3
61 45 5
61 46 3
61 47 4
61 48 4
61 49 3
61 50 4
61 51 4
61 52 5
61 53 4
61 54 3
61 55 3
61 56 5
61 57 3
61 58 4
61 59 1
61 60 2
61 61 0
61 62 0
61 63 0
62 0 6
62 1 3
62 2 6
62 3 3
62 4 2
62 5 5
62 6 5
62 7 4
62 8 1
62 9 3
62 10 5
62 11 5
62 12 5
62 13 7
62 14 3
62 15 9
62 16 2
62 17 3
62 18 5
62 19 4
62 20 5
62 21 6
62 22 8
62 23 2
62 24 1
62 25 2
62 26 4
62 27 5
62 28 5
62 29 6
62 30 2
62 31 2
62 32 5
62 33 2
62 34 6
62 35 3
62 36 5
62 37 5
62 38 6
62 39 5
62 40 3
62 41 4
62 42 5
62 43 3
62 44 1
62 45 6
62 46 6
62 47 1
62 48 5
62 49 4
62 50 5
62 51 3
62 52 3
62 53 6
62 54 3
62 55 2
62 56 4
62 57 4
62 58 3
62 59 3
62 60 0
62 61 0
62 62 0
62 63 0
63 0 3
63 1 3
63 2 7
63 3 5
63 4 7
63 5 4
63 6 4
63 7 4
63 8 4
63 9 3
63 10 6
63 11 4
63 12 3
63 13 4
63 14 3
63 15 4
63 16 3
63 17 5
63 18 4
63 19 4
63 20 3
63 21 3
63 22 6
63 23 4
63 24 8
63 25 2
63 26 7
63 27 5
63 28 5
63 29 5
63 30 4
63 31 3
63 32 1
63 33 5
63 34 6
63 35 4
63 36 2
63 37 5
63 38 3
63 39 4
63 40 5
63 41 4
63 42 3
63 43 5
63 44 3
63 45 3
63 46 5
63 47 3
63 48 4
63 49 4
63 50 4
63 51 4
63 52 5
63 53 5
63 54 5
63 55 4
63 56 6
63 57 3
63 58 3
63 59 5
63 60 1
63 61 0
63 62 0
63 63 0
