0 0 4
0 1 4
0 2 6
0 3 4
0 4 4
0 5 4
0 6 6
0 7 4
0 8 4
0 9 6
0 10 4
0 11 4
0 12 4
0 13 4
0 14 6
0 15 4
0 16 4
0 17 4
0 18 4
0 19 4
0 20 4
0 21 4
0 22 4
0 23 6
0 24 4
0 25 4
0 26 4
0 27 4
0 28 4
0 29 4
0 30 4
0 31 4
0 32 4
0 33 4
0 34 4
0 35 4
0 36 4
0 37 4
0 38 4
0 39 4
0 40 4
0 41 4
0 42 4
0 43 4
0 44 2
0 45 4
0 46 4
0 47 4
0 48 4
0 49 4
0 50 4
0 51 4
0 52 4
0 53 2
0 54 4
0 55 4
0 56 4
0 57 2
0 58 4
0 59 4
0 60 4
0 61 3
0 62 4
0 63 2
1 0 4
1 1 4
1 2 6
1 3 4
1 4 4
1 5 5
1 6 5
1 7 4
1 8 4
1 9 6
1 10 4
1 11 4
1 12 4
1 13 4
1 14 6
1 15 4
1 16 4
1 17 4
1 18 4
1 19 4
1 20 4
1 21 4
1 22 4
1 23 6
1 24 4
1 25 4
1 26 4
1 27 4
1 28 4
1 29 4
1 30 4
1 31 4
1 32 4
1 33 4
1 34 4
1 35 4
1 36 4
1 37 4
1 38 4
1 39 4
1 40 4
1 41 4
1 42 4
1 43 3
1 44 3
1 45 4
1 46 4
1 47 4
1 48 4
1 49 4
1 50 4
1 51 4
1 52 3
1 53 3
1 54 4
1 55 4
1 56 4
1 57 2
1 58 4
1 59 4
1 60 4
1 61 2
1 62 6
1 63 3
2 0 4
2 1 4
2 2 6
2 3 4
2 4 4
2 5 5
2 6 5
2 7 4
2 8 4
2 9 6
2 10 4
2 11 4
2 12 4
2 13 5
2 14 5
2 15 4
2 16 4
2 17 4
2 18 4
2 19 4
2 20 4
2 21 4
2 22 5
2 23 5
2 24 4
2 25 4
2 26 4
2 27 4
2 28 4
2 29 4
2 30 4
2 31 4
2 32 4
2 33 4
2 34 4
2 35 4
2 36 4
2 37 4
2 38 4
2 39 4
2 40 4
2 41 4
2 42 4
2 43 3
2 44 4
2 45 3
2 46 4
2 47 4
2 48 4
2 49 4
2 50 4
2 51 4
2 52 5
2 53 5
2 54 6
2 55 6
2 56 5
2 57 6
2 58 4
2 59 6
2 60 4
2 61 3
2 62 3
2 63 3
3 0 4
3 1 4
3 2 6
3 3 4
3 4 4
3 5 5
3 6 5
3 7 4
3 8 5
3 9 4
3 10 5
3 11 4
3 12 4
3 13 5
3 14 5
3 15 4
3 16 4
3 17 4
3 18 4
3 19 4
3 20 4
3 21 5
3 22 4
3 23 5
3 24 4
3 25 4
3 26 4
3 27 4
3 28 4
3 29 4
3 30 4
3 31 4
3 32 4
3 33 4
3 34 4
3 35 4
3 36 4
3 37 4
3 38 4
3 39 4
3 40 4
3 41 4
3 42 3
3 43 4
3 44 4
3 45 4
3 46 3
3 47 5
3 48 6
3 49 6
3 50 5
3 51 5
3 52 4
3 53 4
3 54 3
3 55 4
3 56 3
3 57 4
3 58 5
3 59 3
3 60 4
3 61 4
3 62 5
3 63 3
4 0 4
4 1 4
4 2 6
4 3 4
4 4 4
4 5 5
4 6 5
4 7 4
4 8 5
4 9 4
4 10 5
4 11 4
4 12 5
4 13 4
4 14 5
4 15 4
4 16 4
4 17 4
4 18 4
4 19 4
4 20 5
4 21 4
4 22 4
4 23 5
4 24 4
4 25 4
4 26 4
4 27 4
4 28 4
4 29 4
4 30 4
4 31 4
4 32 4
4 33 4
4 34 4
4 35 4
4 36 4
4 37 4
4 38 4
4 39 4
4 40 4
4 41 3
4 42 4
4 43 4
4 44 4
4 45 5
4 46 6
4 47 4
4 48 4
4 49 4
4 50 3
4 51 4
4 52 4
4 53 4
4 54 4
4 55 3
4 56 4
4 57 3
4 58 2
4 59 6
4 60 3
4 61 6
4 62 1
4 63 3
5 0 2
5 1 2
5 2 3
5 3 2
5 4 2
5 5 3
5 6 3
5 7 4
5 8 5
5 9 4
5 10 5
5 11 4
5 12 5
5 13 4
5 14 5
5 15 4
5 16 4
5 17 4
5 18 4
5 19 5
5 20 4
5 21 4
5 22 4
5 23 5
5 24 4
5 25 4
5 26 4
5 27 4
5 28 4
5 29 4
5 30 4
5 31 4
5 32 4
5 33 4
5 34 4
5 35 4
5 36 4
5 37 4
5 38 4
5 39 4
5 40 3
5 41 4
5 42 4
5 43 5
5 44 6
5 45 5
5 46 4
5 47 4
5 48 4
5 49 3
5 50 4
5 51 3
5 52 4
5 53 4
5 54 4
5 55 4
5 56 4
5 57 2
5 58 8
5 59 2
5 60 5
5 61 4
5 62 3
5 63 1
6 0 4
6 1 4
6 2 6
6 3 4
6 4 4
6 5 5
6 6 4
6 7 2
6 8 3
6 9 2
6 10 3
6 11 5
6 12 4
6 13 4
6 14 5
6 15 4
6 16 4
6 17 4
6 18 5
6 19 4
6 20 4
6 21 4
6 22 4
6 23 5
6 24 4
6 25 4
6 26 4
6 27 4
6 28 4
6 29 4
6 30 4
6 31 4
6 32 4
6 33 4
6 34 4
6 35 4
6 36 4
6 37 4
6 38 4
6 39 4
6 40 3
6 41 4
6 42 5
6 43 5
6 44 4
6 45 4
6 46 4
6 47 4
6 48 4
6 49 4
6 50 3
6 51 4
6 52 3
6 53 4
6 54 5
6 55 4
6 56 5
6 57 5
6 58 3
6 59 6
6 60 3
6 61 3
6 62 4
6 63 2
7 0 4
7 1 4
7 2 6
7 3 4
7 4 4
7 5 6
7 6 4
7 7 4
7 8 5
7 9 5
7 10 3
7 11 3
7 12 3
7 13 4
7 14 5
7 15 4
7 16 4
7 17 5
7 18 4
7 19 4
7 20 4
7 21 4
7 22 5
7 23 4
7 24 4
7 25 4
7 26 4
7 27 4
7 28 4
7 29 4
7 30 4
7 31 4
7 32 4
7 33 4
7 34 4
7 35 4
7 36 4
7 37 4
7 38 4
7 39 4
7 40 3
7 41 5
7 42 5
7 43 4
7 44 4
7 45 4
7 46 4
7 47 4
7 48 4
7 49 4
7 50 3
7 51 4
7 52 4
7 53 6
7 54 5
7 55 3
7 56 4
7 57 2
7 58 8
7 59 4
7 60 6
7 61 4
7 62 3
7 63 2
8 0 2
8 1 2
8 2 5
8 3 3
8 4 4
8 5 5
8 6 4
8 7 5
8 8 4
8 9 5
8 10 4
8 11 5
8 12 3
8 13 2
8 14 4
8 15 4
8 16 5
8 17 4
8 18 4
8 19 4
8 20 4
8 21 4
8 22 5
8 23 4
8 24 4
8 25 4
8 26 4
8 27 4
8 28 4
8 29 4
8 30 4
8 31 4
8 32 4
8 33 4
8 34 4
8 35 4
8 36 4
8 37 4
8 38 4
8 39 3
8 40 5
8 41 5
8 42 4
8 43 4
8 44 4
8 45 4
8 46 4
8 47 4
8 48 4
8 49 4
8 50 4
8 51 3
8 52 6
8 53 4
8 54 4
8 55 4
8 56 4
8 57 4
8 58 3
8 59 2
8 60 4
8 61 4
8 62 4
8 63 1
9 0 4
9 1 4
9 2 4
9 3 3
9 4 4
9 5 2
9 6 2
9 7 5
9 8 5
9 9 4
9 10 5
9 11 4
9 12 4
9 13 4
9 14 3
9 15 4
9 16 4
9 17 4
9 18 4
9 19 4
9 20 4
9 21 5
9 22 4
9 23 4
9 24 4
9 25 4
9 26 4
9 27 4
9 28 4
9 29 4
9 30 4
9 31 4
9 32 4
9 33 4
9 34 4
9 35 4
9 36 4
9 37 4
9 38 4
9 39 3
9 40 5
9 41 4
9 42 4
9 43 4
9 44 4
9 45 4
9 46 4
9 47 4
9 48 4
9 49 4
9 50 4
9 51 4
9 52 4
9 53 4
9 54 4
9 55 4
9 56 5
9 57 4
9 58 3
9 59 4
9 60 5
9 61 2
9 62 2
9 63 1
10 0 4
10 1 4
10 2 6
10 3 4
10 4 6
10 5 4
10 6 4
10 7 3
10 8 3
10 9 4
10 10 5
10 11 4
10 12 4
10 13 5
10 14 4
10 15 4
10 16 3
10 17 4
10 18 4
10 19 4
10 20 4
10 21 5
10 22 4
10 23 4
10 24 4
10 25 4
10 26 4
10 27 4
10 28 4
10 29 4
10 30 4
10 31 4
10 32 4
10 33 4
10 34 4
10 35 4
10 36 4
10 37 4
10 38 4
10 39 4
10 40 4
10 41 4
10 42 4
10 43 4
10 44 4
10 45 4
10 46 4
10 47 4
10 48 4
10 49 4
10 50 6
10 51 4
10 52 3
10 53 4
10 54 5
10 55 4
10 56 5
10 57 6
10 58 3
10 59 3
10 60 2
10 61 3
10 62 3
10 63 1
11 0 2
11 1 3
11 2 5
11 3 3
11 4 6
11 5 4
11 6 6
11 7 4
11 8 3
11 9 3
11 10 4
11 11 5
11 12 4
11 13 4
11 14 5
11 15 4
11 16 3
11 17 3
11 18 4
11 19 4
11 20 5
11 21 4
11 22 4
11 23 4
11 24 4
11 25 4
11 26 4
11 27 4
11 28 4
11 29 4
11 30 4
11 31 4
11 32 4
11 33 4
11 34 4
11 35 4
11 36 4
11 37 4
11 38 4
11 39 3
11 40 4
11 41 4
11 42 4
11 43 4
11 44 4
11 45 4
11 46 4
11 47 4
11 48 4
11 49 4
11 50 4
11 51 4
11 52 4
11 53 4
11 54 3
11 55 6
11 56 4
11 57 5
11 58 5
11 59 5
11 60 2
11 61 5
11 62 3
11 63 0
12 0 4
12 1 5
12 2 4
12 3 5
12 4 4
12 5 4
12 6 6
12 7 4
12 8 4
12 9 5
12 10 3
12 11 4
12 12 4
12 13 5
12 14 4
12 15 4
12 16 4
12 17 3
12 18 3
12 19 5
12 20 4
12 21 4
12 22 4
12 23 4
12 24 4
12 25 4
12 26 4
12 27 4
12 28 4
12 29 4
12 30 4
12 31 4
12 32 4
12 33 4
12 34 4
12 35 4
12 36 4
12 37 4
12 38 5
12 39 5
12 40 3
12 41 4
12 42 4
12 43 4
12 44 3
12 45 4
12 46 4
12 47 5
12 48 3
12 49 7
12 50 4
12 51 4
12 52 3
12 53 4
12 54 3
12 55 5
12 56 5
12 57 2
12 58 3
12 59 4
12 60 0
12 61 2
12 62 3
12 63 0
13 0 4
13 1 5
13 2 3
13 3 5
13 4 2
13 5 4
13 6 4
13 7 4
13 8 6
13 9 4
13 10 3
13 11 2
13 12 5
13 13 4
13 14 4
13 15 4
13 16 4
13 17 4
13 18 3
13 19 5
13 20 4
13 21 4
13 22 5
13 23 4
13 24 4
13 25 4
13 26 3
13 27 4
13 28 4
13 29 4
13 30 4
13 31 4
13 32 4
13 33 4
13 34 4
13 35 4
13 36 5
13 37 4
13 38 4
13 39 4
13 40 4
13 41 4
13 42 3
13 43 5
13 44 4
13 45 4
13 46 3
13 47 4
13 48 4
13 49 4
13 50 4
13 51 4
13 52 5
13 53 3
13 54 2
13 55 4
13 56 2
13 57 4
13 58 5
13 59 4
13 60 3
13 61 1
13 62 0
13 63 0
14 0 3
14 1 4
14 2 3
14 3 6
14 4 5
14 5 4
14 6 3
14 7 6
14 8 4
14 9 4
14 10 4
14 11 4
14 12 4
14 13 4
14 14 4
14 15 4
14 16 4
14 17 4
14 18 4
14 19 5
14 20 4
14 21 4
14 22 4
14 23 4
14 24 4
14 25 4
14 26 4
14 27 4
14 28 3
14 29 4
14 30 4
14 31 4
14 32 4
14 33 4
14 34 5
14 35 4
14 36 4
14 37 4
14 38 4
14 39 4
14 40 4
14 41 4
14 42 4
14 43 4
14 44 4
14 45 4
14 46 4
14 47 3
14 48 4
14 49 4
14 50 4
14 51 4
14 52 5
14 53 4
14 54 4
14 55 1
14 56 4
14 57 2
14 58 0
14 59 1
14 60 0
14 61 0
14 62 0
14 63 0
15 0 5
15 1 3
15 2 4
15 3 3
15 4 4
15 5 5
15 6 3
15 7 4
15 8 4
15 9 4
15 10 4
15 11 6
15 12 3
15 13 4
15 14 4
15 15 3
15 16 5
15 17 4
15 18 5
15 19 3
15 20 4
15 21 4
15 22 4
15 23 4
15 24 4
15 25 4
15 26 4
15 27 4
15 28 4
15 29 4
15 30 3
15 31 4
15 32 5
15 33 4
15 34 4
15 35 4
15 36 4
15 37 4
15 38 3
15 39 2
15 40 2
15 41 2
15 42 2
15 43 2
15 44 2
15 45 2
15 46 2
15 47 1
15 48 2
15 49 0
15 50 0
15 51 0
15 52 0
15 53 0
15 54 1
15 55 0
15 56 0
15 57 1
15 58 0
15 59 0
15 60 0
15 61 0
15 62 0
15 63 0
16 0 4
16 1 3
16 2 5
16 3 5
16 4 3
16 5 5
16 6 4
16 7 2
16 8 6
16 9 4
16 10 4
16 11 4
16 12 3
16 13 2
16 14 2
16 15 2
16 16 2
16 17 2
16 18 2
16 19 1
16 20 0
16 21 0
16 22 0
16 23 0
16 24 0
16 25 0
16 26 0
16 27 0
16 28 0
16 29 0
16 30 0
16 31 0
16 32 0
16 33 0
16 34 0
16 35 0
16 36 0
16 37 0
16 38 0
16 39 0
16 40 0
16 41 0
16 42 0
16 43 0
16 44 0
16 45 0
16 46 0
16 47 0
16 48 0
16 49 0
16 50 0
16 51 0
16 52 0
16 53 0
16 54 0
16 55 0
16 56 0
16 57 0
16 58 0
16 59 0
16 60 0
16 61 0
16 62 0
16 63 0
17 0 5
17 1 4
17 2 4
17 3 5
17 4 6
17 5 2
17 6 2
17 7 2
17 8 0
17 9 0
17 10 0
17 11 0
17 12 0
17 13 0
17 14 0
17 15 0
17 16 0
17 17 0
17 18 0
17 19 0
17 20 0
17 21 0
17 22 0
17 23 0
17 24 0
17 25 0
17 26 0
17 27 0
17 28 0
17 29 0
17 30 0
17 31 0
17 32 0
17 33 0
17 34 0
17 35 0
17 36 0
17 37 0
17 38 0
17 39 0
17 40 0
17 41 0
17 42 0
17 43 0
17 44 0
17 45 0
17 46 0
17 47 0
17 48 0
17 49 0
17 50 0
17 51 0
17 52 0
17 53 0
17 54 0
17 55 0
17 56 0
17 57 0
17 58 0
17 59 0
17 60 0
17 61 0
17 62 0
17 63 0
18 0 3
18 1 3
18 2 2
18 3 0
18 4 0
18 5 0
18 6 0
18 7 0
18 8 0
18 9 0
18 10 0
18 11 0
18 12 0
18 13 0
18 14 0
18 15 0
18 16 0
18 17 0
18 18 0
18 19 0
18 20 0
18 21 0
18 22 0
18 23 0
18 24 0
18 25 0
18 26 0
18 27 0
18 28 0
18 29 0
18 30 0
18 31 0
18 32 0
18 33 0
18 34 0
18 35 0
18 36 0
18 37 0
18 38 0
18 39 0
18 40 0
18 41 0
18 42 0
18 43 0
18 44 0
18 45 0
18 46 0
18 47 0
18 48 0
18 49 0
18 50 0
18 51 0
18 52 0
18 53 0
18 54 0
18 55 0
18 56 0
18 57 0
18 58 0
18 59 0
18 60 0
18 61 0
18 62 0
18 63 0
19 0 0
19 1 0
19 2 0
19 3 0
19 4 0
19 5 0
19 6 0
19 7 0
19 8 0
19 9 0
19 10 0
19 11 0
19 12 0
19 13 0
19 14 0
19 15 0
19 16 0
19 17 0
19 18 0
19 19 0
19 20 0
19 21 0
19 22 0
19 23 0
19 24 0
19 25 0
19 26 0
19 27 0
19 28 0
19 29 0
19 30 0
19 31 0
19 32 0
19 33 0
19 34 0
19 35 0
19 36 0
19 37 0
19 38 0
19 39 0
19 40 0
19 41 0
19 42 0
19 43 0
19 44 0
19 45 0
19 46 0
19 47 0
19 48 0
19 49 0
19 50 0
19 51 0
19 52 0
19 53 0
19 54 0
19 55 0
19 56 0
19 57 0
19 58 0
19 59 0
19 60 0
19 61 0
19 62 0
19 63 0
20 0 0
20 1 0
20 2 0
20 3 0
20 4 0
20 5 0
20 6 0
20 7 0
20 8 0
20 9 0
20 10 0
20 11 0
20 12 0
20 13 0
20 14 0
20 15 0
20 16 0
20 17 0
20 18 0
20 19 0
20 20 0
20 21 0
20 22 0
20 23 0
20 24 0
20 25 0
20 26 0
20 27 0
20 28 0
20 29 0
20 30 0
20 31 0
20 32 0
20 33 0
20 34 0
20 35 0
20 36 0
20 37 0
20 38 0
20 39 0
20 40 0
20 41 0
20 42 0
20 43 0
20 44 0
20 45 0
20 46 0
20 47 0
20 48 0
20 49 0
20 50 0
20 51 0
20 52 0
20 53 0
20 54 0
20 55 0
20 56 0
20 57 0
20 58 0
20 59 0
20 60 0
20 61 0
20 62 0
20 63 0
21 0 0
21 1 0
21 2 0
21 3 0
21 4 0
21 5 0
21 6 0
21 7 0
21 8 0
21 9 0
21 10 0
21 11 0
21 12 0
21 13 0
21 14 0
21 15 0
21 16 0
21 17 0
21 18 0
21 19 0
21 20 0
21 21 0
21 22 0
21 23 0
21 24 0
21 25 0
21 26 0
21 27 0
21 28 0
21 29 0
21 30 0
21 31 0
21 32 0
21 33 0
21 34 0
21 35 0
21 36 0
21 37 0
21 38 0
21 39 0
21 40 0
21 41 0
21 42 0
21 43 0
21 44 0
21 45 0
21 46 0
21 47 0
21 48 0
21 49 0
21 50 0
21 51 0
21 52 0
21 53 0
21 54 0
21 55 0
21 56 0
21 57 0
21 58 0
21 59 0
21 60 0
21 61 0
21 62 0
21 63 0
22 0 0
22 1 0
22 2 0
22 3 0
22 4 0
22 5 0
22 6 0
22 7 0
22 8 0
22 9 0
22 10 0
22 11 0
22 12 0
22 13 0
22 14 0
22 15 0
22 16 0
22 17 0
22 18 0
22 19 0
22 20 0
22 21 0
22 22 0
22 23 0
22 24 0
22 25 0
22 26 0
22 27 0
22 28 0
22 29 0
22 30 0
22 31 0
22 32 0
22 33 0
22 34 0
22 35 0
22 36 0
22 37 0
22 38 0
22 39 0
22 40 0
22 41 0
22 42 0
22 43 0
22 44 0
22 45 0
22 46 0
22 47 0
22 48 0
22 49 0
22 50 0
22 51 0
22 52 0
22 53 0
22 54 0
22 55 0
22 56 0
22 57 0
22 58 0
22 59 0
22 60 0
22 61 0
22 62 0
22 63 0
23 0 0
23 1 0
23 2 0
23 3 0
23 4 0
23 5 0
23 6 0
23 7 0
23 8 0
23 9 0
23 10 0
23 11 0
23 12 0
23 13 0
23 14 0
23 15 0
23 16 0
23 17 0
23 18 0
23 19 0
23 20 0
23 21 0
23 22 0
23 23 0
23 24 0
23 25 0
23 26 0
23 27 0
23 28 0
23 29 0
23 30 0
23 31 0
23 32 0
23 33 0
23 34 0
23 35 0
23 36 0
23 37 0
23 38 0
23 39 0
23 40 0
23 41 0
23 42 0
23 43 0
23 44 0
23 45 0
23 46 0
23 47 0
23 48 0
23 49 0
23 50 0
23 51 0
23 52 0
23 53 0
23 54 0
23 55 0
23 56 0
23 57 0
23 58 0
23 59 0
23 60 0
23 61 0
23 62 0
23 63 0
24 0 0
24 1 0
24 2 0
24 3 0
24 4 0
24 5 0
24 6 0
24 7 0
24 8 0
24 9 0
24 10 0
24 11 0
24 12 0
24 13 0
24 14 0
24 15 0
24 16 0
24 17 0
24 18 0
24 19 0
24 20 0
24 21 0
24 22 0
24 23 0
24 24 0
24 25 0
24 26 0
24 27 0
24 28 0
24 29 0
24 30 0
24 31 0
24 32 0
24 33 0
24 34 0
24 35 0
24 36 0
24 37 0
24 38 0
24 39 0
24 40 0
24 41 0
24 42 0
24 43 0
24 44 0
24 45 0
24 46 0
24 47 0
24 48 0
24 49 0
24 50 0
24 51 0
24 52 0
24 53 0
24 54 0
24 55 0
24 56 0
24 57 0
24 58 0
24 59 0
24 60 0
24 61 0
24 62 0
24 63 0
25 0 0
25 1 0
25 2 0
25 3 0
25 4 0
25 5 0
25 6 0
25 7 0
25 8 0
25 9 0
25 10 0
25 11 0
25 12 0
25 13 0
25 14 0
25 15 0
25 16 0
25 17 0
25 18 0
25 19 0
25 20 0
25 21 0
25 22 0
25 23 0
25 24 0
25 25 0
25 26 0
25 27 0
25 28 0
25 29 0
25 30 0
25 31 0
25 32 0
25 33 0
25 34 0
25 35 0
25 36 0
25 37 0
25 38 0
25 39 0
25 40 0
25 41 0
25 42 0
25 43 0
25 44 0
25 45 0
25 46 0
25 47 0
25 48 0
25 49 0
25 50 0
25 51 0
25 52 0
25 53 0
25 54 0
25 55 0
25 56 0
25 57 0
25 58 0
25 59 0
25 60 0
25 61 0
25 62 0
25 63 0
26 0 0
26 1 0
26 2 0
26 3 0
26 4 0
26 5 0
26 6 0
26 7 0
26 8 0
26 9 0
26 10 0
26 11 0
26 12 0
26 13 0
26 14 0
26 15 0
26 16 0
26 17 0
26 18 0
26 19 0
26 20 0
26 21 0
26 22 0
26 23 0
26 24 0
26 25 0
26 26 0
26 27 0
26 28 0
26 29 0
26 30 0
26 31 0
26 32 0
26 33 0
26 34 0
26 35 0
26 36 0
26 37 0
26 38 0
26 39 0
26 40 0
26 41 0
26 42 0
26 43 0
26 44 0
26 45 0
26 46 0
26 47 0
26 48 0
26 49 0
26 50 0
26 51 0
26 52 0
26 53 0
26 54 0
26 55 0
26 56 0
26 57 0
26 58 0
26 59 0
26 60 0
26 61 0
26 62 0
26 63 0
27 0 0
27 1 0
27 2 0
27 3 0
27 4 0
27 5 0
27 6 0
27 7 0
27 8 0
27 9 0
27 10 0
27 11 0
27 12 0
27 13 0
27 14 0
27 15 0
27 16 0
27 17 0
27 18 0
27 19 0
27 20 0
27 21 0
27 22 0
27 23 0
27 24 0
27 25 0
27 26 0
27 27 0
27 28 0
27 29 0
27 30 0
27 31 0
27 32 0
27 33 0
27 34 0
27 35 0
27 36 0
27 37 0
27 38 0
27 39 0
27 40 0
27 41 0
27 42 0
27 43 0
27 44 0
27 45 0
27 46 0
27 47 0
27 48 0
27 49 0
27 50 0
27 51 0
27 52 0
27 53 0
27 54 0
27 55 0
27 56 0
27 57 0
27 58 0
27 59 0
27 60 0
27 61 0
27 62 0
27 63 0
28 0 0
28 1 0
28 2 0
28 3 0
28 4 0
28 5 0
28 6 0
28 7 0
28 8 0
28 9 0
28 10 0
28 11 0
28 12 0
28 13 0
28 14 0
28 15 0
28 16 0
28 17 0
28 18 0
28 19 0
28 20 0
28 21 0
28 22 0
28 23 0
28 24 0
28 25 0
28 26 0
28 27 0
28 28 0
28 29 0
28 30 0
28 31 0
28 32 0
28 33 0
28 34 0
28 35 0
28 36 0
28 37 0
28 38 0
28 39 0
28 40 0
28 41 0
28 42 0
28 43 0
28 44 0
28 45 0
28 46 0
28 47 0
28 48 0
28 49 0
28 50 0
28 51 0
28 52 0
28 53 0
28 54 0
28 55 0
28 56 0
28 57 0
28 58 0
28 59 0
28 60 0
28 61 0
28 62 0
28 63 0
29 0 0
29 1 0
29 2 0
29 3 0
29 4 0
29 5 0
29 6 0
29 7 0
29 8 0
29 9 0
29 10 0
29 11 0
29 12 0
29 13 0
29 14 0
29 15 0
29 16 0
29 17 0
29 18 0
29 19 0
29 20 0
29 21 0
29 22 0
29 23 0
29 24 0
29 25 0
29 26 0
29 27 0
29 28 0
29 29 0
29 30 0
29 31 0
29 32 0
29 33 0
29 34 0
29 35 0
29 36 0
29 37 0
29 38 0
29 39 0
29 40 0
29 41 0
29 42 0
29 43 0
29 44 0
29 45 0
29 46 0
29 47 0
29 48 0
29 49 0
29 50 0
29 51 0
29 52 0
29 53 0
29 54 0
29 55 0
29 56 0
29 57 0
29 58 0
29 59 0
29 60 0
29 61 0
29 62 0
29 63 0
30 0 0
30 1 0
30 2 0
30 3 0
30 4 0
30 5 0
30 6 0
30 7 0
30 8 0
30 9 0
30 10 0
30 11 0
30 12 0
30 13 0
30 14 0
30 15 0
30 16 0
30 17 0
30 18 0
30 19 0
30 20 0
30 21 0
30 22 0
30 23 0
30 24 0
30 25 0
30 26 0
30 27 0
30 28 0
30 29 0
30 30 0
30 31 0
30 32 0
30 33 0
30 34 0
30 35 0
30 36 0
30 37 0
30 38 0
30 39 0
30 40 0
30 41 0
30 42 0
30 43 0
30 44 0
30 45 0
30 46 0
30 47 0
30 48 0
30 49 0
30 50 0
30 51 0
30 52 0
30 53 0
30 54 0
30 55 0
30 56 0
30 57 0
30 58 0
30 59 0
30 60 0
30 61 0
30 62 0
30 63 0
31 0 0
31 1 0
31 2 0
31 3 0
31 4 0
31 5 0
31 6 0
31 7 0
31 8 0
31 9 0
31 10 0
31 11 0
31 12 0
31 13 0
31 14 0
31 15 0
31 16 0
31 17 0
31 18 0
31 19 0
31 20 0
31 21 0
31 22 0
31 23 0
31 24 0
31 25 0
31 26 0
31 27 0
31 28 0
31 29 0
31 30 0
31 31 0
31 32 0
31 33 0
31 34 0
31 35 0
31 36 0
31 37 0
31 38 0
31 39 0
31 40 0
31 41 0
31 42 0
31 43 0
31 44 0
31 45 0
31 46 0
31 47 0
31 48 0
31 49 0
31 50 0
31 51 0
31 52 0
31 53 0
31 54 0
31 55 0
31 56 0
31 57 0
31 58 0
31 59 0
31 60 0
31 61 0
31 62 0
31 63 0
32 0 0
32 1 0
32 2 0
32 3 0
32 4 0
32 5 0
32 6 0
32 7 0
32 8 0
32 9 0
32 10 0
32 11 0
32 12 0
32 13 0
32 14 0
32 15 0
32 16 0
32 17 0
32 18 0
32 19 0
32 20 0
32 21 0
32 22 0
32 23 0
32 24 0
32 25 0
32 26 0
32 27 0
32 28 0
32 29 0
32 30 0
32 31 0
32 32 0
32 33 0
32 34 0
32 35 0
32 36 0
32 37 0
32 38 0
32 39 0
32 40 0
32 41 0
32 42 0
32 43 0
32 44 0
32 45 0
32 46 0
32 47 0
32 48 0
32 49 0
32 50 0
32 51 0
32 52 0
32 53 0
32 54 0
32 55 0
32 56 0
32 57 0
32 58 0
32 59 0
32 60 0
32 61 0
32 62 0
32 63 0
33 0 0
33 1 0
33 2 0
33 3 0
33 4 0
33 5 0
33 6 0
33 7 0
33 8 0
33 9 0
33 10 0
33 11 0
33 12 0
33 13 0
33 14 0
33 15 0
33 16 0
33 17 0
33 18 0
33 19 0
33 20 0
33 21 0
33 22 0
33 23 0
33 24 0
33 25 0
33 26 0
33 27 0
33 28 0
33 29 0
33 30 0
33 31 0
33 32 0
33 33 0
33 34 0
33 35 0
33 36 0
33 37 0
33 38 0
33 39 0
33 40 0
33 41 0
33 42 0
33 43 0
33 44 0
33 45 0
33 46 0
33 47 0
33 48 0
33 49 0
33 50 0
33 51 0
33 52 0
33 53 0
33 54 0
33 55 0
33 56 0
33 57 0
33 58 0
33 59 0
33 60 0
33 61 0
33 62 0
33 63 0
34 0 0
34 1 0
34 2 0
34 3 0
34 4 0
34 5 0
34 6 0
34 7 0
34 8 0
34 9 0
34 10 0
34 11 0
34 12 0
34 13 0
34 14 0
34 15 0
34 16 0
34 17 0
34 18 0
34 19 0
34 20 0
34 21 0
34 22 0
34 23 0
34 24 0
34 25 0
34 26 0
34 27 0
34 28 0
34 29 0
34 30 0
34 31 0
34 32 0
34 33 0
34 34 0
34 35 0
34 36 0
34 37 0
34 38 0
34 39 0
34 40 0
34 41 0
34 42 0
34 43 0
34 44 0
34 45 0
34 46 0
34 47 0
34 48 0
34 49 0
34 50 0
34 51 0
34 52 0
34 53 0
34 54 0
34 55 0
34 56 0
34 57 0
34 58 0
34 59 0
34 60 0
34 61 0
34 62 0
34 63 0
35 0 0
35 1 0
35 2 0
35 3 0
35 4 0
35 5 0
35 6 0
35 7 0
35 8 0
35 9 0
35 10 0
35 11 0
35 12 0
35 13 0
35 14 0
35 15 0
35 16 0
35 17 0
35 18 0
35 19 0
35 20 0
35 21 0
35 22 0
35 23 0
35 24 0
35 25 0
35 26 0
35 27 0
35 28 0
35 29 0
35 30 0
35 31 0
35 32 0
35 33 0
35 34 0
35 35 0
35 36 0
35 37 0
35 38 0
35 39 0
35 40 0
35 41 0
35 42 0
35 43 0
35 44 0
35 45 0
35 46 0
35 47 0
35 48 0
35 49 0
35 50 0
35 51 0
35 52 0
35 53 0
35 54 0
35 55 0
35 56 0
35 57 0
35 58 0
35 59 0
35 60 0
35 61 0
35 62 0
35 63 0
36 0 0
36 1 0
36 2 0
36 3 0
36 4 0
36 5 0
36 6 0
36 7 0
36 8 0
36 9 0
36 10 0
36 11 0
36 12 0
36 13 0
36 14 0
36 15 0
36 16 0
36 17 0
36 18 0
36 19 0
36 20 0
36 21 0
36 22 0
36 23 0
36 24 0
36 25 0
36 26 0
36 27 0
36 28 0
36 29 0
36 30 0
36 31 0
36 32 0
36 33 0
36 34 0
36 35 0
36 36 0
36 37 0
36 38 0
36 39 0
36 40 0
36 41 0
36 42 0
36 43 0
36 44 0
36 45 0
36 46 0
36 47 0
36 48 0
36 49 0
36 50 0
36 51 0
36 52 0
36 53 0
36 54 0
36 55 0
36 56 0
36 57 0
36 58 0
36 59 0
36 60 0
36 61 0
36 62 0
36 63 0
37 0 0
37 1 0
37 2 0
37 3 0
37 4 0
37 5 0
37 6 0
37 7 0
37 8 0
37 9 0
37 10 0
37 11 0
37 12 0
37 13 0
37 14 0
37 15 0
37 16 0
37 17 0
37 18 0
37 19 0
37 20 0
37 21 0
37 22 0
37 23 0
37 24 0
37 25 0
37 26 0
37 27 0
37 28 0
37 29 0
37 30 0
37 31 0
37 32 0
37 33 0
37 34 0
37 35 0
37 36 0
37 37 0
37 38 0
37 39 0
37 40 0
37 41 0
37 42 0
37 43 0
37 44 0
37 45 0
37 46 0
37 47 0
37 48 0
37 49 0
37 50 0
37 51 0
37 52 0
37 53 0
37 54 0
37 55 0
37 56 0
37 57 0
37 58 0
37 59 0
37 60 0
37 61 0
37 62 0
37 63 0
38 0 0
38 1 0
38 2 0
38 3 0
38 4 0
38 5 0
38 6 0
38 7 0
38 8 0
38 9 0
38 10 0
38 11 0
38 12 0
38 13 0
38 14 0
38 15 0
38 16 0
38 17 0
38 18 0
38 19 0
38 20 0
38 21 0
38 22 0
38 23 0
38 24 0
38 25 0
38 26 0
38 27 0
38 28 0
38 29 0
38 30 0
38 31 0
38 32 0
38 33 0
38 34 0
38 35 0
38 36 0
38 37 0
38 38 0
38 39 0
38 40 0
38 41 0
38 42 0
38 43 0
38 44 0
38 45 0
38 46 0
38 47 0
38 48 0
38 49 0
38 50 0
38 51 0
38 52 0
38 53 0
38 54 0
38 55 0
38 56 0
38 57 0
38 58 0
38 59 0
38 60 0
38 61 0
38 62 0
38 63 0
39 0 0
39 1 0
39 2 0
39 3 0
39 4 0
39 5 0
39 6 0
39 7 0
39 8 0
39 9 0
39 10 0
39 11 0
39 12 0
39 13 0
39 14 0
39 15 0
39 16 0
39 17 0
39 18 0
39 19 0
39 20 0
39 21 0
39 22 0
39 23 0
39 24 0
39 25 0
39 26 0
39 27 0
39 28 0
39 29 0
39 30 0
39 31 0
39 32 0
39 33 0
39 34 0
39 35 0
39 36 0
39 37 0
39 38 0
39 39 0
39 40 0
39 41 0
39 42 0
39 43 0
39 44 0
39 45 0
39 46 0
39 47 0
39 48 0
39 49 0
39 50 0
39 51 0
39 52 0
39 53 0
39 54 0
39 55 0
39 56 0
39 57 0
39 58 0
39 59 0
39 60 0
39 61 0
39 62 0
39 63 0
40 0 0
40 1 0
40 2 0
40 3 0
40 4 0
40 5 0
40 6 0
40 7 0
40 8 0
40 9 0
40 10 0
40 11 0
40 12 0
40 13 0
40 14 0
40 15 0
40 16 0
40 17 0
40 18 0
40 19 0
40 20 0
40 21 0
40 22 0
40 23 0
40 24 0
40 25 0
40 26 0
40 27 0
40 28 0
40 29 0
40 30 0
40 31 0
40 32 0
40 33 0
40 34 0
40 35 0
40 36 0
40 37 0
40 38 0
40 39 0
40 40 0
40 41 0
40 42 0
40 43 0
40 44 0
40 45 0
40 46 0
40 47 0
40 48 0
40 49 0
40 50 0
40 51 0
40 52 0
40 53 0
40 54 0
40 55 0
40 56 0
40 57 0
40 58 0
40 59 0
40 60 0
40 61 0
40 62 0
40 63 0
41 0 0
41 1 0
41 2 0
41 3 0
41 4 0
41 5 0
41 6 0
41 7 0
41 8 0
41 9 0
41 10 0
41 11 0
41 12 0
41 13 0
41 14 0
41 15 0
41 16 0
41 17 0
41 18 0
41 19 0
41 20 0
41 21 0
41 22 0
41 23 0
41 24 0
41 25 0
41 26 0
41 27 0
41 28 0
41 29 0
41 30 0
41 31 0
41 32 0
41 33 0
41 34 0
41 35 0
41 36 0
41 37 0
41 38 0
41 39 0
41 40 0
41 41 0
41 42 0
41 43 0
41 44 0
41 45 0
41 46 0
41 47 0
41 48 0
41 49 0
41 50 0
41 51 0
41 52 0
41 53 0
41 54 0
41 55 0
41 56 0
41 57 0
41 58 0
41 59 0
41 60 0
41 61 0
41 62 0
41 63 0
42 0 0
42 1 0
42 2 0
42 3 0
42 4 0
42 5 0
42 6 0
42 7 0
42 8 0
42 9 0
42 10 0
42 11 0
42 12 0
42 13 0
42 14 0
42 15 0
42 16 0
42 17 0
42 18 0
42 19 0
42 20 0
42 21 0
42 22 0
42 23 0
42 24 0
42 25 0
42 26 0
42 27 0
42 28 0
42 29 0
42 30 0
42 31 0
42 32 0
42 33 0
42 34 0
42 35 0
42 36 0
42 37 0
42 38 0
42 39 0
42 40 0
42 41 0
42 42 0
42 43 0
42 44 0
42 45 0
42 46 0
42 47 0
42 48 0
42 49 0
42 50 0
42 51 0
42 52 0
42 53 0
42 54 0
42 55 0
42 56 0
42 57 0
42 58 0
42 59 0
42 60 0
42 61 0
42 62 0
42 63 0
43 0 0
43 1 0
43 2 0
43 3 0
43 4 0
43 5 0
43 6 0
43 7 0
43 8 0
43 9 0
43 10 0
43 11 0
43 12 0
43 13 0
43 14 0
43 15 0
43 16 0
43 17 0
43 18 0
43 19 0
43 20 0
43 21 0
43 22 0
43 23 0
43 24 0
43 25 0
43 26 0
43 27 0
43 28 0
43 29 0
43 30 0
43 31 0
43 32 0
43 33 0
43 34 0
43 35 0
43 36 0
43 37 0
43 38 0
43 39 0
43 40 0
43 41 0
43 42 0
43 43 0
43 44 0
43 45 0
43 46 0
43 47 0
43 48 0
43 49 0
43 50 0
43 51 0
43 52 0
43 53 0
43 54 0
43 55 0
43 56 0
43 57 0
43 58 0
43 59 0
43 60 0
43 61 0
43 62 0
43 63 0
44 0 0
44 1 0
44 2 0
44 3 0
44 4 0
44 5 0
44 6 0
44 7 0
44 8 0
44 9 0
44 10 0
44 11 0
44 12 0
44 13 0
44 14 0
44 15 0
44 16 0
44 17 0
44 18 0
44 19 0
44 20 0
44 21 0
44 22 0
44 23 0
44 24 0
44 25 0
44 26 0
44 27 0
44 28 0
44 29 0
44 30 0
44 31 0
44 32 0
44 33 0
44 34 0
44 35 0
44 36 0
44 37 0
44 38 0
44 39 0
44 40 0
44 41 0
44 42 0
44 43 0
44 44 0
44 45 0
44 46 0
44 47 0
44 48 0
44 49 0
44 50 0
44 51 0
44 52 0
44 53 0
44 54 0
44 55 0
44 56 0
44 57 0
44 58 0
44 59 0
44 60 0
44 61 0
44 62 0
44 63 0
45 0 2
45 1 1
45 2 2
45 3 0
45 4 0
45 5 0
45 6 0
45 7 0
45 8 0
45 9 0
45 10 0
45 11 0
45 12 0
45 13 0
45 14 0
45 15 0
45 16 0
45 17 0
45 18 0
45 19 0
45 20 0
45 21 0
45 22 0
45 23 0
45 24 0
45 25 0
45 26 0
45 27 0
45 28 0
45 29 0
45 30 0
45 31 0
45 32 0
45 33 0
45 34 0
45 35 0
45 36 0
45 37 0
45 38 0
45 39 0
45 40 0
45 41 0
45 42 0
45 43 0
45 44 0
45 45 0
45 46 0
45 47 0
45 48 0
45 49 0
45 50 0
45 51 0
45 52 0
45 53 0
45 54 0
45 55 0
45 56 0
45 57 0
45 58 0
45 59 0
45 60 0
45 61 0
45 62 0
45 63 0
46 0 6
46 1 4
46 2 3
46 3 0
46 4 1
46 5 1
46 6 0
46 7 0
46 8 0
46 9 0
46 10 0
46 11 0
46 12 0
46 13 0
46 14 0
46 15 0
46 16 0
46 17 0
46 18 0
46 19 0
46 20 0
46 21 0
46 22 0
46 23 0
46 24 0
46 25 0
46 26 0
46 27 0
46 28 0
46 29 0
46 30 0
46 31 0
46 32 0
46 33 0
46 34 0
46 35 0
46 36 0
46 37 0
46 38 0
46 39 0
46 40 0
46 41 0
46 42 0
46 43 0
46 44 0
46 45 0
46 46 0
46 47 0
46 48 0
46 49 0
46 50 0
46 51 0
46 52 0
46 53 0
46 54 0
46 55 0
46 56 0
46 57 0
46 58 0
46 59 0
46 60 0
46 61 0
46 62 0
46 63 0
47 0 2
47 1 2
47 2 9
47 3 5
47 4 5
47 5 6
47 6 5
47 7 1
47 8 1
47 9 1
47 10 2
47 11 1
47 12 0
47 13 0
47 14 0
47 15 1
47 16 0
47 17 0
47 18 0
47 19 0
47 20 0
47 21 0
47 22 0
47 23 0
47 24 0
47 25 0
47 26 0
47 27 0
47 28 0
47 29 0
47 30 0
47 31 0
47 32 0
47 33 0
47 34 0
47 35 0
47 36 0
47 37 0
47 38 0
47 39 0
47 40 0
47 41 0
47 42 0
47 43 0
47 44 0
47 45 0
47 46 0
47 47 0
47 48 0
47 49 0
47 50 0
47 51 0
47 52 0
47 53 0
47 54 0
47 55 0
47 56 0
47 57 0
47 58 0
47 59 0
47 60 0
47 61 0
47 62 0
47 63 0
48 0 6
48 1 1
48 2 4
48 3 4
48 4 1
48 5 6
48 6 5
48 7 2
48 8 2
48 9 4
48 10 4
48 11 2
48 12 3
48 13 2
48 14 1
48 15 0
48 16 2
48 17 1
48 18 1
48 19 0
48 20 0
48 21 0
48 22 0
48 23 0
48 24 0
48 25 0
48 26 0
48 27 0
48 28 0
48 29 0
48 30 0
48 31 0
48 32 0
48 33 0
48 34 0
48 35 0
48 36 0
48 37 0
48 38 0
48 39 0
48 40 0
48 41 0
48 42 0
48 43 0
48 44 0
48 45 0
48 46 0
48 47 0
48 48 0
48 49 0
48 50 0
48 51 0
48 52 0
48 53 0
48 54 0
48 55 0
48 56 0
48 57 0
48 58 0
48 59 0
48 60 0
48 61 0
48 62 0
48 63 0
49 0 4
49 1 4
49 2 6
49 3 2
49 4 6
49 5 3
49 6 4
49 7 4
49 8 4
49 9 4
49 10 2
49 11 5
49 12 3
49 13 4
49 14 6
49 15 3
49 16 4
49 17 3
49 18 5
49 19 6
49 20 6
49 21 6
49 22 6
49 23 6
49 24 5
49 25 4
49 26 4
49 27 4
49 28 4
49 29 4
49 30 4
49 31 4
49 32 4
49 33 4
49 34 4
49 35 4
49 36 4
49 37 4
49 38 4
49 39 4
49 40 4
49 41 4
49 42 4
49 43 4
49 44 4
49 45 4
49 46 4
49 47 4
49 48 4
49 49 4
49 50 4
49 51 4
49 52 4
49 53 4
49 54 4
49 55 4
49 56 4
49 57 4
49 58 4
49 59 4
49 60 4
49 61 2
49 62 0
49 63 0
50 0 5
50 1 4
50 2 2
50 3 6
50 4 4
50 5 3
50 6 2
50 7 3
50 8 5
50 9 3
50 10 5
50 11 4
50 12 4
50 13 4
50 14 6
50 15 1
50 16 4
50 17 8
50 18 5
50 19 4
50 20 4
50 21 4
50 22 4
50 23 4
50 24 4
50 25 4
50 26 4
50 27 3
50 28 4
50 29 4
50 30 4
50 31 5
50 32 4
50 33 4
50 34 4
50 35 4
50 36 4
50 37 4
50 38 4
50 39 4
50 40 4
50 41 4
50 42 4
50 43 4
50 44 4
50 45 4
50 46 3
50 47 2
50 48 1
50 49 2
50 50 2
50 51 2
50 52 2
50 53 2
50 54 3
50 55 1
50 56 0
50 57 0
50 58 0
50 59 1
50 60 0
50 61 1
50 62 0
50 63 0
51 0 4
51 1 3
51 2 6
51 3 4
51 4 1
51 5 4
51 6 5
51 7 5
51 8 3
51 9 4
51 10 3
51 11 6
51 12 4
51 13 4
51 14 1
51 15 4
51 16 5
51 17 5
51 18 5
51 19 4
51 20 5
51 21 4
51 22 4
51 23 4
51 24 2
51 25 4
51 26 4
51 27 4
51 28 4
51 29 4
51 30 4
51 31 4
51 32 5
51 33 4
51 34 4
51 35 4
51 36 4
51 37 4
51 38 4
51 39 4
51 40 4
51 41 4
51 42 4
51 43 4
51 44 4
51 45 4
51 46 3
51 47 4
51 48 4
51 49 4
51 50 4
51 51 4
51 52 5
51 53 3
51 54 2
51 55 4
51 56 4
51 57 3
51 58 6
51 59 4
51 60 3
51 61 2
51 62 0
51 63 0
52 0 3
52 1 4
52 2 3
52 3 4
52 4 7
52 5 3
52 6 4
52 7 4
52 8 5
52 9 6
52 10 6
52 11 4
52 12 8
52 13 5
52 14 1
52 15 6
52 16 3
52 17 4
52 18 4
52 19 4
52 20 4
52 21 5
52 22 4
52 23 3
52 24 4
52 25 4
52 26 4
52 27 4
52 28 4
52 29 4
52 30 4
52 31 4
52 32 4
52 33 5
52 34 4
52 35 4
52 36 4
52 37 4
52 38 4
52 39 4
52 40 4
52 41 4
52 42 4
52 43 4
52 44 4
52 45 3
52 46 4
52 47 4
52 48 4
52 49 4
52 50 5
52 51 4
52 52 4
52 53 4
52 54 3
52 55 3
52 56 7
52 57 3
52 58 1
52 59 2
52 60 1
52 61 2
52 62 0
52 63 0
53 0 4
53 1 4
53 2 6
53 3 4
53 4 3
53 5 3
53 6 8
53 7 5
53 8 6
53 9 5
53 10 3
53 11 3
53 12 2
53 13 4
53 14 6
53 15 4
53 16 4
53 17 4
53 18 4
53 19 4
53 20 4
53 21 4
53 22 5
53 23 4
53 24 4
53 25 4
53 26 4
53 27 4
53 28 4
53 29 4
53 30 4
53 31 4
53 32 4
53 33 4
53 34 4
53 35 5
53 36 4
53 37 4
53 38 4
53 39 4
53 40 4
53 41 4
53 42 4
53 43 4
53 44 3
53 45 3
53 46 4
53 47 5
53 48 4
53 49 4
53 50 5
53 51 5
53 52 4
53 53 3
53 54 3
53 55 3
53 56 3
53 57 4
53 58 6
53 59 1
53 60 3
53 61 2
53 62 1
53 63 0
54 0 5
54 1 5
54 2 2
54 3 4
54 4 1
54 5 5
54 6 4
54 7 5
54 8 4
54 9 2
54 10 5
54 11 5
54 12 2
54 13 4
54 14 5
54 15 4
54 16 5
54 17 4
54 18 4
54 19 4
54 20 4
54 21 4
54 22 5
54 23 3
54 24 4
54 25 4
54 26 4
54 27 4
54 28 4
54 29 4
54 30 4
54 31 4
54 32 4
54 33 4
54 34 4
54 35 4
54 36 5
54 37 4
54 38 4
54 39 4
54 40 4
54 41 4
54 42 3
54 43 4
54 44 4
54 45 3
54 46 4
54 47 4
54 48 4
54 49 4
54 50 5
54 51 2
54 52 2
54 53 8
54 54 1
54 55 3
54 56 5
54 57 2
54 58 4
54 59 5
54 60 3
54 61 2
54 62 0
54 63 0
55 0 5
55 1 3
55 2 2
55 3 8
55 4 5
55 5 1
55 6 4
55 7 6
55 8 4
55 9 2
55 10 4
55 11 4
55 12 6
55 13 5
55 14 4
55 15 4
55 16 4
55 17 4
55 18 4
55 19 4
55 20 4
55 21 4
55 22 4
55 23 4
55 24 4
55 25 4
55 26 4
55 27 4
55 28 4
55 29 4
55 30 4
55 31 4
55 32 4
55 33 4
55 34 4
55 35 4
55 36 4
55 37 4
55 38 4
55 39 4
55 40 4
55 41 4
55 42 4
55 43 4
55 44 4
55 45 3
55 46 4
55 47 4
55 48 6
55 49 4
55 50 4
55 51 5
55 52 5
55 53 4
55 54 3
55 55 4
55 56 4
55 57 4
55 58 3
55 59 4
55 60 3
55 61 4
55 62 3
55 63 0
56 0 5
56 1 4
56 2 6
56 3 4
56 4 5
56 5 3
56 6 5
56 7 2
56 8 4
56 9 6
56 10 6
56 11 3
56 12 6
56 13 5
56 14 4
56 15 4
56 16 4
56 17 4
56 18 4
56 19 4
56 20 4
56 21 4
56 22 4
56 23 4
56 24 4
56 25 4
56 26 4
56 27 4
56 28 4
56 29 4
56 30 4
56 31 4
56 32 4
56 33 4
56 34 4
56 35 4
56 36 4
56 37 4
56 38 4
56 39 4
56 40 4
56 41 4
56 42 4
56 43 4
56 44 3
56 45 4
56 46 4
56 47 4
56 48 4
56 49 4
56 50 4
56 51 5
56 52 3
56 53 2
56 54 5
56 55 4
56 56 3
56 57 3
56 58 4
56 59 1
56 60 6
56 61 2
56 62 1
56 63 1
57 0 4
57 1 3
57 2 2
57 3 4
57 4 3
57 5 1
57 6 5
57 7 4
57 8 5
57 9 3
57 10 6
57 11 3
57 12 4
57 13 4
57 14 5
57 15 4
57 16 4
57 17 4
57 18 4
57 19 4
57 20 4
57 21 3
57 22 4
57 23 4
57 24 4
57 25 4
57 26 4
57 27 4
57 28 4
57 29 4
57 30 4
57 31 4
57 32 4
57 33 4
57 34 4
57 35 4
57 36 4
57 37 4
57 38 4
57 39 4
57 40 4
57 41 4
57 42 4
57 43 4
57 44 3
57 45 4
57 46 4
57 47 4
57 48 4
57 49 6
57 50 4
57 51 1
57 52 4
57 53 5
57 54 3
57 55 1
57 56 4
57 57 7
57 58 4
57 59 0
57 60 3
57 61 5
57 62 4
57 63 0
58 0 5
58 1 5
58 2 7
58 3 7
58 4 4
58 5 4
58 6 5
58 7 5
58 8 2
58 9 7
58 10 1
58 11 7
58 12 4
58 13 5
58 14 5
58 15 4
58 16 4
58 17 4
58 18 4
58 19 4
58 20 3
58 21 3
58 22 5
58 23 4
58 24 4
58 25 4
58 26 4
58 27 4
58 28 4
58 29 4
58 30 4
58 31 4
58 32 4
58 33 4
58 34 4
58 35 4
58 36 4
58 37 4
58 38 4
58 39 4
58 40 4
58 41 4
58 42 4
58 43 4
58 44 3
58 45 4
58 46 4
58 47 4
58 48 4
58 49 4
58 50 5
58 51 4
58 52 5
58 53 4
58 54 3
58 55 4
58 56 3
58 57 3
58 58 4
58 59 3
58 60 5
58 61 3
58 62 4
58 63 4
59 0 3
59 1 1
59 2 4
59 3 3
59 4 7
59 5 4
59 6 3
59 7 5
59 8 5
59 9 7
59 10 5
59 11 4
59 12 4
59 13 5
59 14 4
59 15 5
59 16 4
59 17 4
59 18 4
59 19 2
59 20 3
59 21 4
59 22 5
59 23 4
59 24 4
59 25 4
59 26 4
59 27 4
59 28 4
59 29 4
59 30 4
59 31 4
59 32 4
59 33 4
59 34 4
59 35 4
59 36 4
59 37 4
59 38 4
59 39 4
59 40 4
59 41 4
59 42 4
59 43 4
59 44 3
59 45 4
59 46 4
59 47 4
59 48 4
59 49 4
59 50 4
59 51 6
59 52 5
59 53 3
59 54 4
59 55 2
59 56 6
59 57 3
59 58 5
59 59 5
59 60 4
59 61 5
59 62 3
59 63 3
60 0 5
60 1 1
60 2 4
60 3 4
60 4 3
60 5 1
60 6 6
60 7 1
60 8 5
60 9 4
60 10 3
60 11 4
60 12 4
60 13 5
60 14 4
60 15 4
60 16 5
60 17 2
60 18 2
60 19 4
60 20 4
60 21 4
60 22 5
60 23 4
60 24 4
60 25 4
60 26 4
60 27 4
60 28 4
60 29 4
60 30 4
60 31 4
60 32 4
60 33 4
60 34 4
60 35 4
60 36 4
60 37 4
60 38 4
60 39 4
60 40 4
60 41 4
60 42 4
60 43 4
60 44 3
60 45 4
60 46 4
60 47 4
60 48 4
60 49 4
60 50 3
60 51 5
60 52 4
60 53 7
60 54 5
60 55 5
60 56 5
60 57 5
60 58 4
60 59 6
60 60 3
60 61 3
60 62 4
60 63 1
61 0 3
61 1 5
61 2 4
61 3 4
61 4 3
61 5 4
61 6 7
61 7 5
61 8 5
61 9 4
61 10 5
61 11 4
61 12 4
61 13 4
61 14 2
61 15 2
61 16 3
61 17 4
61 18 4
61 19 4
61 20 4
61 21 5
61 22 4
61 23 4
61 24 4
61 25 4
61 26 4
61 27 4
61 28 4
61 29 4
61 30 4
61 31 4
61 32 4
61 33 4
61 34 4
61 35 4
61 36 4
61 37 4
61 38 4
61 39 4
61 40 4
61 41 4
61 42 4
61 43 4
61 44 3
61 45 4
61 46 4
61 47 4
61 48 4
61 49 4
61 50 3
61 51 4
61 52 3
61 53 4
61 54 6
61 55 1
61 56 3
61 57 4
61 58 4
61 59 3
61 60 3
61 61 5
61 62 2
61 63 5
62 0 4
62 1 2
62 2 6
62 3 3
62 4 4
62 5 5
62 6 0
62 7 5
62 8 6
62 9 2
62 10 5
62 11 2
62 12 2
62 13 3
62 14 4
62 15 4
62 16 4
62 17 5
62 18 4
62 19 4
62 20 4
62 21 5
62 22 4
62 23 4
62 24 4
62 25 4
62 26 4
62 27 4
62 28 4
62 29 4
62 30 4
62 31 4
62 32 4
62 33 4
62 34 4
62 35 4
62 36 4
62 37 4
62 38 4
62 39 4
62 40 4
62 41 4
62 42 4
62 43 4
62 44 4
62 45 3
62 46 4
62 47 4
62 48 4
62 49 3
62 50 4
62 51 4
62 52 4
62 53 3
62 54 4
62 55 5
62 56 6
62 57 4
62 58 8
62 59 4
62 60 2
62 61 4
62 62 3
62 63 4
63 0 5
63 1 3
63 2 4
63 3 4
63 4 2
63 5 4
63 6 6
63 7 5
63 8 3
63 9 4
63 10 5
63 11 4
63 12 5
63 13 4
63 14 4
63 15 4
63 16 4
63 17 4
63 18 5
63 19 4
63 20 5
63 21 4
63 22 4
63 23 4
63 24 4
63 25 4
63 26 4
63 27 4
63 28 4
63 29 4
63 30 4
63 31 4
63 32 4
63 33 4
63 34 4
63 35 4
63 36 4
63 37 4
63 38 4
63 39 4
63 40 4
63 41 4
63 42 4
63 43 4
63 44 4
63 45 3
63 46 4
63 47 4
63 48 4
63 49 3
63 50 4
63 51 4
63 52 4
63 53 3
63 54 4
63 55 3
63 56 5
63 57 3
63 58 5
63 59 6
63 60 4
63 61 4
63 62 5
63 63 3
