0.000000 0.000000 0.000000
0.000000 0.010000 0.000000
0.000000 0.020000 0.000000
0.000000 0.030000 0.000000
0.000000 0.040000 0.000000
0.000000 0.050000 0.000000
0.000000 0.060000 0.000000
0.000000 0.070000 0.000000
0.000000 0.080000 0.000000
0.000000 0.090000 0.000000
0.000000 0.100000 0.000000
0.000000 0.110000 0.000000
0.000000 0.120000 0.000000
0.000000 0.130000 0.000000
0.000000 0.140000 0.000000
0.000000 0.150000 0.000000
0.000000 0.160000 0.000000
0.000000 0.170000 0.000000
0.000000 0.180000 0.000000
0.000000 0.190000 0.000000
0.000000 0.200000 0.000000
0.000000 0.210000 0.000000
0.000000 0.220000 0.000000
0.000000 0.230000 0.000000
0.000000 0.240000 0.000000
0.000000 0.250000 0.000000
0.000000 0.260000 0.000000
0.000000 0.270000 0.000000
0.000000 0.280000 0.000000
0.000000 0.290000 0.000000
0.000000 0.300000 0.000000
0.000000 0.310000 0.000000
0.000000 0.320000 0.000000
0.000000 0.330000 0.000000
0.000000 0.340000 0.000000
0.000000 0.350000 0.000000
0.000000 0.360000 0.000000
0.000000 0.370000 0.000000
0.000000 0.380000 0.000000
0.000000 0.390000 0.000000
0.000000 0.400000 0.000000
0.000000 0.410000 0.000000
0.000000 0.420000 0.000000
0.000000 0.430000 0.000000
0.000000 0.440000 0.000000
0.000000 0.450000 0.000000
0.000000 0.460000 0.000000
0.000000 0.470000 0.000000
0.000000 0.480000 0.000000
0.000000 0.490000 0.000000
0.010000 0.000000 0.000000
0.010000 0.010000 0.000000
0.010000 0.020000 0.000000
0.010000 0.030000 0.000000
0.010000 0.040000 0.000000
0.010000 0.050000 0.000000
0.010000 0.060000 0.000000
0.010000 0.070000 0.000000
0.010000 0.080000 0.000000
0.010000 0.090000 0.000000
0.010000 0.100000 0.000000
0.010000 0.110000 0.000000
0.010000 0.120000 0.000000
0.010000 0.130000 0.000000
0.010000 0.140000 0.000000
0.010000 0.150000 0.000000
0.010000 0.160000 0.000000
0.010000 0.170000 0.000000
0.010000 0.180000 0.000000
0.010000 0.190000 0.000000
0.010000 0.200000 0.000000
0.010000 0.210000 0.000000
0.010000 0.220000 0.000000
0.010000 0.230000 0.000000
0.010000 0.240000 0.000000
0.010000 0.250000 0.000000
0.010000 0.260000 0.000000
0.010000 0.270000 0.000000
0.010000 0.280000 0.000000
0.010000 0.290000 0.000000
0.010000 0.300000 0.000000
0.010000 0.310000 0.000000
0.010000 0.320000 0.000000
0.010000 0.330000 0.000000
0.010000 0.340000 0.000000
0.010000 0.350000 0.000000
0.010000 0.360000 0.000000
0.010000 0.370000 0.000000
0.010000 0.380000 0.000000
0.010000 0.390000 0.000000
0.010000 0.400000 0.000000
0.010000 0.410000 0.000000
0.010000 0.420000 0.000000
0.010000 0.430000 0.000000
0.010000 0.440000 0.000000
0.010000 0.450000 0.000000
0.010000 0.460000 0.000000
0.010000 0.470000 0.000000
0.010000 0.480000 0.000000
0.010000 0.490000 0.000000
0.020000 0.000000 0.000000
0.020000 0.010000 0.000000
0.020000 0.020000 0.000000
0.020000 0.030000 0.000000
0.020000 0.040000 0.000000
0.020000 0.050000 0.000000
0.020000 0.060000 0.000000
0.020000 0.070000 0.000000
0.020000 0.080000 0.000000
0.020000 0.090000 0.000000
0.020000 0.100000 0.000000
0.020000 0.110000 0.000000
0.020000 0.120000 0.000000
0.020000 0.130000 0.000000
0.020000 0.140000 0.000000
0.020000 0.150000 0.000000
0.020000 0.160000 0.000000
0.020000 0.170000 0.000000
0.020000 0.180000 0.000000
0.020000 0.190000 0.000000
0.020000 0.200000 0.000000
0.020000 0.210000 0.000000
0.020000 0.220000 0.000000
0.020000 0.230000 0.000000
0.020000 0.240000 0.000000
0.020000 0.250000 0.000000
0.020000 0.260000 0.000000
0.020000 0.270000 0.000000
0.020000 0.280000 0.000000
0.020000 0.290000 0.000000
0.020000 0.300000 0.000000
0.020000 0.310000 0.000000
0.020000 0.320000 0.000000
0.020000 0.330000 0.000000
0.020000 0.340000 0.000000
0.020000 0.350000 0.000000
0.020000 0.360000 0.000000
0.020000 0.370000 0.000000
0.020000 0.380000 0.000000
0.020000 0.390000 0.000000
0.020000 0.400000 0.000000
0.020000 0.410000 0.000000
0.020000 0.420000 0.000000
0.020000 0.430000 0.000000
0.020000 0.440000 0.000000
0.020000 0.450000 0.000000
0.020000 0.460000 0.000000
0.020000 0.470000 0.000000
0.020000 0.480000 0.000000
0.020000 0.490000 0.000000
0.030000 0.000000 0.000000
0.030000 0.010000 0.000000
0.030000 0.020000 0.000000
0.030000 0.030000 0.000000
0.030000 0.040000 0.000000
0.030000 0.050000 0.000000
0.030000 0.060000 0.000000
0.030000 0.070000 0.000000
0.030000 0.080000 0.000000
0.030000 0.090000 0.000000
0.030000 0.100000 0.000000
0.030000 0.110000 0.000000
0.030000 0.120000 0.000000
0.030000 0.130000 0.000000
0.030000 0.140000 0.000000
0.030000 0.150000 0.000000
0.030000 0.160000 0.000000
0.030000 0.170000 0.000000
0.030000 0.180000 0.000000
0.030000 0.190000 0.000000
0.030000 0.200000 0.000000
0.030000 0.210000 0.000000
0.030000 0.220000 0.000000
0.030000 0.230000 0.000000
0.030000 0.240000 0.000000
0.030000 0.250000 0.000000
0.030000 0.260000 0.000000
0.030000 0.270000 0.000000
0.030000 0.280000 0.000000
0.030000 0.290000 0.000000
0.030000 0.300000 0.000000
0.030000 0.310000 0.000000
0.030000 0.320000 0.000000
0.030000 0.330000 0.000000
0.030000 0.340000 0.000000
0.030000 0.350000 0.000000
0.030000 0.360000 0.000000
0.030000 0.370000 0.000000
0.030000 0.380000 0.000000
0.030000 0.390000 0.000000
0.030000 0.400000 0.000000
0.030000 0.410000 0.000000
0.030000 0.420000 0.000000
0.030000 0.430000 0.000000
0.030000 0.440000 0.000000
0.030000 0.450000 0.000000
0.030000 0.460000 0.000000
0.030000 0.470000 0.000000
0.030000 0.480000 0.000000
0.030000 0.490000 0.000000
0.040000 0.000000 0.000000
0.040000 0.010000 0.000000
0.040000 0.020000 0.000000
0.040000 0.030000 0.000000
0.040000 0.040000 0.000000
0.040000 0.050000 0.000000
0.040000 0.060000 0.000000
0.040000 0.070000 0.000000
0.040000 0.080000 0.000000
0.040000 0.090000 0.000000
0.040000 0.100000 0.000000
0.040000 0.110000 0.000000
0.040000 0.120000 0.000000
0.040000 0.130000 0.000000
0.040000 0.140000 0.000000
0.040000 0.150000 0.000000
0.040000 0.160000 0.000000
0.040000 0.170000 0.000000
0.040000 0.180000 0.000000
0.040000 0.190000 0.000000
0.040000 0.200000 0.000000
0.040000 0.210000 0.000000
0.040000 0.220000 0.000000
0.040000 0.230000 0.000000
0.040000 0.240000 0.000000
0.040000 0.250000 0.000000
0.040000 0.260000 0.000000
0.040000 0.270000 0.000000
0.040000 0.280000 0.000000
0.040000 0.290000 0.000000
0.040000 0.300000 0.000000
0.040000 0.310000 0.000000
0.040000 0.320000 0.000000
0.040000 0.330000 0.000000
0.040000 0.340000 0.000000
0.040000 0.350000 0.000000
0.040000 0.360000 0.000000
0.040000 0.370000 0.000000
0.040000 0.380000 0.000000
0.040000 0.390000 0.000000
0.040000 0.400000 0.000000
0.040000 0.410000 0.000000
0.040000 0.420000 0.000000
0.040000 0.430000 0.000000
0.040000 0.440000 0.000000
0.040000 0.450000 0.000000
0.040000 0.460000 0.000000
0.040000 0.470000 0.000000
0.040000 0.480000 0.000000
0.040000 0.490000 0.000000
0.050000 0.000000 0.000000
0.050000 0.010000 0.000000
0.050000 0.020000 0.000000
0.050000 0.030000 0.000000
0.050000 0.040000 0.000000
0.050000 0.050000 0.000000
0.050000 0.060000 0.000000
0.050000 0.070000 0.000000
0.050000 0.080000 0.000000
0.050000 0.090000 0.000000
0.050000 0.100000 0.000000
0.050000 0.110000 0.000000
0.050000 0.120000 0.000000
0.050000 0.130000 0.000000
0.050000 0.140000 0.000000
0.050000 0.150000 0.000000
0.050000 0.160000 0.000000
0.050000 0.170000 0.000000
0.050000 0.180000 0.000000
0.050000 0.190000 0.000000
0.050000 0.200000 0.000000
0.050000 0.210000 0.000000
0.050000 0.220000 0.000000
0.050000 0.230000 0.000000
0.050000 0.240000 0.000000
0.050000 0.250000 0.000000
0.050000 0.260000 0.000000
0.050000 0.270000 0.000000
0.050000 0.280000 0.000000
0.050000 0.290000 0.000000
0.050000 0.300000 0.000000
0.050000 0.310000 0.000000
0.050000 0.320000 0.000000
0.050000 0.330000 0.000000
0.050000 0.340000 0.000000
0.050000 0.350000 0.000000
0.050000 0.360000 0.000000
0.050000 0.370000 0.000000
0.050000 0.380000 0.000000
0.050000 0.390000 0.000000
0.050000 0.400000 0.000000
0.050000 0.410000 0.000000
0.050000 0.420000 0.000000
0.050000 0.430000 0.000000
0.050000 0.440000 0.000000
0.050000 0.450000 0.000000
0.050000 0.460000 0.000000
0.050000 0.470000 0.000000
0.050000 0.480000 0.000000
0.050000 0.490000 0.000000
0.060000 0.000000 0.000000
0.060000 0.010000 0.000000
0.060000 0.020000 0.000000
0.060000 0.030000 0.000000
0.060000 0.040000 0.000000
0.060000 0.050000 0.000000
0.060000 0.060000 0.000000
0.060000 0.070000 0.000000
0.060000 0.080000 0.000000
0.060000 0.090000 0.000000
0.060000 0.100000 0.000000
0.060000 0.110000 0.000000
0.060000 0.120000 0.000000
0.060000 0.130000 0.000000
0.060000 0.140000 0.000000
0.060000 0.150000 0.000000
0.060000 0.160000 0.000000
0.060000 0.170000 0.000000
0.060000 0.180000 0.000000
0.060000 0.190000 0.000000
0.060000 0.200000 0.000000
0.060000 0.210000 0.000000
0.060000 0.220000 0.000000
0.060000 0.230000 0.000000
0.060000 0.240000 0.000000
0.060000 0.250000 0.000000
0.060000 0.260000 0.000000
0.060000 0.270000 0.000000
0.060000 0.280000 0.000000
0.060000 0.290000 0.000000
0.060000 0.300000 0.000000
0.060000 0.310000 0.000000
0.060000 0.320000 0.000000
0.060000 0.330000 0.000000
0.060000 0.340000 0.000000
0.060000 0.350000 0.000000
0.060000 0.360000 0.000000
0.060000 0.370000 0.000000
0.060000 0.380000 0.000000
0.060000 0.390000 0.000000
0.060000 0.400000 0.000000
0.060000 0.410000 0.000000
0.060000 0.420000 0.000000
0.060000 0.430000 0.000000
0.060000 0.440000 0.000000
0.060000 0.450000 0.000000
0.060000 0.460000 0.000000
0.060000 0.470000 0.000000
0.060000 0.480000 0.000000
0.060000 0.490000 0.000000
0.070000 0.000000 0.000000
0.070000 0.010000 0.000000
0.070000 0.020000 0.000000
0.070000 0.030000 0.000000
0.070000 0.040000 0.000000
0.070000 0.050000 0.000000
0.070000 0.060000 0.000000
0.070000 0.070000 0.000000
0.070000 0.080000 0.000000
0.070000 0.090000 0.000000
0.070000 0.100000 0.000000
0.070000 0.110000 0.000000
0.070000 0.120000 0.000000
0.070000 0.130000 0.000000
0.070000 0.140000 0.000000
0.070000 0.150000 0.000000
0.070000 0.160000 0.000000
0.070000 0.170000 0.000000
0.070000 0.180000 0.000000
0.070000 0.190000 0.000000
0.070000 0.200000 0.000000
0.070000 0.210000 0.000000
0.070000 0.220000 0.000000
0.070000 0.230000 0.000000
0.070000 0.240000 0.000000
0.070000 0.250000 0.000000
0.070000 0.260000 0.000000
0.070000 0.270000 0.000000
0.070000 0.280000 0.000000
0.070000 0.290000 0.000000
0.070000 0.300000 0.000000
0.070000 0.310000 0.000000
0.070000 0.320000 0.000000
0.070000 0.330000 0.000000
0.070000 0.340000 0.000000
0.070000 0.350000 0.000000
0.070000 0.360000 0.000000
0.070000 0.370000 0.000000
0.070000 0.380000 0.000000
0.070000 0.390000 0.000000
0.070000 0.400000 0.000000
0.070000 0.410000 0.000000
0.070000 0.420000 0.000000
0.070000 0.430000 0.000000
0.070000 0.440000 0.000000
0.070000 0.450000 0.000000
0.070000 0.460000 0.000000
0.070000 0.470000 0.000000
0.070000 0.480000 0.000000
0.070000 0.490000 0.000000
0.080000 0.000000 0.000000
0.080000 0.010000 0.000000
0.080000 0.020000 0.000000
0.080000 0.030000 0.000000
0.080000 0.040000 0.000000
0.080000 0.050000 0.000000
0.080000 0.060000 0.000000
0.080000 0.070000 0.000000
0.080000 0.080000 0.000000
0.080000 0.090000 0.000000
0.080000 0.100000 0.000000
0.080000 0.110000 0.000000
0.080000 0.120000 0.000000
0.080000 0.130000 0.000000
0.080000 0.140000 0.000000
0.080000 0.150000 0.000000
0.080000 0.160000 0.000000
0.080000 0.170000 0.000000
0.080000 0.180000 0.000000
0.080000 0.190000 0.000000
0.080000 0.200000 0.000000
0.080000 0.210000 0.000000
0.080000 0.220000 0.000000
0.080000 0.230000 0.000000
0.080000 0.240000 0.000000
0.080000 0.250000 0.000000
0.080000 0.260000 0.000000
0.080000 0.270000 0.000000
0.080000 0.280000 0.000000
0.080000 0.290000 0.000000
0.080000 0.300000 0.000000
0.080000 0.310000 0.000000
0.080000 0.320000 0.000000
0.080000 0.330000 0.000000
0.080000 0.340000 0.000000
0.080000 0.350000 0.000000
0.080000 0.360000 0.000000
0.080000 0.370000 0.000000
0.080000 0.380000 0.000000
0.080000 0.390000 0.000000
0.080000 0.400000 0.000000
0.080000 0.410000 0.000000
0.080000 0.420000 0.000000
0.080000 0.430000 0.000000
0.080000 0.440000 0.000000
0.080000 0.450000 0.000000
0.080000 0.460000 0.000000
0.080000 0.470000 0.000000
0.080000 0.480000 0.000000
0.080000 0.490000 0.000000
0.090000 0.000000 0.000000
0.090000 0.010000 0.000000
0.090000 0.020000 0.000000
0.090000 0.030000 0.000000
0.090000 0.040000 0.000000
0.090000 0.050000 0.000000
0.090000 0.060000 0.000000
0.090000 0.070000 0.000000
0.090000 0.080000 0.000000
0.090000 0.090000 0.000000
0.090000 0.100000 0.000000
0.090000 0.110000 0.000000
0.090000 0.120000 0.000000
0.090000 0.130000 0.000000
0.090000 0.140000 0.000000
0.090000 0.150000 0.000000
0.090000 0.160000 0.000000
0.090000 0.170000 0.000000
0.090000 0.180000 0.000000
0.090000 0.190000 0.000000
0.090000 0.200000 0.000000
0.090000 0.210000 0.000000
0.090000 0.220000 0.000000
0.090000 0.230000 0.000000
0.090000 0.240000 0.000000
0.090000 0.250000 0.000000
0.090000 0.260000 0.000000
0.090000 0.270000 0.000000
0.090000 0.280000 0.000000
0.090000 0.290000 0.000000
0.090000 0.300000 0.000000
0.090000 0.310000 0.000000
0.090000 0.320000 0.000000
0.090000 0.330000 0.000000
0.090000 0.340000 0.000000
0.090000 0.350000 0.000000
0.090000 0.360000 0.000000
0.090000 0.370000 0.000000
0.090000 0.380000 0.000000
0.090000 0.390000 0.000000
0.090000 0.400000 0.000000
0.090000 0.410000 0.000000
0.090000 0.420000 0.000000
0.090000 0.430000 0.000000
0.090000 0.440000 0.000000
0.090000 0.450000 0.000000
0.090000 0.460000 0.000000
0.090000 0.470000 0.000000
0.090000 0.480000 0.000000
0.090000 0.490000 0.000000
0.100000 0.000000 0.000000
0.100000 0.010000 0.000000
0.100000 0.020000 0.000000
0.100000 0.030000 0.000000
0.100000 0.040000 0.000000
0.100000 0.050000 0.000000
0.100000 0.060000 0.000000
0.100000 0.070000 0.000000
0.100000 0.080000 0.000000
0.100000 0.090000 0.000000
0.100000 0.100000 0.000000
0.100000 0.110000 0.000000
0.100000 0.120000 0.000000
0.100000 0.130000 0.000000
0.100000 0.140000 0.000000
0.100000 0.150000 0.000000
0.100000 0.160000 0.000000
0.100000 0.170000 0.000000
0.100000 0.180000 0.000000
0.100000 0.190000 0.000000
0.100000 0.200000 0.000000
0.100000 0.210000 0.000000
0.100000 0.220000 0.000000
0.100000 0.230000 0.000000
0.100000 0.240000 0.000000
0.100000 0.250000 0.000000
0.100000 0.260000 0.000000
0.100000 0.270000 0.000000
0.100000 0.280000 0.000000
0.100000 0.290000 0.000000
0.100000 0.300000 0.000000
0.100000 0.310000 0.000000
0.100000 0.320000 0.000000
0.100000 0.330000 0.000000
0.100000 0.340000 0.000000
0.100000 0.350000 0.000000
0.100000 0.360000 0.000000
0.100000 0.370000 0.000000
0.100000 0.380000 0.000000
0.100000 0.390000 0.000000
0.100000 0.400000 0.000000
0.100000 0.410000 0.000000
0.100000 0.420000 0.000000
0.100000 0.430000 0.000000
0.100000 0.440000 0.000000
0.100000 0.450000 0.000000
0.100000 0.460000 0.000000
0.100000 0.470000 0.000000
0.100000 0.480000 0.000000
0.100000 0.490000 0.000000
0.110000 0.000000 0.000000
0.110000 0.010000 0.000000
0.110000 0.020000 0.000000
0.110000 0.030000 0.000000
0.110000 0.040000 0.000000
0.110000 0.050000 0.000000
0.110000 0.060000 0.000000
0.110000 0.070000 0.000000
0.110000 0.080000 0.000000
0.110000 0.090000 0.000000
0.110000 0.100000 0.000000
0.110000 0.110000 0.000000
0.110000 0.120000 0.000000
0.110000 0.130000 0.000000
0.110000 0.140000 0.000000
0.110000 0.150000 0.000000
0.110000 0.160000 0.000000
0.110000 0.170000 0.000000
0.110000 0.180000 0.000000
0.110000 0.190000 0.000000
0.110000 0.200000 0.000000
0.110000 0.210000 0.000000
0.110000 0.220000 0.000000
0.110000 0.230000 0.000000
0.110000 0.240000 0.000000
0.110000 0.250000 0.000000
0.110000 0.260000 0.000000
0.110000 0.270000 0.000000
0.110000 0.280000 0.000000
0.110000 0.290000 0.000000
0.110000 0.300000 0.000000
0.110000 0.310000 0.000000
0.110000 0.320000 0.000000
0.110000 0.330000 0.000000
0.110000 0.340000 0.000000
0.110000 0.350000 0.000000
0.110000 0.360000 0.000000
0.110000 0.370000 0.000000
0.110000 0.380000 0.000000
0.110000 0.390000 0.000000
0.110000 0.400000 0.000000
0.110000 0.410000 0.000000
0.110000 0.420000 0.000000
0.110000 0.430000 0.000000
0.110000 0.440000 0.000000
0.110000 0.450000 0.000000
0.110000 0.460000 0.000000
0.110000 0.470000 0.000000
0.110000 0.480000 0.000000
0.110000 0.490000 0.000000
0.120000 0.000000 0.000000
0.120000 0.010000 0.000000
0.120000 0.020000 0.000000
0.120000 0.030000 0.000000
0.120000 0.040000 0.000000
0.120000 0.050000 0.000000
0.120000 0.060000 0.000000
0.120000 0.070000 0.000000
0.120000 0.080000 0.000000
0.120000 0.090000 0.000000
0.120000 0.100000 0.000000
0.120000 0.110000 0.000000
0.120000 0.120000 0.000000
0.120000 0.130000 0.000000
0.120000 0.140000 0.000000
0.120000 0.150000 0.000000
0.120000 0.160000 0.000000
0.120000 0.170000 0.000000
0.120000 0.180000 0.000000
0.120000 0.190000 0.000000
0.120000 0.200000 0.000000
0.120000 0.210000 0.000000
0.120000 0.220000 0.000000
0.120000 0.230000 0.000000
0.120000 0.240000 0.000000
0.120000 0.250000 0.000000
0.120000 0.260000 0.000000
0.120000 0.270000 0.000000
0.120000 0.280000 0.000000
0.120000 0.290000 0.000000
0.120000 0.300000 0.000000
0.120000 0.310000 0.000000
0.120000 0.320000 0.000000
0.120000 0.330000 0.000000
0.120000 0.340000 0.000000
0.120000 0.350000 0.000000
0.120000 0.360000 0.000000
0.120000 0.370000 0.000000
0.120000 0.380000 0.000000
0.120000 0.390000 0.000000
0.120000 0.400000 0.000000
0.120000 0.410000 0.000000
0.120000 0.420000 0.000000
0.120000 0.430000 0.000000
0.120000 0.440000 0.000000
0.120000 0.450000 0.000000
0.120000 0.460000 0.000000
0.120000 0.470000 0.000000
0.120000 0.480000 0.000000
0.120000 0.490000 0.000000
0.130000 0.000000 0.000000
0.130000 0.010000 0.000000
0.130000 0.020000 0.000000
0.130000 0.030000 0.000000
0.130000 0.040000 0.000000
0.130000 0.050000 0.000000
0.130000 0.060000 0.000000
0.130000 0.070000 0.000000
0.130000 0.080000 0.000000
0.130000 0.090000 0.000000
0.130000 0.100000 0.000000
0.130000 0.110000 0.000000
0.130000 0.120000 0.000000
0.130000 0.130000 0.000000
0.130000 0.140000 0.000000
0.130000 0.150000 0.000000
0.130000 0.160000 0.000000
0.130000 0.170000 0.000000
0.130000 0.180000 0.000000
0.130000 0.190000 0.000000
0.130000 0.200000 0.000000
0.130000 0.210000 0.000000
0.130000 0.220000 0.000000
0.130000 0.230000 0.000000
0.130000 0.240000 0.000000
0.130000 0.250000 0.000000
0.130000 0.260000 0.000000
0.130000 0.270000 0.000000
0.130000 0.280000 0.000000
0.130000 0.290000 0.000000
0.130000 0.300000 0.000000
0.130000 0.310000 0.000000
0.130000 0.320000 0.000000
0.130000 0.330000 0.000000
0.130000 0.340000 0.000000
0.130000 0.350000 0.000000
0.130000 0.360000 0.000000
0.130000 0.370000 0.000000
0.130000 0.380000 0.000000
0.130000 0.390000 0.000000
0.130000 0.400000 0.000000
0.130000 0.410000 0.000000
0.130000 0.420000 0.000000
0.130000 0.430000 0.000000
0.130000 0.440000 0.000000
0.130000 0.450000 0.000000
0.130000 0.460000 0.000000
0.130000 0.470000 0.000000
0.130000 0.480000 0.000000
0.130000 0.490000 0.000000
0.140000 0.000000 0.000000
0.140000 0.010000 0.000000
0.140000 0.020000 0.000000
0.140000 0.030000 0.000000
0.140000 0.040000 0.000000
0.140000 0.050000 0.000000
0.140000 0.060000 0.000000
0.140000 0.070000 0.000000
0.140000 0.080000 0.000000
0.140000 0.090000 0.000000
0.140000 0.100000 0.000000
0.140000 0.110000 0.000000
0.140000 0.120000 0.000000
0.140000 0.130000 0.000000
0.140000 0.140000 0.000000
0.140000 0.150000 0.000000
0.140000 0.160000 0.000000
0.140000 0.170000 0.000000
0.140000 0.180000 0.000000
0.140000 0.190000 0.000000
0.140000 0.200000 0.000000
0.140000 0.210000 0.000000
0.140000 0.220000 0.000000
0.140000 0.230000 0.000000
0.140000 0.240000 0.000000
0.140000 0.250000 0.000000
0.140000 0.260000 0.000000
0.140000 0.270000 0.000000
0.140000 0.280000 0.000000
0.140000 0.290000 0.000000
0.140000 0.300000 0.000000
0.140000 0.310000 0.000000
0.140000 0.320000 0.000000
0.140000 0.330000 0.000000
0.140000 0.340000 0.000000
0.140000 0.350000 0.000000
0.140000 0.360000 0.000000
0.140000 0.370000 0.000000
0.140000 0.380000 0.000000
0.140000 0.390000 0.000000
0.140000 0.400000 0.000000
0.140000 0.410000 0.000000
0.140000 0.420000 0.000000
0.140000 0.430000 0.000000
0.140000 0.440000 0.000000
0.140000 0.450000 0.000000
0.140000 0.460000 0.000000
0.140000 0.470000 0.000000
0.140000 0.480000 0.000000
0.140000 0.490000 0.000000
0.150000 0.000000 0.000000
0.150000 0.010000 0.000000
0.150000 0.020000 0.000000
0.150000 0.030000 0.000000
0.150000 0.040000 0.000000
0.150000 0.050000 0.000000
0.150000 0.060000 0.000000
0.150000 0.070000 0.000000
0.150000 0.080000 0.000000
0.150000 0.090000 0.000000
0.150000 0.100000 0.000000
0.150000 0.110000 0.000000
0.150000 0.120000 0.000000
0.150000 0.130000 0.000000
0.150000 0.140000 0.000000
0.150000 0.150000 0.000000
0.150000 0.160000 0.000000
0.150000 0.170000 0.000000
0.150000 0.180000 0.000000
0.150000 0.190000 0.000000
0.150000 0.200000 0.000000
0.150000 0.210000 0.000000
0.150000 0.220000 0.000000
0.150000 0.230000 0.000000
0.150000 0.240000 0.000000
0.150000 0.250000 0.000000
0.150000 0.260000 0.000000
0.150000 0.270000 0.000000
0.150000 0.280000 0.000000
0.150000 0.290000 0.000000
0.150000 0.300000 0.000000
0.150000 0.310000 0.000000
0.150000 0.320000 0.000000
0.150000 0.330000 0.000000
0.150000 0.340000 0.000000
0.150000 0.350000 0.000000
0.150000 0.360000 0.000000
0.150000 0.370000 0.000000
0.150000 0.380000 0.000000
0.150000 0.390000 0.000000
0.150000 0.400000 0.000000
0.150000 0.410000 0.000000
0.150000 0.420000 0.000000
0.150000 0.430000 0.000000
0.150000 0.440000 0.000000
0.150000 0.450000 0.000000
0.150000 0.460000 0.000000
0.150000 0.470000 0.000000
0.150000 0.480000 0.000000
0.150000 0.490000 0.000000
0.160000 0.000000 0.000000
0.160000 0.010000 0.000000
0.160000 0.020000 0.000000
0.160000 0.030000 0.000000
0.160000 0.040000 0.000000
0.160000 0.050000 0.000000
0.160000 0.060000 0.000000
0.160000 0.070000 0.000000
0.160000 0.080000 0.000000
0.160000 0.090000 0.000000
0.160000 0.100000 0.000000
0.160000 0.110000 0.000000
0.160000 0.120000 0.000000
0.160000 0.130000 0.000000
0.160000 0.140000 0.000000
0.160000 0.150000 0.000000
0.160000 0.160000 0.000000
0.160000 0.170000 0.000000
0.160000 0.180000 0.000000
0.160000 0.190000 0.000000
0.160000 0.200000 0.000000
0.160000 0.210000 0.000000
0.160000 0.220000 0.000000
0.160000 0.230000 0.000000
0.160000 0.240000 0.000000
0.160000 0.250000 0.000000
0.160000 0.260000 0.000000
0.160000 0.270000 0.000000
0.160000 0.280000 0.000000
0.160000 0.290000 0.000000
0.160000 0.300000 0.000000
0.160000 0.310000 0.000000
0.160000 0.320000 0.000000
0.160000 0.330000 0.000000
0.160000 0.340000 0.000000
0.160000 0.350000 0.000000
0.160000 0.360000 0.000000
0.160000 0.370000 0.000000
0.160000 0.380000 0.000000
0.160000 0.390000 0.000000
0.160000 0.400000 0.000000
0.160000 0.410000 0.000000
0.160000 0.420000 0.000000
0.160000 0.430000 0.000000
0.160000 0.440000 0.000000
0.160000 0.450000 0.000000
0.160000 0.460000 0.000000
0.160000 0.470000 0.000000
0.160000 0.480000 0.000000
0.160000 0.490000 0.000000
0.170000 0.000000 0.000000
0.170000 0.010000 0.000000
0.170000 0.020000 0.000000
0.170000 0.030000 0.000000
0.170000 0.040000 0.000000
0.170000 0.050000 0.000000
0.170000 0.060000 0.000000
0.170000 0.070000 0.000000
0.170000 0.080000 0.000000
0.170000 0.090000 0.000000
0.170000 0.100000 0.000000
0.170000 0.110000 0.000000
0.170000 0.120000 0.000000
0.170000 0.130000 0.000000
0.170000 0.140000 0.000000
0.170000 0.150000 0.000000
0.170000 0.160000 0.000000
0.170000 0.170000 0.000000
0.170000 0.180000 0.000000
0.170000 0.190000 0.000000
0.170000 0.200000 0.000000
0.170000 0.210000 0.000000
0.170000 0.220000 0.000000
0.170000 0.230000 0.000000
0.170000 0.240000 0.000000
0.170000 0.250000 0.000000
0.170000 0.260000 0.000000
0.170000 0.270000 0.000000
0.170000 0.280000 0.000000
0.170000 0.290000 0.000000
0.170000 0.300000 0.000000
0.170000 0.310000 0.000000
0.170000 0.320000 0.000000
0.170000 0.330000 0.000000
0.170000 0.340000 0.000000
0.170000 0.350000 0.000000
0.170000 0.360000 0.000000
0.170000 0.370000 0.000000
0.170000 0.380000 0.000000
0.170000 0.390000 0.000000
0.170000 0.400000 0.000000
0.170000 0.410000 0.000000
0.170000 0.420000 0.000000
0.170000 0.430000 0.000000
0.170000 0.440000 0.000000
0.170000 0.450000 0.000000
0.170000 0.460000 0.000000
0.170000 0.470000 0.000000
0.170000 0.480000 0.000000
0.170000 0.490000 0.000000
0.180000 0.000000 0.000000
0.180000 0.010000 0.000000
0.180000 0.020000 0.000000
0.180000 0.030000 0.000000
0.180000 0.040000 0.000000
0.180000 0.050000 0.000000
0.180000 0.060000 0.000000
0.180000 0.070000 0.000000
0.180000 0.080000 0.000000
0.180000 0.090000 0.000000
0.180000 0.100000 0.000000
0.180000 0.110000 0.000000
0.180000 0.120000 0.000000
0.180000 0.130000 0.000000
0.180000 0.140000 0.000000
0.180000 0.150000 0.000000
0.180000 0.160000 0.000000
0.180000 0.170000 0.000000
0.180000 0.180000 0.000000
0.180000 0.190000 0.000000
0.180000 0.200000 0.000000
0.180000 0.210000 0.000000
0.180000 0.220000 0.000000
0.180000 0.230000 0.000000
0.180000 0.240000 0.000000
0.180000 0.250000 0.000000
0.180000 0.260000 0.000000
0.180000 0.270000 0.000000
0.180000 0.280000 0.000000
0.180000 0.290000 0.000000
0.180000 0.300000 0.000000
0.180000 0.310000 0.000000
0.180000 0.320000 0.000000
0.180000 0.330000 0.000000
0.180000 0.340000 0.000000
0.180000 0.350000 0.000000
0.180000 0.360000 0.000000
0.180000 0.370000 0.000000
0.180000 0.380000 0.000000
0.180000 0.390000 0.000000
0.180000 0.400000 0.000000
0.180000 0.410000 0.000000
0.180000 0.420000 0.000000
0.180000 0.430000 0.000000
0.180000 0.440000 0.000000
0.180000 0.450000 0.000000
0.180000 0.460000 0.000000
0.180000 0.470000 0.000000
0.180000 0.480000 0.000000
0.180000 0.490000 0.000000
0.190000 0.000000 0.000000
0.190000 0.010000 0.000000
0.190000 0.020000 0.000000
0.190000 0.030000 0.000000
0.190000 0.040000 0.000000
0.190000 0.050000 0.000000
0.190000 0.060000 0.000000
0.190000 0.070000 0.000000
0.190000 0.080000 0.000000
0.190000 0.090000 0.000000
0.190000 0.100000 0.000000
0.190000 0.110000 0.000000
0.190000 0.120000 0.000000
0.190000 0.130000 0.000000
0.190000 0.140000 0.000000
0.190000 0.150000 0.000000
0.190000 0.160000 0.000000
0.190000 0.170000 0.000000
0.190000 0.180000 0.000000
0.190000 0.190000 0.000000
0.190000 0.200000 0.000000
0.190000 0.210000 0.000000
0.190000 0.220000 0.000000
0.190000 0.230000 0.000000
0.190000 0.240000 0.000000
0.190000 0.250000 0.000000
0.190000 0.260000 0.000000
0.190000 0.270000 0.000000
0.190000 0.280000 0.000000
0.190000 0.290000 0.000000
0.190000 0.300000 0.000000
0.190000 0.310000 0.000000
0.190000 0.320000 0.000000
0.190000 0.330000 0.000000
0.190000 0.340000 0.000000
0.190000 0.350000 0.000000
0.190000 0.360000 0.000000
0.190000 0.370000 0.000000
0.190000 0.380000 0.000000
0.190000 0.390000 0.000000
0.190000 0.400000 0.000000
0.190000 0.410000 0.000000
0.190000 0.420000 0.000000
0.190000 0.430000 0.000000
0.190000 0.440000 0.000000
0.190000 0.450000 0.000000
0.190000 0.460000 0.000000
0.190000 0.470000 0.000000
0.190000 0.480000 0.000000
0.190000 0.490000 0.000000
0.200000 0.000000 0.000000
0.200000 0.010000 0.000000
0.200000 0.020000 0.000000
0.200000 0.030000 0.000000
0.200000 0.040000 0.000000
0.200000 0.050000 0.000000
0.200000 0.060000 0.000000
0.200000 0.070000 0.000000
0.200000 0.080000 0.000000
0.200000 0.090000 0.000000
0.200000 0.100000 0.000000
0.200000 0.110000 0.000000
0.200000 0.120000 0.000000
0.200000 0.130000 0.000000
0.200000 0.140000 0.000000
0.200000 0.150000 0.000000
0.200000 0.160000 0.000000
0.200000 0.170000 0.000000
0.200000 0.180000 0.000000
0.200000 0.190000 0.000000
0.200000 0.200000 0.000000
0.200000 0.210000 0.000000
0.200000 0.220000 0.000000
0.200000 0.230000 0.000000
0.200000 0.240000 0.000000
0.200000 0.250000 0.000000
0.200000 0.260000 0.000000
0.200000 0.270000 0.000000
0.200000 0.280000 0.000000
0.200000 0.290000 0.000000
0.200000 0.300000 0.000000
0.200000 0.310000 0.000000
0.200000 0.320000 0.000000
0.200000 0.330000 0.000000
0.200000 0.340000 0.000000
0.200000 0.350000 0.000000
0.200000 0.360000 0.000000
0.200000 0.370000 0.000000
0.200000 0.380000 0.000000
0.200000 0.390000 0.000000
0.200000 0.400000 0.000000
0.200000 0.410000 0.000000
0.200000 0.420000 0.000000
0.200000 0.430000 0.000000
0.200000 0.440000 0.000000
0.200000 0.450000 0.000000
0.200000 0.460000 0.000000
0.200000 0.470000 0.000000
0.200000 0.480000 0.000000
0.200000 0.490000 0.000000
0.210000 0.000000 0.000000
0.210000 0.010000 0.000000
0.210000 0.020000 0.000000
0.210000 0.030000 0.000000
0.210000 0.040000 0.000000
0.210000 0.050000 0.000000
0.210000 0.060000 0.000000
0.210000 0.070000 0.000000
0.210000 0.080000 0.000000
0.210000 0.090000 0.000000
0.210000 0.100000 0.000000
0.210000 0.110000 0.000000
0.210000 0.120000 0.000000
0.210000 0.130000 0.000000
0.210000 0.140000 0.000000
0.210000 0.150000 0.000000
0.210000 0.160000 0.000000
0.210000 0.170000 0.000000
0.210000 0.180000 0.000000
0.210000 0.190000 0.000000
0.210000 0.200000 0.000000
0.210000 0.210000 0.000000
0.210000 0.220000 0.000000
0.210000 0.230000 0.000000
0.210000 0.240000 0.000000
0.210000 0.250000 0.000000
0.210000 0.260000 0.000000
0.210000 0.270000 0.000000
0.210000 0.280000 0.000000
0.210000 0.290000 0.000000
0.210000 0.300000 0.000000
0.210000 0.310000 0.000000
0.210000 0.320000 0.000000
0.210000 0.330000 0.000000
0.210000 0.340000 0.000000
0.210000 0.350000 0.000000
0.210000 0.360000 0.000000
0.210000 0.370000 0.000000
0.210000 0.380000 0.000000
0.210000 0.390000 0.000000
0.210000 0.400000 0.000000
0.210000 0.410000 0.000000
0.210000 0.420000 0.000000
0.210000 0.430000 0.000000
0.210000 0.440000 0.000000
0.210000 0.450000 0.000000
0.210000 0.460000 0.000000
0.210000 0.470000 0.000000
0.210000 0.480000 0.000000
0.210000 0.490000 0.000000
0.220000 0.000000 0.000000
0.220000 0.010000 0.000000
0.220000 0.020000 0.000000
0.220000 0.030000 0.000000
0.220000 0.040000 0.000000
0.220000 0.050000 0.000000
0.220000 0.060000 0.000000
0.220000 0.070000 0.000000
0.220000 0.080000 0.000000
0.220000 0.090000 0.000000
0.220000 0.100000 0.000000
0.220000 0.110000 0.000000
0.220000 0.120000 0.000000
0.220000 0.130000 0.000000
0.220000 0.140000 0.000000
0.220000 0.150000 0.000000
0.220000 0.160000 0.000000
0.220000 0.170000 0.000000
0.220000 0.180000 0.000000
0.220000 0.190000 0.000000
0.220000 0.200000 0.000000
0.220000 0.210000 0.000000
0.220000 0.220000 0.000000
0.220000 0.230000 0.000000
0.220000 0.240000 0.000000
0.220000 0.250000 0.000000
0.220000 0.260000 0.000000
0.220000 0.270000 0.000000
0.220000 0.280000 0.000000
0.220000 0.290000 0.000000
0.220000 0.300000 0.000000
0.220000 0.310000 0.000000
0.220000 0.320000 0.000000
0.220000 0.330000 0.000000
0.220000 0.340000 0.000000
0.220000 0.350000 0.000000
0.220000 0.360000 0.000000
0.220000 0.370000 0.000000
0.220000 0.380000 0.000000
0.220000 0.390000 0.000000
0.220000 0.400000 0.000000
0.220000 0.410000 0.000000
0.220000 0.420000 0.000000
0.220000 0.430000 0.000000
0.220000 0.440000 0.000000
0.220000 0.450000 0.000000
0.220000 0.460000 0.000000
0.220000 0.470000 0.000000
0.220000 0.480000 0.000000
0.220000 0.490000 0.000000
0.230000 0.000000 0.010645
0.230000 0.010000 0.010048
0.230000 0.020000 0.009527
0.230000 0.030000 0.009016
0.230000 0.040000 0.008516
0.230000 0.050000 0.008024
0.230000 0.060000 0.007652
0.230000 0.070000 0.007368
0.230000 0.080000 0.007158
0.230000 0.090000 0.000000
0.230000 0.100000 0.000000
0.230000 0.110000 0.000000
0.230000 0.120000 0.000000
0.230000 0.130000 0.000000
0.230000 0.140000 0.000000
0.230000 0.150000 0.000000
0.230000 0.160000 0.000000
0.230000 0.170000 0.000000
0.230000 0.180000 0.000000
0.230000 0.190000 0.000000
0.230000 0.200000 0.000000
0.230000 0.210000 0.000000
0.230000 0.220000 0.000000
0.230000 0.230000 0.000000
0.230000 0.240000 0.000000
0.230000 0.250000 0.000000
0.230000 0.260000 0.000000
0.230000 0.270000 0.000000
0.230000 0.280000 0.000000
0.230000 0.290000 0.000000
0.230000 0.300000 0.000000
0.230000 0.310000 0.000000
0.230000 0.320000 0.000000
0.230000 0.330000 0.000000
0.230000 0.340000 0.000000
0.230000 0.350000 0.000000
0.230000 0.360000 0.000000
0.230000 0.370000 0.000000
0.230000 0.380000 0.000000
0.230000 0.390000 0.000000
0.230000 0.400000 0.000000
0.230000 0.410000 0.000000
0.230000 0.420000 0.000000
0.230000 0.430000 0.000000
0.230000 0.440000 0.000000
0.230000 0.450000 0.000000
0.230000 0.460000 0.000000
0.230000 0.470000 0.000000
0.230000 0.480000 0.000000
0.230000 0.490000 0.000000
0.240000 0.000000 0.010811
0.240000 0.010000 0.000000
0.240000 0.020000 0.000000
0.240000 0.030000 0.000000
0.240000 0.040000 0.000000
0.240000 0.050000 0.000000
0.240000 0.060000 0.006705
0.240000 0.070000 0.006493
0.240000 0.080000 0.006237
0.240000 0.090000 0.005843
0.240000 0.100000 0.005462
0.240000 0.110000 0.005081
0.240000 0.120000 0.004697
0.240000 0.130000 0.004312
0.240000 0.140000 0.003925
0.240000 0.150000 0.003539
0.240000 0.160000 0.003157
0.240000 0.170000 0.002787
0.240000 0.180000 0.002451
0.240000 0.190000 0.002114
0.240000 0.200000 0.001826
0.240000 0.210000 0.001918
0.240000 0.220000 0.000000
0.240000 0.230000 0.000000
0.240000 0.240000 0.000000
0.240000 0.250000 0.000000
0.240000 0.260000 0.000000
0.240000 0.270000 0.000000
0.240000 0.280000 0.000000
0.240000 0.290000 0.000000
0.240000 0.300000 0.000000
0.240000 0.310000 0.000000
0.240000 0.320000 0.000000
0.240000 0.330000 0.000000
0.240000 0.340000 0.000000
0.240000 0.350000 0.000000
0.240000 0.360000 0.000000
0.240000 0.370000 0.000000
0.240000 0.380000 0.000000
0.240000 0.390000 0.000000
0.240000 0.400000 0.000000
0.240000 0.410000 0.000000
0.240000 0.420000 0.000000
0.240000 0.430000 0.000000
0.240000 0.440000 0.000000
0.240000 0.450000 0.000000
0.240000 0.460000 0.000000
0.240000 0.470000 0.000000
0.240000 0.480000 0.000000
0.240000 0.490000 0.000000
0.250000 0.000000 0.008724
0.250000 0.010000 0.008433
0.250000 0.020000 0.008105
0.250000 0.030000 0.007763
0.250000 0.040000 0.007415
0.250000 0.050000 0.007068
0.250000 0.060000 0.006731
0.250000 0.070000 0.006470
0.250000 0.080000 0.006167
0.250000 0.090000 0.005810
0.250000 0.100000 0.005439
0.250000 0.110000 0.005063
0.250000 0.120000 0.004685
0.250000 0.130000 0.004303
0.250000 0.140000 0.003921
0.250000 0.150000 0.003539
0.250000 0.160000 0.003161
0.250000 0.170000 0.002793
0.250000 0.180000 0.002447
0.250000 0.190000 0.002075
0.250000 0.200000 0.001663
0.250000 0.210000 0.001261
0.250000 0.220000 0.000923
0.250000 0.230000 0.000567
0.250000 0.240000 0.000203
0.250000 0.250000 -0.000167
0.250000 0.260000 -0.000550
0.250000 0.270000 -0.000966
0.250000 0.280000 -0.001401
0.250000 0.290000 -0.001717
0.250000 0.300000 -0.002060
0.250000 0.310000 -0.002431
0.250000 0.320000 -0.002808
0.250000 0.330000 -0.003151
0.250000 0.340000 -0.003543
0.250000 0.350000 0.000000
0.250000 0.360000 0.000000
0.250000 0.370000 0.000000
0.250000 0.380000 0.000000
0.250000 0.390000 0.000000
0.250000 0.400000 0.000000
0.250000 0.410000 0.000000
0.250000 0.420000 0.000000
0.250000 0.430000 0.000000
0.250000 0.440000 0.000000
0.250000 0.450000 0.000000
0.250000 0.460000 0.000000
0.250000 0.470000 0.000000
0.250000 0.480000 0.000000
0.250000 0.490000 0.000000
0.260000 0.000000 0.008793
0.260000 0.010000 0.008457
0.260000 0.020000 0.008118
0.260000 0.030000 0.007775
0.260000 0.040000 0.007431
0.260000 0.050000 0.007089
0.260000 0.060000 0.006756
0.260000 0.070000 0.006443
0.260000 0.080000 0.006117
0.260000 0.090000 0.005769
0.260000 0.100000 0.005408
0.260000 0.110000 0.005039
0.260000 0.120000 0.004667
0.260000 0.130000 0.004291
0.260000 0.140000 0.003915
0.260000 0.150000 0.003539
0.260000 0.160000 0.003165
0.260000 0.170000 0.002796
0.260000 0.180000 0.002432
0.260000 0.190000 0.002059
0.260000 0.200000 0.001674
0.260000 0.210000 0.001293
0.260000 0.220000 0.000932
0.260000 0.230000 0.000572
0.260000 0.240000 0.000210
0.260000 0.250000 -0.000153
0.260000 0.260000 -0.000510
0.260000 0.270000 -0.000837
0.260000 0.280000 -0.001136
0.260000 0.290000 -0.001547
0.260000 0.300000 -0.001977
0.260000 0.310000 -0.002357
0.260000 0.320000 -0.002708
0.260000 0.330000 -0.002987
0.260000 0.340000 -0.003231
0.260000 0.350000 -0.003780
0.260000 0.360000 -0.004361
0.260000 0.370000 -0.005212
0.260000 0.380000 -0.005917
0.260000 0.390000 -0.006699
0.260000 0.400000 -0.007342
0.260000 0.410000 -0.007936
0.260000 0.420000 -0.008494
0.260000 0.430000 -0.008961
0.260000 0.440000 -0.009400
0.260000 0.450000 -0.009803
0.260000 0.460000 -0.010004
0.260000 0.470000 0.000000
0.260000 0.480000 0.000000
0.260000 0.490000 0.000000
0.270000 0.000000 0.008833
0.270000 0.010000 0.008482
0.270000 0.020000 0.008135
0.270000 0.030000 0.007789
0.270000 0.040000 0.007443
0.270000 0.050000 0.007100
0.270000 0.060000 0.006762
0.270000 0.070000 0.006429
0.270000 0.080000 0.006091
0.270000 0.090000 0.005742
0.270000 0.100000 0.005384
0.270000 0.110000 0.005019
0.270000 0.120000 0.004651
0.270000 0.130000 0.004280
0.270000 0.140000 0.003908
0.270000 0.150000 0.003535
0.270000 0.160000 0.003164
0.270000 0.170000 0.002795
0.270000 0.180000 0.002426
0.270000 0.190000 0.002054
0.270000 0.200000 0.001679
0.270000 0.210000 0.001307
0.270000 0.220000 0.000941
0.270000 0.230000 0.000578
0.270000 0.240000 0.000216
0.270000 0.250000 -0.000144
0.270000 0.260000 -0.000499
0.270000 0.270000 -0.000845
0.270000 0.280000 -0.001191
0.270000 0.290000 -0.001569
0.270000 0.300000 -0.001958
0.270000 0.310000 -0.002332
0.270000 0.320000 -0.002688
0.270000 0.330000 -0.003024
0.270000 0.340000 -0.003372
0.270000 0.350000 -0.003816
0.270000 0.360000 -0.004292
0.270000 0.370000 -0.004756
0.270000 0.380000 -0.004966
0.270000 0.390000 -0.005183
0.270000 0.400000 -0.005522
0.270000 0.410000 -0.005884
0.270000 0.420000 -0.006249
0.270000 0.430000 -0.006646
0.270000 0.440000 -0.007023
0.270000 0.450000 -0.007369
0.270000 0.460000 -0.007756
0.270000 0.470000 -0.008182
0.270000 0.480000 -0.008664
0.270000 0.490000 -0.009231
0.280000 0.000000 0.008861
0.280000 0.010000 0.008504
0.280000 0.020000 0.008152
0.280000 0.030000 0.007802
0.280000 0.040000 0.007453
0.280000 0.050000 0.007107
0.280000 0.060000 0.006763
0.280000 0.070000 0.006420
0.280000 0.080000 0.006075
0.280000 0.090000 0.005723
0.280000 0.100000 0.005366
0.280000 0.110000 0.005004
0.280000 0.120000 0.004638
0.280000 0.130000 0.004270
0.280000 0.140000 0.003901
0.280000 0.150000 0.003531
0.280000 0.160000 0.003161
0.280000 0.170000 0.002792
0.280000 0.180000 0.002423
0.280000 0.190000 0.002053
0.280000 0.200000 0.001683
0.280000 0.210000 0.001313
0.280000 0.220000 0.000947
0.280000 0.230000 0.000583
0.280000 0.240000 0.000220
0.280000 0.250000 -0.000140
0.280000 0.260000 -0.000498
0.280000 0.270000 -0.000854
0.280000 0.280000 -0.001212
0.280000 0.290000 -0.001581
0.280000 0.300000 -0.001955
0.280000 0.310000 -0.002325
0.280000 0.320000 -0.002688
0.280000 0.330000 -0.003047
0.280000 0.340000 -0.003418
0.280000 0.350000 -0.003821
0.280000 0.360000 -0.004235
0.280000 0.370000 -0.004624
0.280000 0.380000 -0.004934
0.280000 0.390000 -0.005232
0.280000 0.400000 -0.005566
0.280000 0.410000 -0.005919
0.280000 0.420000 -0.006284
0.280000 0.430000 -0.006661
0.280000 0.440000 -0.007035
0.280000 0.450000 -0.007407
0.280000 0.460000 -0.007796
0.280000 0.470000 -0.008207
0.280000 0.480000 -0.008642
0.280000 0.490000 -0.009082
0.290000 0.000000 0.008881
0.290000 0.010000 0.008521
0.290000 0.020000 0.008166
0.290000 0.030000 0.007813
0.290000 0.040000 0.007461
0.290000 0.050000 0.007112
0.290000 0.060000 0.006763
0.290000 0.070000 0.006415
0.290000 0.080000 0.006064
0.290000 0.090000 0.005710
0.290000 0.100000 0.005353
0.290000 0.110000 0.004992
0.290000 0.120000 0.004628
0.290000 0.130000 0.004262
0.290000 0.140000 0.003894
0.290000 0.150000 0.003526
0.290000 0.160000 0.003158
0.290000 0.170000 0.002790
0.290000 0.180000 0.002422
0.290000 0.190000 0.002053
0.290000 0.200000 0.001684
0.290000 0.210000 0.001317
0.290000 0.220000 0.000951
0.290000 0.230000 0.000586
0.290000 0.240000 0.000223
0.290000 0.250000 -0.000139
0.290000 0.260000 -0.000499
0.290000 0.270000 -0.000859
0.290000 0.280000 -0.001221
0.290000 0.290000 -0.001588
0.290000 0.300000 -0.001957
0.290000 0.310000 -0.002325
0.290000 0.320000 -0.002691
0.290000 0.330000 -0.003058
0.290000 0.340000 -0.003432
0.290000 0.350000 -0.003816
0.290000 0.360000 -0.004202
0.290000 0.370000 -0.004572
0.290000 0.380000 -0.004914
0.290000 0.390000 -0.005247
0.290000 0.400000 -0.005590
0.290000 0.410000 -0.005944
0.290000 0.420000 -0.006307
0.290000 0.430000 -0.006677
0.290000 0.440000 -0.007050
0.290000 0.450000 -0.007427
0.290000 0.460000 -0.007813
0.290000 0.470000 -0.008209
0.290000 0.480000 -0.008613
0.290000 0.490000 -0.009010
0.300000 0.000000 0.008896
0.300000 0.010000 0.008535
0.300000 0.020000 0.008177
0.300000 0.030000 0.007822
0.300000 0.040000 0.007468
0.300000 0.050000 0.007115
0.300000 0.060000 0.006763
0.300000 0.070000 0.006411
0.300000 0.080000 0.006057
0.300000 0.090000 0.005702
0.300000 0.100000 0.005343
0.300000 0.110000 0.004982
0.300000 0.120000 0.004619
0.300000 0.130000 0.004255
0.300000 0.140000 0.003889
0.300000 0.150000 0.003522
0.300000 0.160000 0.003155
0.300000 0.170000 0.002787
0.300000 0.180000 0.002420
0.300000 0.190000 0.002052
0.300000 0.200000 0.001685
0.300000 0.210000 0.001318
0.300000 0.220000 0.000953
0.300000 0.230000 0.000588
0.300000 0.240000 0.000224
0.300000 0.250000 -0.000138
0.300000 0.260000 -0.000501
0.300000 0.270000 -0.000863
0.300000 0.280000 -0.001227
0.300000 0.290000 -0.001593
0.300000 0.300000 -0.001960
0.300000 0.310000 -0.002327
0.300000 0.320000 -0.002694
0.300000 0.330000 -0.003063
0.300000 0.340000 -0.003435
0.300000 0.350000 -0.003810
0.300000 0.360000 -0.004183
0.300000 0.370000 -0.004549
0.300000 0.380000 -0.004902
0.300000 0.390000 -0.005251
0.300000 0.400000 -0.005602
0.300000 0.410000 -0.005959
0.300000 0.420000 -0.006322
0.300000 0.430000 -0.006690
0.300000 0.440000 -0.007062
0.300000 0.450000 -0.007438
0.300000 0.460000 -0.007818
0.300000 0.470000 -0.008204
0.300000 0.480000 -0.008591
0.300000 0.490000 -0.008971
0.310000 0.000000 0.008908
0.310000 0.010000 0.008546
0.310000 0.020000 0.008187
0.310000 0.030000 0.007829
0.310000 0.040000 0.007473
0.310000 0.050000 0.007118
0.310000 0.060000 0.006763
0.310000 0.070000 0.006408
0.310000 0.080000 0.006053
0.310000 0.090000 0.005695
0.310000 0.100000 0.005336
0.310000 0.110000 0.004975
0.310000 0.120000 0.004613
0.310000 0.130000 0.004249
0.310000 0.140000 0.003884
0.310000 0.150000 0.003518
0.310000 0.160000 0.003152
0.310000 0.170000 0.002785
0.310000 0.180000 0.002419
0.310000 0.190000 0.002052
0.310000 0.200000 0.001685
0.310000 0.210000 0.001319
0.310000 0.220000 0.000954
0.310000 0.230000 0.000589
0.310000 0.240000 0.000225
0.310000 0.250000 -0.000139
0.310000 0.260000 -0.000502
0.310000 0.270000 -0.000866
0.310000 0.280000 -0.001230
0.310000 0.290000 -0.001596
0.310000 0.300000 -0.001962
0.310000 0.310000 -0.002329
0.310000 0.320000 -0.002696
0.310000 0.330000 -0.003064
0.310000 0.340000 -0.003434
0.310000 0.350000 -0.003804
0.310000 0.360000 -0.004173
0.310000 0.370000 -0.004537
0.310000 0.380000 -0.004896
0.310000 0.390000 -0.005252
0.310000 0.400000 -0.005609
0.310000 0.410000 -0.005969
0.310000 0.420000 -0.006333
0.310000 0.430000 -0.006700
0.310000 0.440000 -0.007070
0.310000 0.450000 -0.007443
0.310000 0.460000 -0.007820
0.310000 0.470000 -0.008198
0.310000 0.480000 -0.008575
0.310000 0.490000 -0.008948
0.320000 0.000000 0.008917
0.320000 0.010000 0.008555
0.320000 0.020000 0.008194
0.320000 0.030000 0.007835
0.320000 0.040000 0.007478
0.320000 0.050000 0.007121
0.320000 0.060000 0.006764
0.320000 0.070000 0.006407
0.320000 0.080000 0.006049
0.320000 0.090000 0.005691
0.320000 0.100000 0.005331
0.320000 0.110000 0.004970
0.320000 0.120000 0.004608
0.320000 0.130000 0.004244
0.320000 0.140000 0.003880
0.320000 0.150000 0.003515
0.320000 0.160000 0.003149
0.320000 0.170000 0.002783
0.320000 0.180000 0.002417
0.320000 0.190000 0.002051
0.320000 0.200000 0.001685
0.320000 0.210000 0.001319
0.320000 0.220000 0.000954
0.320000 0.230000 0.000589
0.320000 0.240000 0.000225
0.320000 0.250000 -0.000139
0.320000 0.260000 -0.000503
0.320000 0.270000 -0.000868
0.320000 0.280000 -0.001232
0.320000 0.290000 -0.001598
0.320000 0.300000 -0.001964
0.320000 0.310000 -0.002330
0.320000 0.320000 -0.002697
0.320000 0.330000 -0.003065
0.320000 0.340000 -0.003433
0.320000 0.350000 -0.003801
0.320000 0.360000 -0.004167
0.320000 0.370000 -0.004531
0.320000 0.380000 -0.004893
0.320000 0.390000 -0.005253
0.320000 0.400000 -0.005613
0.320000 0.410000 -0.005975
0.320000 0.420000 -0.006339
0.320000 0.430000 -0.006706
0.320000 0.440000 -0.007075
0.320000 0.450000 -0.007446
0.320000 0.460000 -0.007819
0.320000 0.470000 -0.008192
0.320000 0.480000 -0.008564
0.320000 0.490000 -0.008933
0.330000 0.000000 0.008924
0.330000 0.010000 0.008562
0.330000 0.020000 0.008201
0.330000 0.030000 0.007840
0.330000 0.040000 0.007481
0.330000 0.050000 0.007123
0.330000 0.060000 0.006764
0.330000 0.070000 0.006406
0.330000 0.080000 0.006047
0.330000 0.090000 0.005688
0.330000 0.100000 0.005327
0.330000 0.110000 0.004966
0.330000 0.120000 0.004603
0.330000 0.130000 0.004240
0.330000 0.140000 0.003876
0.330000 0.150000 0.003512
0.330000 0.160000 0.003147
0.330000 0.170000 0.002781
0.330000 0.180000 0.002416
0.330000 0.190000 0.002050
0.330000 0.200000 0.001685
0.330000 0.210000 0.001319
0.330000 0.220000 0.000954
0.330000 0.230000 0.000589
0.330000 0.240000 0.000225
0.330000 0.250000 -0.000140
0.330000 0.260000 -0.000504
0.330000 0.270000 -0.000869
0.330000 0.280000 -0.001234
0.330000 0.290000 -0.001599
0.330000 0.300000 -0.001965
0.330000 0.310000 -0.002331
0.330000 0.320000 -0.002698
0.330000 0.330000 -0.003065
0.330000 0.340000 -0.003431
0.330000 0.350000 -0.003798
0.330000 0.360000 -0.004164
0.330000 0.370000 -0.004528
0.330000 0.380000 -0.004891
0.330000 0.390000 -0.005253
0.330000 0.400000 -0.005616
0.330000 0.410000 -0.005979
0.330000 0.420000 -0.006343
0.330000 0.430000 -0.006710
0.330000 0.440000 -0.007078
0.330000 0.450000 -0.007447
0.330000 0.460000 -0.007817
0.330000 0.470000 -0.008187
0.330000 0.480000 -0.008557
0.330000 0.490000 -0.008924
0.340000 0.000000 0.008930
0.340000 0.010000 0.008567
0.340000 0.020000 0.008205
0.340000 0.030000 0.007844
0.340000 0.040000 0.007484
0.340000 0.050000 0.007124
0.340000 0.060000 0.006765
0.340000 0.070000 0.006405
0.340000 0.080000 0.006046
0.340000 0.090000 0.005685
0.340000 0.100000 0.005324
0.340000 0.110000 0.004963
0.340000 0.120000 0.004600
0.340000 0.130000 0.004237
0.340000 0.140000 0.003873
0.340000 0.150000 0.003509
0.340000 0.160000 0.003144
0.340000 0.170000 0.002779
0.340000 0.180000 0.002414
0.340000 0.190000 0.002049
0.340000 0.200000 0.001684
0.340000 0.210000 0.001319
0.340000 0.220000 0.000954
0.340000 0.230000 0.000589
0.340000 0.240000 0.000224
0.340000 0.250000 -0.000141
0.340000 0.260000 -0.000505
0.340000 0.270000 -0.000870
0.340000 0.280000 -0.001235
0.340000 0.290000 -0.001600
0.340000 0.300000 -0.001966
0.340000 0.310000 -0.002332
0.340000 0.320000 -0.002698
0.340000 0.330000 -0.003064
0.340000 0.340000 -0.003430
0.340000 0.350000 -0.003796
0.340000 0.360000 -0.004162
0.340000 0.370000 -0.004526
0.340000 0.380000 -0.004890
0.340000 0.390000 -0.005254
0.340000 0.400000 -0.005617
0.340000 0.410000 -0.005981
0.340000 0.420000 -0.006346
0.340000 0.430000 -0.006712
0.340000 0.440000 -0.007079
0.340000 0.450000 -0.007447
0.340000 0.460000 -0.007815
0.340000 0.470000 -0.008184
0.340000 0.480000 -0.008551
0.340000 0.490000 -0.008917
0.350000 0.000000 0.008935
0.350000 0.010000 0.008572
0.350000 0.020000 0.008209
0.350000 0.030000 0.007848
0.350000 0.040000 0.007487
0.350000 0.050000 0.007126
0.350000 0.060000 0.006766
0.350000 0.070000 0.006405
0.350000 0.080000 0.006045
0.350000 0.090000 0.005684
0.350000 0.100000 0.005322
0.350000 0.110000 0.004960
0.350000 0.120000 0.004598
0.350000 0.130000 0.004235
0.350000 0.140000 0.003871
0.350000 0.150000 0.003507
0.350000 0.160000 0.003142
0.350000 0.170000 0.002778
0.350000 0.180000 0.002413
0.350000 0.190000 0.002048
0.350000 0.200000 0.001683
0.350000 0.210000 0.001318
0.350000 0.220000 0.000953
0.350000 0.230000 0.000588
0.350000 0.240000 0.000224
0.350000 0.250000 -0.000141
0.350000 0.260000 -0.000506
0.350000 0.270000 -0.000871
0.350000 0.280000 -0.001236
0.350000 0.290000 -0.001601
0.350000 0.300000 -0.001967
0.350000 0.310000 -0.002332
0.350000 0.320000 -0.002698
0.350000 0.330000 -0.003064
0.350000 0.340000 -0.003430
0.350000 0.350000 -0.003795
0.350000 0.360000 -0.004161
0.350000 0.370000 -0.004525
0.350000 0.380000 -0.004890
0.350000 0.390000 -0.005254
0.350000 0.400000 -0.005618
0.350000 0.410000 -0.005982
0.350000 0.420000 -0.006347
0.350000 0.430000 -0.006713
0.350000 0.440000 -0.007080
0.350000 0.450000 -0.007447
0.350000 0.460000 -0.007814
0.350000 0.470000 -0.008181
0.350000 0.480000 -0.008547
0.350000 0.490000 -0.008913
0.360000 0.000000 0.008939
0.360000 0.010000 0.008576
0.360000 0.020000 0.008213
0.360000 0.030000 0.007851
0.360000 0.040000 0.007489
0.360000 0.050000 0.007128
0.360000 0.060000 0.006766
0.360000 0.070000 0.006405
0.360000 0.080000 0.006044
0.360000 0.090000 0.005682
0.360000 0.100000 0.005321
0.360000 0.110000 0.004958
0.360000 0.120000 0.004596
0.360000 0.130000 0.004233
0.360000 0.140000 0.003869
0.360000 0.150000 0.003505
0.360000 0.160000 0.003141
0.360000 0.170000 0.002776
0.360000 0.180000 0.002412
0.360000 0.190000 0.002047
0.360000 0.200000 0.001682
0.360000 0.210000 0.001317
0.360000 0.220000 0.000953
0.360000 0.230000 0.000588
0.360000 0.240000 0.000223
0.360000 0.250000 -0.000142
0.360000 0.260000 -0.000507
0.360000 0.270000 -0.000872
0.360000 0.280000 -0.001237
0.360000 0.290000 -0.001602
0.360000 0.300000 -0.001967
0.360000 0.310000 -0.002333
0.360000 0.320000 -0.002698
0.360000 0.330000 -0.003064
0.360000 0.340000 -0.003429
0.360000 0.350000 -0.003795
0.360000 0.360000 -0.004160
0.360000 0.370000 -0.004525
0.360000 0.380000 -0.004889
0.360000 0.390000 -0.005254
0.360000 0.400000 -0.005618
0.360000 0.410000 -0.005983
0.360000 0.420000 -0.006348
0.360000 0.430000 -0.006714
0.360000 0.440000 -0.007080
0.360000 0.450000 -0.007446
0.360000 0.460000 -0.007812
0.360000 0.470000 -0.008179
0.360000 0.480000 -0.008544
0.360000 0.490000 -0.008909
0.370000 0.000000 0.008942
0.370000 0.010000 0.008578
0.370000 0.020000 0.008215
0.370000 0.030000 0.007853
0.370000 0.040000 0.007491
0.370000 0.050000 0.007129
0.370000 0.060000 0.006767
0.370000 0.070000 0.006405
0.370000 0.080000 0.006044
0.370000 0.090000 0.005682
0.370000 0.100000 0.005319
0.370000 0.110000 0.004957
0.370000 0.120000 0.004594
0.370000 0.130000 0.004231
0.370000 0.140000 0.003867
0.370000 0.150000 0.003504
0.370000 0.160000 0.003139
0.370000 0.170000 0.002775
0.370000 0.180000 0.002411
0.370000 0.190000 0.002046
0.370000 0.200000 0.001681
0.370000 0.210000 0.001317
0.370000 0.220000 0.000952
0.370000 0.230000 0.000587
0.370000 0.240000 0.000222
0.370000 0.250000 -0.000142
0.370000 0.260000 -0.000507
0.370000 0.270000 -0.000872
0.370000 0.280000 -0.001237
0.370000 0.290000 -0.001602
0.370000 0.300000 -0.001968
0.370000 0.310000 -0.002333
0.370000 0.320000 -0.002698
0.370000 0.330000 -0.003064
0.370000 0.340000 -0.003429
0.370000 0.350000 -0.003794
0.370000 0.360000 -0.004159
0.370000 0.370000 -0.004524
0.370000 0.380000 -0.004889
0.370000 0.390000 -0.005254
0.370000 0.400000 -0.005618
0.370000 0.410000 -0.005983
0.370000 0.420000 -0.006349
0.370000 0.430000 -0.006714
0.370000 0.440000 -0.007080
0.370000 0.450000 -0.007445
0.370000 0.460000 -0.007811
0.370000 0.470000 -0.008177
0.370000 0.480000 -0.008542
0.370000 0.490000 -0.008907
0.380000 0.000000 0.008945
0.380000 0.010000 0.008581
0.380000 0.020000 0.008218
0.380000 0.030000 0.007855
0.380000 0.040000 0.007492
0.380000 0.050000 0.007130
0.380000 0.060000 0.006768
0.380000 0.070000 0.006406
0.380000 0.080000 0.006043
0.380000 0.090000 0.005681
0.380000 0.100000 0.005319
0.380000 0.110000 0.004956
0.380000 0.120000 0.004593
0.380000 0.130000 0.004230
0.380000 0.140000 0.003866
0.380000 0.150000 0.003502
0.380000 0.160000 0.003138
0.380000 0.170000 0.002774
0.380000 0.180000 0.002410
0.380000 0.190000 0.002045
0.380000 0.200000 0.001681
0.380000 0.210000 0.001316
0.380000 0.220000 0.000951
0.380000 0.230000 0.000587
0.380000 0.240000 0.000222
0.380000 0.250000 -0.000143
0.380000 0.260000 -0.000508
0.380000 0.270000 -0.000873
0.380000 0.280000 -0.001238
0.380000 0.290000 -0.001603
0.380000 0.300000 -0.001968
0.380000 0.310000 -0.002333
0.380000 0.320000 -0.002698
0.380000 0.330000 -0.003064
0.380000 0.340000 -0.003429
0.380000 0.350000 -0.003794
0.380000 0.360000 -0.004159
0.380000 0.370000 -0.004524
0.380000 0.380000 -0.004889
0.380000 0.390000 -0.005254
0.380000 0.400000 -0.005619
0.380000 0.410000 -0.005983
0.380000 0.420000 -0.006349
0.380000 0.430000 -0.006714
0.380000 0.440000 -0.007079
0.380000 0.450000 -0.007445
0.380000 0.460000 -0.007810
0.380000 0.470000 -0.008175
0.380000 0.480000 -0.008540
0.380000 0.490000 -0.008905
0.390000 0.000000 0.008947
0.390000 0.010000 0.008583
0.390000 0.020000 0.008219
0.390000 0.030000 0.007856
0.390000 0.040000 0.007493
0.390000 0.050000 0.007131
0.390000 0.060000 0.006768
0.390000 0.070000 0.006406
0.390000 0.080000 0.006043
0.390000 0.090000 0.005681
0.390000 0.100000 0.005318
0.390000 0.110000 0.004955
0.390000 0.120000 0.004592
0.390000 0.130000 0.004229
0.390000 0.140000 0.003865
0.390000 0.150000 0.003501
0.390000 0.160000 0.003137
0.390000 0.170000 0.002773
0.390000 0.180000 0.002409
0.390000 0.190000 0.002045
0.390000 0.200000 0.001680
0.390000 0.210000 0.001315
0.390000 0.220000 0.000951
0.390000 0.230000 0.000586
0.390000 0.240000 0.000221
0.390000 0.250000 -0.000143
0.390000 0.260000 -0.000508
0.390000 0.270000 -0.000873
0.390000 0.280000 -0.001238
0.390000 0.290000 -0.001603
0.390000 0.300000 -0.001968
0.390000 0.310000 -0.002333
0.390000 0.320000 -0.002698
0.390000 0.330000 -0.003064
0.390000 0.340000 -0.003429
0.390000 0.350000 -0.003794
0.390000 0.360000 -0.004159
0.390000 0.370000 -0.004524
0.390000 0.380000 -0.004889
0.390000 0.390000 -0.005254
0.390000 0.400000 -0.005618
0.390000 0.410000 -0.005983
0.390000 0.420000 -0.006348
0.390000 0.430000 -0.006714
0.390000 0.440000 -0.007079
0.390000 0.450000 -0.007444
0.390000 0.460000 -0.007809
0.390000 0.470000 -0.008174
0.390000 0.480000 -0.008539
0.390000 0.490000 -0.008903
0.400000 0.000000 0.008948
0.400000 0.010000 0.008585
0.400000 0.020000 0.008221
0.400000 0.030000 0.007858
0.400000 0.040000 0.007495
0.400000 0.050000 0.007132
0.400000 0.060000 0.006769
0.400000 0.070000 0.006406
0.400000 0.080000 0.006043
0.400000 0.090000 0.005680
0.400000 0.100000 0.005317
0.400000 0.110000 0.004954
0.400000 0.120000 0.004591
0.400000 0.130000 0.004228
0.400000 0.140000 0.003864
0.400000 0.150000 0.003500
0.400000 0.160000 0.003136
0.400000 0.170000 0.002772
0.400000 0.180000 0.002408
0.400000 0.190000 0.002044
0.400000 0.200000 0.001679
0.400000 0.210000 0.001315
0.400000 0.220000 0.000950
0.400000 0.230000 0.000586
0.400000 0.240000 0.000221
0.400000 0.250000 -0.000144
0.400000 0.260000 -0.000509
0.400000 0.270000 -0.000873
0.400000 0.280000 -0.001238
0.400000 0.290000 -0.001603
0.400000 0.300000 -0.001968
0.400000 0.310000 -0.002333
0.400000 0.320000 -0.002698
0.400000 0.330000 -0.003063
0.400000 0.340000 -0.003429
0.400000 0.350000 -0.003794
0.400000 0.360000 -0.004159
0.400000 0.370000 -0.004524
0.400000 0.380000 -0.004888
0.400000 0.390000 -0.005253
0.400000 0.400000 -0.005618
0.400000 0.410000 -0.005983
0.400000 0.420000 -0.006348
0.400000 0.430000 -0.006713
0.400000 0.440000 -0.007078
0.400000 0.450000 -0.007443
0.400000 0.460000 -0.007808
0.400000 0.470000 -0.008173
0.400000 0.480000 -0.008538
0.400000 0.490000 -0.008902
0.410000 0.000000 0.008950
0.410000 0.010000 0.008586
0.410000 0.020000 0.008222
0.410000 0.030000 0.007859
0.410000 0.040000 0.007495
0.410000 0.050000 0.007132
0.410000 0.060000 0.006769
0.410000 0.070000 0.006406
0.410000 0.080000 0.006043
0.410000 0.090000 0.005680
0.410000 0.100000 0.005317
0.410000 0.110000 0.004954
0.410000 0.120000 0.004591
0.410000 0.130000 0.004227
0.410000 0.140000 0.003863
0.410000 0.150000 0.003500
0.410000 0.160000 0.003136
0.410000 0.170000 0.002772
0.410000 0.180000 0.002408
0.410000 0.190000 0.002043
0.410000 0.200000 0.001679
0.410000 0.210000 0.001314
0.410000 0.220000 0.000950
0.410000 0.230000 0.000585
0.410000 0.240000 0.000221
0.410000 0.250000 -0.000144
0.410000 0.260000 -0.000509
0.410000 0.270000 -0.000874
0.410000 0.280000 -0.001239
0.410000 0.290000 -0.001603
0.410000 0.300000 -0.001968
0.410000 0.310000 -0.002333
0.410000 0.320000 -0.002698
0.410000 0.330000 -0.003063
0.410000 0.340000 -0.003429
0.410000 0.350000 -0.003794
0.410000 0.360000 -0.004158
0.410000 0.370000 -0.004523
0.410000 0.380000 -0.004888
0.410000 0.390000 -0.005253
0.410000 0.400000 -0.005618
0.410000 0.410000 -0.005983
0.410000 0.420000 -0.006348
0.410000 0.430000 -0.006713
0.410000 0.440000 -0.007078
0.410000 0.450000 -0.007443
0.410000 0.460000 -0.007808
0.410000 0.470000 -0.008172
0.410000 0.480000 -0.008537
0.410000 0.490000 -0.008901
0.420000 0.000000 0.008951
0.420000 0.010000 0.008587
0.420000 0.020000 0.008223
0.420000 0.030000 0.007860
0.420000 0.040000 0.007496
0.420000 0.050000 0.007133
0.420000 0.060000 0.006770
0.420000 0.070000 0.006406
0.420000 0.080000 0.006043
0.420000 0.090000 0.005680
0.420000 0.100000 0.005317
0.420000 0.110000 0.004954
0.420000 0.120000 0.004590
0.420000 0.130000 0.004227
0.420000 0.140000 0.003863
0.420000 0.150000 0.003499
0.420000 0.160000 0.003135
0.420000 0.170000 0.002771
0.420000 0.180000 0.002407
0.420000 0.190000 0.002043
0.420000 0.200000 0.001678
0.420000 0.210000 0.001314
0.420000 0.220000 0.000949
0.420000 0.230000 0.000585
0.420000 0.240000 0.000220
0.420000 0.250000 -0.000144
0.420000 0.260000 -0.000509
0.420000 0.270000 -0.000874
0.420000 0.280000 -0.001239
0.420000 0.290000 -0.001604
0.420000 0.300000 -0.001969
0.420000 0.310000 -0.002334
0.420000 0.320000 -0.002699
0.420000 0.330000 -0.003063
0.420000 0.340000 -0.003428
0.420000 0.350000 -0.003793
0.420000 0.360000 -0.004158
0.420000 0.370000 -0.004523
0.420000 0.380000 -0.004888
0.420000 0.390000 -0.005253
0.420000 0.400000 -0.005618
0.420000 0.410000 -0.005983
0.420000 0.420000 -0.006348
0.420000 0.430000 -0.006713
0.420000 0.440000 -0.007077
0.420000 0.450000 -0.007442
0.420000 0.460000 -0.007807
0.420000 0.470000 -0.008172
0.420000 0.480000 -0.008536
0.420000 0.490000 -0.008900
0.430000 0.000000 0.008952
0.430000 0.010000 0.008588
0.430000 0.020000 0.008224
0.430000 0.030000 0.007860
0.430000 0.040000 0.007497
0.430000 0.050000 0.007133
0.430000 0.060000 0.006770
0.430000 0.070000 0.006407
0.430000 0.080000 0.006043
0.430000 0.090000 0.005680
0.430000 0.100000 0.005317
0.430000 0.110000 0.004953
0.430000 0.120000 0.004590
0.430000 0.130000 0.004226
0.430000 0.140000 0.003862
0.430000 0.150000 0.003499
0.430000 0.160000 0.003135
0.430000 0.170000 0.002771
0.430000 0.180000 0.002407
0.430000 0.190000 0.002042
0.430000 0.200000 0.001678
0.430000 0.210000 0.001314
0.430000 0.220000 0.000949
0.430000 0.230000 0.000585
0.430000 0.240000 0.000220
0.430000 0.250000 -0.000145
0.430000 0.260000 -0.000509
0.430000 0.270000 -0.000874
0.430000 0.280000 -0.001239
0.430000 0.290000 -0.001604
0.430000 0.300000 -0.001969
0.430000 0.310000 -0.002334
0.430000 0.320000 -0.002699
0.430000 0.330000 -0.003063
0.430000 0.340000 -0.003428
0.430000 0.350000 -0.003793
0.430000 0.360000 -0.004158
0.430000 0.370000 -0.004523
0.430000 0.380000 -0.004888
0.430000 0.390000 -0.005253
0.430000 0.400000 -0.005618
0.430000 0.410000 -0.005983
0.430000 0.420000 -0.006348
0.430000 0.430000 -0.006712
0.430000 0.440000 -0.007077
0.430000 0.450000 -0.007442
0.430000 0.460000 -0.007806
0.430000 0.470000 -0.008171
0.430000 0.480000 -0.008535
0.430000 0.490000 -0.008900
0.440000 0.000000 0.008953
0.440000 0.010000 0.008589
0.440000 0.020000 0.008225
0.440000 0.030000 0.007861
0.440000 0.040000 0.007497
0.440000 0.050000 0.007134
0.440000 0.060000 0.006770
0.440000 0.070000 0.006407
0.440000 0.080000 0.006043
0.440000 0.090000 0.005680
0.440000 0.100000 0.005317
0.440000 0.110000 0.004953
0.440000 0.120000 0.004589
0.440000 0.130000 0.004226
0.440000 0.140000 0.003862
0.440000 0.150000 0.003498
0.440000 0.160000 0.003134
0.440000 0.170000 0.002770
0.440000 0.180000 0.002406
0.440000 0.190000 0.002042
0.440000 0.200000 0.001678
0.440000 0.210000 0.001313
0.440000 0.220000 0.000949
0.440000 0.230000 0.000584
0.440000 0.240000 0.000220
0.440000 0.250000 -0.000145
0.440000 0.260000 -0.000510
0.440000 0.270000 -0.000874
0.440000 0.280000 -0.001239
0.440000 0.290000 -0.001604
0.440000 0.300000 -0.001969
0.440000 0.310000 -0.002334
0.440000 0.320000 -0.002699
0.440000 0.330000 -0.003064
0.440000 0.340000 -0.003428
0.440000 0.350000 -0.003793
0.440000 0.360000 -0.004158
0.440000 0.370000 -0.004523
0.440000 0.380000 -0.004888
0.440000 0.390000 -0.005253
0.440000 0.400000 -0.005618
0.440000 0.410000 -0.005983
0.440000 0.420000 -0.006347
0.440000 0.430000 -0.006712
0.440000 0.440000 -0.007077
0.440000 0.450000 -0.007441
0.440000 0.460000 -0.007806
0.440000 0.470000 -0.008171
0.440000 0.480000 -0.008535
0.440000 0.490000 -0.008899
0.450000 0.000000 0.008953
0.450000 0.010000 0.008589
0.450000 0.020000 0.008225
0.450000 0.030000 0.007861
0.450000 0.040000 0.007498
0.450000 0.050000 0.007134
0.450000 0.060000 0.006771
0.450000 0.070000 0.006407
0.450000 0.080000 0.006044
0.450000 0.090000 0.005680
0.450000 0.100000 0.005316
0.450000 0.110000 0.004953
0.450000 0.120000 0.004589
0.450000 0.130000 0.004226
0.450000 0.140000 0.003862
0.450000 0.150000 0.003498
0.450000 0.160000 0.003134
0.450000 0.170000 0.002770
0.450000 0.180000 0.002406
0.450000 0.190000 0.002042
0.450000 0.200000 0.001677
0.450000 0.210000 0.001313
0.450000 0.220000 0.000949
0.450000 0.230000 0.000584
0.450000 0.240000 0.000219
0.450000 0.250000 -0.000145
0.450000 0.260000 -0.000510
0.450000 0.270000 -0.000875
0.450000 0.280000 -0.001239
0.450000 0.290000 -0.001604
0.450000 0.300000 -0.001969
0.450000 0.310000 -0.002334
0.450000 0.320000 -0.002699
0.450000 0.330000 -0.003064
0.450000 0.340000 -0.003428
0.450000 0.350000 -0.003793
0.450000 0.360000 -0.004158
0.450000 0.370000 -0.004523
0.450000 0.380000 -0.004888
0.450000 0.390000 -0.005253
0.450000 0.400000 -0.005618
0.450000 0.410000 -0.005982
0.450000 0.420000 -0.006347
0.450000 0.430000 -0.006712
0.450000 0.440000 -0.007077
0.450000 0.450000 -0.007441
0.450000 0.460000 -0.007806
0.450000 0.470000 -0.008170
0.450000 0.480000 -0.008535
0.450000 0.490000 -0.008899
0.460000 0.000000 0.008954
0.460000 0.010000 0.008590
0.460000 0.020000 0.008226
0.460000 0.030000 0.007862
0.460000 0.040000 0.007498
0.460000 0.050000 0.007134
0.460000 0.060000 0.006771
0.460000 0.070000 0.006407
0.460000 0.080000 0.006044
0.460000 0.090000 0.005680
0.460000 0.100000 0.005316
0.460000 0.110000 0.004953
0.460000 0.120000 0.004589
0.460000 0.130000 0.004225
0.460000 0.140000 0.003862
0.460000 0.150000 0.003498
0.460000 0.160000 0.003134
0.460000 0.170000 0.002770
0.460000 0.180000 0.002406
0.460000 0.190000 0.002041
0.460000 0.200000 0.001677
0.460000 0.210000 0.001313
0.460000 0.220000 0.000948
0.460000 0.230000 0.000584
0.460000 0.240000 0.000219
0.460000 0.250000 -0.000145
0.460000 0.260000 -0.000510
0.460000 0.270000 -0.000875
0.460000 0.280000 -0.001239
0.460000 0.290000 -0.001604
0.460000 0.300000 -0.001969
0.460000 0.310000 -0.002334
0.460000 0.320000 -0.002699
0.460000 0.330000 -0.003064
0.460000 0.340000 -0.003428
0.460000 0.350000 -0.003793
0.460000 0.360000 -0.004158
0.460000 0.370000 -0.004523
0.460000 0.380000 -0.004888
0.460000 0.390000 -0.005253
0.460000 0.400000 -0.005617
0.460000 0.410000 -0.005982
0.460000 0.420000 -0.006347
0.460000 0.430000 -0.006712
0.460000 0.440000 -0.007076
0.460000 0.450000 -0.007441
0.460000 0.460000 -0.007805
0.460000 0.470000 -0.008170
0.460000 0.480000 -0.008534
0.460000 0.490000 -0.008898
0.470000 0.000000 0.008954
0.470000 0.010000 0.008590
0.470000 0.020000 0.008226
0.470000 0.030000 0.007862
0.470000 0.040000 0.007498
0.470000 0.050000 0.007135
0.470000 0.060000 0.006771
0.470000 0.070000 0.006407
0.470000 0.080000 0.006044
0.470000 0.090000 0.005680
0.470000 0.100000 0.005316
0.470000 0.110000 0.004953
0.470000 0.120000 0.004589
0.470000 0.130000 0.004225
0.470000 0.140000 0.003861
0.470000 0.150000 0.003498
0.470000 0.160000 0.003134
0.470000 0.170000 0.002770
0.470000 0.180000 0.002405
0.470000 0.190000 0.002041
0.470000 0.200000 0.001677
0.470000 0.210000 0.001313
0.470000 0.220000 0.000948
0.470000 0.230000 0.000584
0.470000 0.240000 0.000219
0.470000 0.250000 -0.000145
0.470000 0.260000 -0.000510
0.470000 0.270000 -0.000875
0.470000 0.280000 -0.001239
0.470000 0.290000 -0.001604
0.470000 0.300000 -0.001969
0.470000 0.310000 -0.002334
0.470000 0.320000 -0.002699
0.470000 0.330000 -0.003064
0.470000 0.340000 -0.003428
0.470000 0.350000 -0.003793
0.470000 0.360000 -0.004158
0.470000 0.370000 -0.004523
0.470000 0.380000 -0.004888
0.470000 0.390000 -0.005253
0.470000 0.400000 -0.005617
0.470000 0.410000 -0.005982
0.470000 0.420000 -0.006347
0.470000 0.430000 -0.006712
0.470000 0.440000 -0.007076
0.470000 0.450000 -0.007441
0.470000 0.460000 -0.007805
0.470000 0.470000 -0.008170
0.470000 0.480000 -0.008534
0.470000 0.490000 -0.008898
0.480000 0.000000 0.008954
0.480000 0.010000 0.008590
0.480000 0.020000 0.008226
0.480000 0.030000 0.007862
0.480000 0.040000 0.007498
0.480000 0.050000 0.007135
0.480000 0.060000 0.006771
0.480000 0.070000 0.006407
0.480000 0.080000 0.006044
0.480000 0.090000 0.005680
0.480000 0.100000 0.005316
0.480000 0.110000 0.004953
0.480000 0.120000 0.004589
0.480000 0.130000 0.004225
0.480000 0.140000 0.003861
0.480000 0.150000 0.003497
0.480000 0.160000 0.003133
0.480000 0.170000 0.002769
0.480000 0.180000 0.002405
0.480000 0.190000 0.002041
0.480000 0.200000 0.001677
0.480000 0.210000 0.001312
0.480000 0.220000 0.000948
0.480000 0.230000 0.000584
0.480000 0.240000 0.000219
0.480000 0.250000 -0.000145
0.480000 0.260000 -0.000510
0.480000 0.270000 -0.000875
0.480000 0.280000 -0.001240
0.480000 0.290000 -0.001604
0.480000 0.300000 -0.001969
0.480000 0.310000 -0.002334
0.480000 0.320000 -0.002699
0.480000 0.330000 -0.003064
0.480000 0.340000 -0.003428
0.480000 0.350000 -0.003793
0.480000 0.360000 -0.004158
0.480000 0.370000 -0.004523
0.480000 0.380000 -0.004888
0.480000 0.390000 -0.005253
0.480000 0.400000 -0.005617
0.480000 0.410000 -0.005982
0.480000 0.420000 -0.006347
0.480000 0.430000 -0.006711
0.480000 0.440000 -0.007076
0.480000 0.450000 -0.007441
0.480000 0.460000 -0.007805
0.480000 0.470000 -0.008169
0.480000 0.480000 -0.008534
0.480000 0.490000 -0.008898
0.490000 0.000000 0.008954
0.490000 0.010000 0.008590
0.490000 0.020000 0.008226
0.490000 0.030000 0.007862
0.490000 0.040000 0.007499
0.490000 0.050000 0.007135
0.490000 0.060000 0.006771
0.490000 0.070000 0.006407
0.490000 0.080000 0.006044
0.490000 0.090000 0.005680
0.490000 0.100000 0.005316
0.490000 0.110000 0.004953
0.490000 0.120000 0.004589
0.490000 0.130000 0.004225
0.490000 0.140000 0.003861
0.490000 0.150000 0.003497
0.490000 0.160000 0.003133
0.490000 0.170000 0.002769
0.490000 0.180000 0.002405
0.490000 0.190000 0.002041
0.490000 0.200000 0.001677
0.490000 0.210000 0.001312
0.490000 0.220000 0.000948
0.490000 0.230000 0.000584
0.490000 0.240000 0.000219
0.490000 0.250000 -0.000146
0.490000 0.260000 -0.000510
0.490000 0.270000 -0.000875
0.490000 0.280000 -0.001240
0.490000 0.290000 -0.001604
0.490000 0.300000 -0.001969
0.490000 0.310000 -0.002334
0.490000 0.320000 -0.002699
0.490000 0.330000 -0.003064
0.490000 0.340000 -0.003428
0.490000 0.350000 -0.003793
0.490000 0.360000 -0.004158
0.490000 0.370000 -0.004523
0.490000 0.380000 -0.004888
0.490000 0.390000 -0.005253
0.490000 0.400000 -0.005617
0.490000 0.410000 -0.005982
0.490000 0.420000 -0.006347
0.490000 0.430000 -0.006711
0.490000 0.440000 -0.007076
0.490000 0.450000 -0.007441
0.490000 0.460000 -0.007805
0.490000 0.470000 -0.008169
0.490000 0.480000 -0.008534
0.490000 0.490000 -0.008898
