0 0 0 0.000000
0 0 1 0.000000
0 0 2 0.000000
0 0 3 0.000000
0 0 4 0.000000
0 0 5 0.000000
0 0 6 0.000000
0 0 7 0.000000
0 1 0 0.000000
0 1 1 0.000000
0 1 2 0.000000
0 1 3 0.000000
0 1 4 0.000000
0 1 5 0.000000
0 1 6 0.000000
0 1 7 0.000000
0 2 0 0.000000
0 2 1 0.000000
0 2 2 0.000000
0 2 3 0.000000
0 2 4 0.000000
0 2 5 0.000000
0 2 6 0.000000
0 2 7 0.000000
0 3 0 0.000000
0 3 1 0.000000
0 3 2 0.000000
0 3 3 0.000000
0 3 4 0.000000
0 3 5 0.000000
0 3 6 0.000000
0 3 7 0.000000
0 4 0 0.000000
0 4 1 0.000000
0 4 2 0.000000
0 4 3 0.000000
0 4 4 0.000000
0 4 5 0.000000
0 4 6 0.000000
0 4 7 0.000000
0 5 0 -1006.300878
0 5 1 -839.971023
0 5 2 -574.746521
0 5 3 -224.367821
0 5 4 0.000000
0 5 5 0.000000
0 5 6 0.000000
0 5 7 0.000000
0 6 0 -1159.393198
0 6 1 -988.008865
0 6 2 -604.922175
0 6 3 4.547219
0 6 4 0.000000
0 6 5 0.000000
0 6 6 0.000000
0 6 7 0.000000
0 7 0 -1624.560303
0 7 1 -1372.646897
0 7 2 -839.838852
0 7 3 0.000000
0 7 4 0.000000
0 7 5 0.000000
0 7 6 0.000000
0 7 7 0.000000
1 0 0 0.000000
1 0 1 0.000000
1 0 2 0.000000
1 0 3 0.000000
1 0 4 0.000000
1 0 5 0.000000
1 0 6 0.000000
1 0 7 0.000000
1 1 0 0.000000
1 1 1 0.000000
1 1 2 0.000000
1 1 3 0.000000
1 1 4 0.000000
1 1 5 0.000000
1 1 6 0.000000
1 1 7 0.000000
1 2 0 0.000000
1 2 1 0.000000
1 2 2 0.000000
1 2 3 0.000000
1 2 4 0.000000
1 2 5 0.000000
1 2 6 0.000000
1 2 7 0.000000
1 3 0 0.000000
1 3 1 0.000000
1 3 2 0.000000
1 3 3 0.000000
1 3 4 0.000000
1 3 5 0.000000
1 3 6 0.000000
1 3 7 0.000000
1 4 0 0.000000
1 4 1 0.000000
1 4 2 0.000000
1 4 3 0.000000
1 4 4 0.000000
1 4 5 0.000000
1 4 6 0.000000
1 4 7 0.000000
1 5 0 -840.957046
1 5 1 -687.676488
1 5 2 -452.854648
1 5 3 -170.805174
1 5 4 0.000000
1 5 5 0.000000
1 5 6 0.000000
1 5 7 0.000000
1 6 0 -991.093588
1 6 1 -851.552061
1 6 2 -408.755524
1 6 3 56.801616
1 6 4 0.000000
1 6 5 0.000000
1 6 6 0.000000
1 6 7 0.000000
1 7 0 -1375.572725
1 7 1 -1134.217400
1 7 2 -635.709562
1 7 3 0.000000
1 7 4 0.000000
1 7 5 0.000000
1 7 6 0.000000
1 7 7 0.000000
2 0 0 0.000000
2 0 1 0.000000
2 0 2 0.000000
2 0 3 0.000000
2 0 4 0.000000
2 0 5 0.000000
2 0 6 0.000000
2 0 7 0.000000
2 1 0 0.000000
2 1 1 0.000000
2 1 2 0.000000
2 1 3 0.000000
2 1 4 0.000000
2 1 5 0.000000
2 1 6 0.000000
2 1 7 0.000000
2 2 0 0.000000
2 2 1 0.000000
2 2 2 0.000000
2 2 3 0.000000
2 2 4 0.000000
2 2 5 0.000000
2 2 6 0.000000
2 2 7 0.000000
2 3 0 0.000000
2 3 1 0.000000
2 3 2 0.000000
2 3 3 0.000000
2 3 4 0.000000
2 3 5 0.000000
2 3 6 0.000000
2 3 7 0.000000
2 4 0 0.000000
2 4 1 0.000000
2 4 2 0.000000
2 4 3 0.000000
2 4 4 0.000000
2 4 5 0.000000
2 4 6 0.000000
2 4 7 0.000000
2 5 0 -579.804275
2 5 1 -462.680971
2 5 2 0.000000
2 5 3 -100.509586
2 5 4 0.000000
2 5 5 0.000000
2 5 6 0.000000
2 5 7 0.000000
2 6 0 -616.432729
2 6 1 -424.176574
2 6 2 -60.864673
2 6 3 103.987709
2 6 4 0.000000
2 6 5 0.000000
2 6 6 0.000000
2 6 7 0.000000
2 7 0 -848.448484
2 7 1 -655.672300
2 7 2 0.000000
2 7 3 0.000000
2 7 4 0.000000
2 7 5 0.000000
2 7 6 0.000000
2 7 7 0.000000
3 0 0 0.000000
3 0 1 0.000000
3 0 2 0.000000
3 0 3 0.000000
3 0 4 0.000000
3 0 5 0.000000
3 0 6 0.000000
3 0 7 0.000000
3 1 0 0.000000
3 1 1 0.000000
3 1 2 0.000000
3 1 3 0.000000
3 1 4 0.000000
3 1 5 0.000000
3 1 6 0.000000
3 1 7 0.000000
3 2 0 0.000000
3 2 1 0.000000
3 2 2 0.000000
3 2 3 0.000000
3 2 4 0.000000
3 2 5 0.000000
3 2 6 0.000000
3 2 7 0.000000
3 3 0 0.000000
3 3 1 0.000000
3 3 2 0.000000
3 3 3 0.000000
3 3 4 0.000000
3 3 5 0.000000
3 3 6 0.000000
3 3 7 0.000000
3 4 0 0.000000
3 4 1 0.000000
3 4 2 0.000000
3 4 3 0.000000
3 4 4 0.000000
3 4 5 0.000000
3 4 6 0.000000
3 4 7 0.000000
3 5 0 -225.780323
3 5 1 -173.902952
3 5 2 -102.811528
3 5 3 -52.031455
3 5 4 0.000000
3 5 5 0.000000
3 5 6 0.000000
3 5 7 0.000000
3 6 0 12.623577
3 6 1 72.087053
3 6 2 111.187705
3 6 3 146.326671
3 6 4 0.000000
3 6 5 0.000000
3 6 6 0.000000
3 6 7 0.000000
3 7 0 0.000000
3 7 1 0.000000
3 7 2 0.000000
3 7 3 0.000000
3 7 4 0.000000
3 7 5 0.000000
3 7 6 0.000000
3 7 7 0.000000
4 0 0 0.000000
4 0 1 0.000000
4 0 2 0.000000
4 0 3 0.000000
4 0 4 0.000000
4 0 5 0.000000
4 0 6 0.000000
4 0 7 0.000000
4 1 0 0.000000
4 1 1 0.000000
4 1 2 0.000000
4 1 3 0.000000
4 1 4 0.000000
4 1 5 0.000000
4 1 6 0.000000
4 1 7 0.000000
4 2 0 0.000000
4 2 1 0.000000
4 2 2 0.000000
4 2 3 0.000000
4 2 4 0.000000
4 2 5 0.000000
4 2 6 0.000000
4 2 7 0.000000
4 3 0 0.000000
4 3 1 0.000000
4 3 2 0.000000
4 3 3 0.000000
4 3 4 0.000000
4 3 5 0.000000
4 3 6 0.000000
4 3 7 0.000000
4 4 0 0.000000
4 4 1 0.000000
4 4 2 0.000000
4 4 3 0.000000
4 4 4 0.000000
4 4 5 0.000000
4 4 6 0.000000
4 4 7 0.000000
4 5 0 0.000000
4 5 1 0.000000
4 5 2 0.000000
4 5 3 0.000000
4 5 4 0.000000
4 5 5 0.000000
4 5 6 0.000000
4 5 7 0.000000
4 6 0 0.000000
4 6 1 0.000000
4 6 2 0.000000
4 6 3 0.000000
4 6 4 0.000000
4 6 5 0.000000
4 6 6 0.000000
4 6 7 0.000000
4 7 0 0.000000
4 7 1 0.000000
4 7 2 0.000000
4 7 3 0.000000
4 7 4 0.000000
4 7 5 0.000000
4 7 6 0.000000
4 7 7 0.000000
5 0 0 0.000000
5 0 1 0.000000
5 0 2 0.000000
5 0 3 0.000000
5 0 4 0.000000
5 0 5 0.000000
5 0 6 0.000000
5 0 7 0.000000
5 1 0 0.000000
5 1 1 0.000000
5 1 2 0.000000
5 1 3 0.000000
5 1 4 0.000000
5 1 5 0.000000
5 1 6 0.000000
5 1 7 0.000000
5 2 0 0.000000
5 2 1 0.000000
5 2 2 0.000000
5 2 3 0.000000
5 2 4 0.000000
5 2 5 0.000000
5 2 6 0.000000
5 2 7 0.000000
5 3 0 0.000000
5 3 1 0.000000
5 3 2 0.000000
5 3 3 0.000000
5 3 4 0.000000
5 3 5 0.000000
5 3 6 0.000000
5 3 7 0.000000
5 4 0 0.000000
5 4 1 0.000000
5 4 2 0.000000
5 4 3 0.000000
5 4 4 0.000000
5 4 5 0.000000
5 4 6 0.000000
5 4 7 0.000000
5 5 0 0.000000
5 5 1 0.000000
5 5 2 0.000000
5 5 3 0.000000
5 5 4 0.000000
5 5 5 0.000000
5 5 6 0.000000
5 5 7 0.000000
5 6 0 0.000000
5 6 1 0.000000
5 6 2 0.000000
5 6 3 0.000000
5 6 4 0.000000
5 6 5 0.000000
5 6 6 0.000000
5 6 7 0.000000
5 7 0 0.000000
5 7 1 0.000000
5 7 2 0.000000
5 7 3 0.000000
5 7 4 0.000000
5 7 5 0.000000
5 7 6 0.000000
5 7 7 0.000000
6 0 0 0.000000
6 0 1 0.000000
6 0 2 0.000000
6 0 3 0.000000
6 0 4 0.000000
6 0 5 0.000000
6 0 6 0.000000
6 0 7 0.000000
6 1 0 0.000000
6 1 1 0.000000
6 1 2 0.000000
6 1 3 0.000000
6 1 4 0.000000
6 1 5 0.000000
6 1 6 0.000000
6 1 7 0.000000
6 2 0 0.000000
6 2 1 0.000000
6 2 2 0.000000
6 2 3 0.000000
6 2 4 0.000000
6 2 5 0.000000
6 2 6 0.000000
6 2 7 0.000000
6 3 0 0.000000
6 3 1 0.000000
6 3 2 0.000000
6 3 3 0.000000
6 3 4 0.000000
6 3 5 0.000000
6 3 6 0.000000
6 3 7 0.000000
6 4 0 0.000000
6 4 1 0.000000
6 4 2 0.000000
6 4 3 0.000000
6 4 4 0.000000
6 4 5 0.000000
6 4 6 0.000000
6 4 7 0.000000
6 5 0 0.000000
6 5 1 0.000000
6 5 2 0.000000
6 5 3 0.000000
6 5 4 0.000000
6 5 5 0.000000
6 5 6 0.000000
6 5 7 0.000000
6 6 0 0.000000
6 6 1 0.000000
6 6 2 0.000000
6 6 3 0.000000
6 6 4 0.000000
6 6 5 0.000000
6 6 6 0.000000
6 6 7 0.000000
6 7 0 0.000000
6 7 1 0.000000
6 7 2 0.000000
6 7 3 0.000000
6 7 4 0.000000
6 7 5 0.000000
6 7 6 0.000000
6 7 7 0.000000
7 0 0 0.000000
7 0 1 0.000000
7 0 2 0.000000
7 0 3 0.000000
7 0 4 0.000000
7 0 5 0.000000
7 0 6 0.000000
7 0 7 0.000000
7 1 0 0.000000
7 1 1 0.000000
7 1 2 0.000000
7 1 3 0.000000
7 1 4 0.000000
7 1 5 0.000000
7 1 6 0.000000
7 1 7 0.000000
7 2 0 0.000000
7 2 1 0.000000
7 2 2 0.000000
7 2 3 0.000000
7 2 4 0.000000
7 2 5 0.000000
7 2 6 0.000000
7 2 7 0.000000
7 3 0 0.000000
7 3 1 0.000000
7 3 2 0.000000
7 3 3 0.000000
7 3 4 0.000000
7 3 5 0.000000
7 3 6 0.000000
7 3 7 0.000000
7 4 0 0.000000
7 4 1 0.000000
7 4 2 0.000000
7 4 3 0.000000
7 4 4 0.000000
7 4 5 0.000000
7 4 6 0.000000
7 4 7 0.000000
7 5 0 0.000000
7 5 1 0.000000
7 5 2 0.000000
7 5 3 0.000000
7 5 4 0.000000
7 5 5 0.000000
7 5 6 0.000000
7 5 7 0.000000
7 6 0 0.000000
7 6 1 0.000000
7 6 2 0.000000
7 6 3 0.000000
7 6 4 0.000000
7 6 5 0.000000
7 6 6 0.000000
7 6 7 0.000000
7 7 0 0.000000
7 7 1 0.000000
7 7 2 0.000000
7 7 3 0.000000
7 7 4 0.000000
7 7 5 0.000000
7 7 6 0.000000
7 7 7 0.000000
