0 0 0.016070
0 1 0.015119
0 2 0.014196
0 3 0.013303
0 4 0.012435
0 5 0.011589
0 6 0.010775
0 7 0.009982
0 8 0.009231
0 9 0.008504
0 10 0.007798
0 11 0.007082
0 12 0.006395
0 13 0.005737
0 14 0.005114
0 15 0.004523
0 16 0.003893
0 17 0.003313
0 18 0.002765
0 19 0.002258
0 20 0.001796
0 21 0.001388
0 22 0.001071
0 23 0.000882
0 24 0.000651
0 25 0.000522
0 26 0.000481
0 27 0.000447
0 28 0.000423
0 29 0.000407
0 30 0.000194
0 31 0.000108
0 32 0.000140
0 33 0.000153
0 34 0.000165
0 35 0.000160
0 36 0.000076
0 37 -0.000038
0 38 -0.000077
0 39 -0.000090
0 40 -0.000103
0 41 -0.000133
0 42 -0.000121
0 43 -0.000123
0 44 -0.000114
0 45 -0.000096
0 46 -0.000078
0 47 -0.000060
0 48 -0.000043
0 49 -0.000028
0 50 -0.000014
0 51 0.000002
0 52 0.000021
0 53 0.000002
0 54 -0.000028
0 55 -0.000009
0 56 0.000000
0 57 0.000000
0 58 0.000000
0 59 0.000000
0 60 0.000000
0 61 0.000000
0 62 0.000000
0 63 0.000000
1 0 0.016043
1 1 0.015091
1 2 0.014169
1 3 0.013276
1 4 0.012406
1 5 0.011564
1 6 0.010746
1 7 0.009959
1 8 0.009208
1 9 0.008486
1 10 0.007772
1 11 0.007076
1 12 0.006386
1 13 0.005705
1 14 0.005082
1 15 0.004502
1 16 0.003895
1 17 0.003292
1 18 0.002725
1 19 0.002213
1 20 0.001743
1 21 0.001297
1 22 0.000943
1 23 0.000756
1 24 0.000625
1 25 0.000528
1 26 0.000474
1 27 0.000440
1 28 0.000363
1 29 0.000338
1 30 0.000229
1 31 0.000150
1 32 0.000158
1 33 0.000156
1 34 0.000133
1 35 0.000115
1 36 0.000071
1 37 0.000024
1 38 -0.000036
1 39 -0.000140
1 40 -0.000094
1 41 -0.000118
1 42 -0.000108
1 43 -0.000134
1 44 -0.000123
1 45 -0.000097
1 46 -0.000078
1 47 -0.000059
1 48 -0.000041
1 49 -0.000028
1 50 -0.000016
1 51 -0.000002
1 52 0.000000
1 53 0.000002
1 54 -0.000006
1 55 0.000000
1 56 0.000000
1 57 0.000000
1 58 0.000000
1 59 0.000000
1 60 0.000000
1 61 0.000000
1 62 0.000000
1 63 0.000000
2 0 0.015986
2 1 0.015033
2 2 0.014114
2 3 0.013220
2 4 0.012350
2 5 0.011509
2 6 0.010693
2 7 0.009906
2 8 0.009155
2 9 0.008435
2 10 0.007735
2 11 0.007046
2 12 0.006351
2 13 0.005666
2 14 0.005022
2 15 0.004449
2 16 0.003860
2 17 0.003254
2 18 0.002685
2 19 0.002135
2 20 0.001643
2 21 0.001124
2 22 0.000640
2 23 0.000568
2 24 0.000554
2 25 0.000531
2 26 0.000395
2 27 0.000366
2 28 0.000340
2 29 0.000310
2 30 0.000260
2 31 0.000211
2 32 0.000187
2 33 0.000178
2 34 0.000095
2 35 0.000062
2 36 0.000033
2 37 -0.000002
2 38 -0.000039
2 39 -0.000080
2 40 -0.000098
2 41 -0.000111
2 42 -0.000109
2 43 -0.000112
2 44 -0.000106
2 45 -0.000092
2 46 -0.000076
2 47 -0.000057
2 48 -0.000034
2 49 -0.000027
2 50 -0.000019
2 51 0.000008
2 52 0.000028
2 53 0.000012
2 54 0.000000
2 55 0.000000
2 56 0.000000
2 57 0.000000
2 58 0.000000
2 59 0.000000
2 60 0.000000
2 61 0.000000
2 62 0.000000
2 63 0.000000
3 0 0.015902
3 1 0.014951
3 2 0.014029
3 3 0.013134
3 4 0.012272
3 5 0.011435
3 6 0.010619
3 7 0.009827
3 8 0.009079
3 9 0.008364
3 10 0.007661
3 11 0.006997
3 12 0.006332
3 13 0.005638
3 14 0.004935
3 15 0.004375
3 16 0.003840
3 17 0.003157
3 18 0.002571
3 19 0.002051
3 20 0.001540
3 21 0.000924
3 22 0.000000
3 23 0.000379
3 24 0.000439
3 25 0.000441
3 26 0.000417
3 27 0.000349
3 28 0.000318
3 29 0.000301
3 30 0.000291
3 31 0.000245
3 32 0.000201
3 33 0.000154
3 34 0.000101
3 35 0.000027
3 36 0.000003
3 37 -0.000027
3 38 -0.000034
3 39 -0.000043
3 40 -0.000107
3 41 -0.000120
3 42 -0.000106
3 43 -0.000099
3 44 -0.000096
3 45 -0.000090
3 46 -0.000077
3 47 -0.000060
3 48 -0.000042
3 49 -0.000027
3 50 -0.000009
3 51 0.000024
3 52 0.000015
3 53 -0.000026
3 54 -0.000007
3 55 0.000000
3 56 0.000000
3 57 0.000000
3 58 0.000000
3 59 0.000000
3 60 0.000000
3 61 0.000000
3 62 0.000000
3 63 0.000000
4 0 0.015790
4 1 0.014839
4 2 0.013920
4 3 0.013024
4 4 0.012163
4 5 0.011322
4 6 0.010519
4 7 0.009728
4 8 0.008978
4 9 0.008258
4 10 0.007561
4 11 0.006907
4 12 0.006257
4 13 0.005585
4 14 0.004882
4 15 0.004269
4 16 0.003676
4 17 0.003102
4 18 0.002553
4 19 0.002011
4 20 0.001503
4 21 0.001032
4 22 0.000609
4 23 0.000536
4 24 0.000460
4 25 0.000405
4 26 0.000386
4 27 0.000370
4 28 0.000306
4 29 0.000284
4 30 0.000288
4 31 0.000238
4 32 0.000180
4 33 0.000165
4 34 0.000157
4 35 0.000034
4 36 -0.000014
4 37 -0.000074
4 38 -0.000026
4 39 -0.000026
4 40 -0.000123
4 41 -0.000124
4 42 -0.000096
4 43 -0.000083
4 44 -0.000090
4 45 -0.000094
4 46 -0.000082
4 47 -0.000064
4 48 -0.000047
4 49 -0.000030
4 50 -0.000015
4 51 0.000000
4 52 0.000001
4 53 -0.000008
4 54 -0.000004
4 55 0.000000
4 56 0.000000
4 57 0.000000
4 58 0.000000
4 59 0.000000
4 60 0.000000
4 61 0.000000
4 62 0.000000
4 63 0.000000
5 0 0.015648
5 1 0.014701
5 2 0.013783
5 3 0.012897
5 4 0.012037
5 5 0.011198
5 6 0.010389
5 7 0.009605
5 8 0.008852
5 9 0.008123
5 10 0.007450
5 11 0.006788
5 12 0.006145
5 13 0.005472
5 14 0.004814
5 15 0.004154
5 16 0.003545
5 17 0.003001
5 18 0.002503
5 19 0.001974
5 20 0.001490
5 21 0.001100
5 22 0.000776
5 23 0.000628
5 24 0.000516
5 25 0.000411
5 26 0.000375
5 27 0.000345
5 28 0.000306
5 29 0.000280
5 30 0.000263
5 31 0.000241
5 32 0.000192
5 33 0.000135
5 34 0.000133
5 35 0.000069
5 36 -0.000035
5 37 -0.000083
5 38 -0.000059
5 39 -0.000057
5 40 -0.000080
5 41 -0.000082
5 42 -0.000070
5 43 -0.000045
5 44 -0.000089
5 45 -0.000114
5 46 -0.000092
5 47 -0.000069
5 48 -0.000050
5 49 -0.000033
5 50 -0.000019
5 51 -0.000008
5 52 -0.000004
5 53 -0.000004
5 54 0.000000
5 55 0.000000
5 56 0.000000
5 57 0.000000
5 58 0.000000
5 59 0.000000
5 60 0.000000
5 61 0.000000
5 62 0.000000
5 63 0.000000
6 0 0.015486
6 1 0.014535
6 2 0.013617
6 3 0.012731
6 4 0.011872
6 5 0.011042
6 6 0.010241
6 7 0.009461
6 8 0.008704
6 9 0.007978
6 10 0.007305
6 11 0.006655
6 12 0.006029
6 13 0.005364
6 14 0.004648
6 15 0.004000
6 16 0.003425
6 17 0.002875
6 18 0.002356
6 19 0.001883
6 20 0.001424
6 21 0.001092
6 22 0.000827
6 23 0.000654
6 24 0.000539
6 25 0.000434
6 26 0.000359
6 27 0.000326
6 28 0.000294
6 29 0.000267
6 30 0.000242
6 31 0.000216
6 32 0.000196
6 33 0.000125
6 34 0.000074
6 35 0.000028
6 36 -0.000027
6 37 -0.000044
6 38 -0.000068
6 39 -0.000061
6 40 -0.000058
6 41 -0.000053
6 42 -0.000059
6 43 -0.000059
6 44 -0.000059
6 45 -0.000102
6 46 -0.000102
6 47 -0.000071
6 48 -0.000050
6 49 -0.000033
6 50 -0.000020
6 51 -0.000010
6 52 -0.000004
6 53 -0.000002
6 54 0.000000
6 55 0.000000
6 56 0.000000
6 57 0.000000
6 58 0.000000
6 59 0.000000
6 60 0.000000
6 61 0.000000
6 62 0.000000
6 63 0.000000
7 0 0.015288
7 1 0.014339
7 2 0.013418
7 3 0.012528
7 4 0.011675
7 5 0.010849
7 6 0.010059
7 7 0.009293
7 8 0.008547
7 9 0.007839
7 10 0.007160
7 11 0.006496
7 12 0.005914
7 13 0.005154
7 14 0.004471
7 15 0.003856
7 16 0.003268
7 17 0.002718
7 18 0.002165
7 19 0.001675
7 20 0.001313
7 21 0.001039
7 22 0.000797
7 23 0.000621
7 24 0.000515
7 25 0.000415
7 26 0.000348
7 27 0.000308
7 28 0.000277
7 29 0.000251
7 30 0.000222
7 31 0.000185
7 32 0.000172
7 33 0.000119
7 34 0.000066
7 35 0.000010
7 36 -0.000059
7 37 -0.000054
7 38 -0.000063
7 39 -0.000052
7 40 -0.000036
7 41 -0.000015
7 42 -0.000052
7 43 -0.000075
7 44 -0.000088
7 45 -0.000095
7 46 -0.000082
7 47 -0.000063
7 48 -0.000045
7 49 -0.000030
7 50 -0.000018
7 51 -0.000008
7 52 0.000000
7 53 -0.000001
7 54 -0.000000
7 55 0.000000
7 56 0.000000
7 57 0.000000
7 58 0.000000
7 59 0.000000
7 60 0.000000
7 61 0.000000
7 62 0.000000
7 63 0.000000
8 0 0.015054
8 1 0.014105
8 2 0.013189
8 3 0.012302
8 4 0.011451
8 5 0.010625
8 6 0.009837
8 7 0.009086
8 8 0.008364
8 9 0.007688
8 10 0.007025
8 11 0.006397
8 12 0.005719
8 13 0.004996
8 14 0.004303
8 15 0.003686
8 16 0.003077
8 17 0.002523
8 18 0.001907
8 19 0.001400
8 20 0.001129
8 21 0.000921
8 22 0.000686
8 23 0.000567
8 24 0.000486
8 25 0.000363
8 26 0.000309
8 27 0.000281
8 28 0.000253
8 29 0.000239
8 30 0.000211
8 31 0.000129
8 32 0.000130
8 33 0.000075
8 34 0.000054
8 35 -0.000005
8 36 -0.000056
8 37 -0.000051
8 38 -0.000079
8 39 -0.000047
8 40 -0.000018
8 41 -0.000025
8 42 -0.000037
8 43 -0.000061
8 44 -0.000104
8 45 -0.000082
8 46 -0.000067
8 47 -0.000053
8 48 -0.000038
8 49 -0.000025
8 50 -0.000012
8 51 -0.000006
8 52 -0.000002
8 53 0.000000
8 54 0.000000
8 55 0.000000
8 56 0.000000
8 57 0.000000
8 58 0.000000
8 59 0.000000
8 60 0.000000
8 61 0.000000
8 62 0.000000
8 63 0.000000
9 0 0.014787
9 1 0.013842
9 2 0.012927
9 3 0.012042
9 4 0.011192
9 5 0.010379
9 6 0.009588
9 7 0.008834
9 8 0.008123
9 9 0.007448
9 10 0.006776
9 11 0.006136
9 12 0.005462
9 13 0.004766
9 14 0.004104
9 15 0.003488
9 16 0.002852
9 17 0.002227
9 18 0.001582
9 19 0.000965
9 20 0.000873
9 21 0.000774
9 22 0.000597
9 23 0.000474
9 24 0.000393
9 25 0.000320
9 26 0.000274
9 27 0.000254
9 28 0.000218
9 29 0.000192
9 30 0.000185
9 31 0.000109
9 32 0.000062
9 33 0.000000
9 34 0.000002
9 35 -0.000029
9 36 -0.000034
9 37 -0.000039
9 38 -0.000058
9 39 -0.000039
9 40 -0.000023
9 41 -0.000010
9 42 -0.000048
9 43 -0.000064
9 44 -0.000069
9 45 -0.000062
9 46 -0.000053
9 47 -0.000042
9 48 -0.000031
9 49 -0.000018
9 50 0.000000
9 51 -0.000002
9 52 0.000000
9 53 0.000000
9 54 0.000000
9 55 0.000000
9 56 0.000000
9 57 0.000000
9 58 0.000000
9 59 0.000000
9 60 0.000000
9 61 0.000000
9 62 0.000000
9 63 0.000000
10 0 0.014495
10 1 0.013551
10 2 0.012638
10 3 0.011752
10 4 0.010902
10 5 0.010095
10 6 0.009313
10 7 0.008558
10 8 0.007840
10 9 0.007153
10 10 0.006470
10 11 0.005820
10 12 0.005224
10 13 0.004503
10 14 0.003888
10 15 0.003273
10 16 0.002641
10 17 0.001968
10 18 0.001211
10 19 0.000000
10 20 0.000539
10 21 0.000651
10 22 0.000529
10 23 0.000389
10 24 0.000290
10 25 0.000247
10 26 0.000214
10 27 0.000194
10 28 0.000178
10 29 0.000170
10 30 0.000170
10 31 0.000100
10 32 0.000026
10 33 0.000001
10 34 -0.000017
10 35 -0.000030
10 36 -0.000032
10 37 -0.000033
10 38 -0.000034
10 39 -0.000028
10 40 -0.000025
10 41 -0.000027
10 42 -0.000038
10 43 -0.000044
10 44 -0.000047
10 45 -0.000045
10 46 -0.000040
10 47 -0.000033
10 48 -0.000024
10 49 -0.000015
10 50 -0.000006
10 51 -0.000003
10 52 -0.000001
10 53 0.000000
10 54 0.000000
10 55 0.000000
10 56 0.000000
10 57 0.000000
10 58 0.000000
10 59 0.000000
10 60 0.000000
10 61 0.000000
10 62 0.000000
10 63 0.000000
11 0 0.014173
11 1 0.013224
11 2 0.012314
11 3 0.011453
11 4 0.010597
11 5 0.009780
11 6 0.008998
11 7 0.008249
11 8 0.007529
11 9 0.006832
11 10 0.006168
11 11 0.005540
11 12 0.004883
11 13 0.004279
11 14 0.003686
11 15 0.003062
11 16 0.002434
11 17 0.001888
11 18 0.001304
11 19 0.000751
11 20 0.000650
11 21 0.000608
11 22 0.000499
11 23 0.000350
11 24 0.000165
11 25 0.000166
11 26 0.000142
11 27 0.000137
11 28 0.000131
11 29 0.000142
11 30 0.000170
11 31 0.000130
11 32 -0.000040
11 33 -0.000003
11 34 -0.000041
11 35 -0.000042
11 36 -0.000032
11 37 -0.000025
11 38 -0.000019
11 39 -0.000013
11 40 -0.000023
11 41 -0.000036
11 42 -0.000033
11 43 -0.000027
11 44 -0.000030
11 45 -0.000031
11 46 -0.000029
11 47 -0.000024
11 48 -0.000019
11 49 -0.000013
11 50 -0.000007
11 51 -0.000003
11 52 -0.000001
11 53 0.000000
11 54 0.000000
11 55 0.000000
11 56 0.000000
11 57 0.000000
11 58 0.000000
11 59 0.000000
11 60 0.000000
11 61 0.000000
11 62 0.000000
11 63 0.000000
12 0 0.013829
12 1 0.012873
12 2 0.011968
12 3 0.011093
12 4 0.010245
12 5 0.009429
12 6 0.008650
12 7 0.007906
12 8 0.007187
12 9 0.006494
12 10 0.005844
12 11 0.005216
12 12 0.004601
12 13 0.003989
12 14 0.003422
12 15 0.002853
12 16 0.002315
12 17 0.001820
12 18 0.001359
12 19 0.000962
12 20 0.000749
12 21 0.000595
12 22 0.000479
12 23 0.000279
12 24 0.000000
12 25 0.000082
12 26 0.000056
12 27 0.000094
12 28 0.000096
12 29 0.000095
12 30 0.000105
12 31 0.000076
12 32 0.000014
12 33 -0.000003
12 34 -0.000029
12 35 -0.000036
12 36 -0.000028
12 37 -0.000017
12 38 -0.000003
12 39 0.000019
12 40 -0.000016
12 41 -0.000061
12 42 -0.000030
12 43 0.000000
12 44 -0.000016
12 45 -0.000020
12 46 -0.000020
12 47 -0.000017
12 48 -0.000014
12 49 -0.000010
12 50 -0.000006
12 51 -0.000002
12 52 0.000000
12 53 0.000000
12 54 0.000000
12 55 0.000000
12 56 0.000000
12 57 0.000000
12 58 0.000000
12 59 0.000000
12 60 0.000000
12 61 0.000000
12 62 0.000000
12 63 0.000000
13 0 0.013450
13 1 0.012497
13 2 0.011574
13 3 0.010693
13 4 0.009853
13 5 0.009041
13 6 0.008271
13 7 0.007530
13 8 0.006809
13 9 0.006132
13 10 0.005490
13 11 0.004848
13 12 0.004275
13 13 0.003682
13 14 0.003136
13 15 0.002637
13 16 0.002167
13 17 0.001741
13 18 0.001334
13 19 0.001002
13 20 0.000772
13 21 0.000602
13 22 0.000430
13 23 0.000299
13 24 0.000161
13 25 0.000122
13 26 0.000050
13 27 0.000084
13 28 0.000073
13 29 0.000036
13 30 0.000078
13 31 0.000048
13 32 0.000024
13 33 0.000005
13 34 -0.000036
13 35 -0.000046
13 36 -0.000026
13 37 -0.000011
13 38 0.000004
13 39 0.000024
13 40 -0.000037
13 41 -0.000043
13 42 -0.000026
13 43 -0.000013
13 44 -0.000013
13 45 -0.000014
13 46 -0.000013
13 47 -0.000011
13 48 -0.000009
13 49 -0.000006
13 50 -0.000003
13 51 0.000000
13 52 0.000000
13 53 0.000000
13 54 0.000000
13 55 0.000000
13 56 0.000000
13 57 0.000000
13 58 0.000000
13 59 0.000000
13 60 0.000000
13 61 0.000000
13 62 0.000000
13 63 0.000000
14 0 0.013025
14 1 0.012078
14 2 0.011163
14 3 0.010283
14 4 0.009428
14 5 0.008629
14 6 0.007854
14 7 0.007118
14 8 0.006419
14 9 0.005742
14 10 0.005095
14 11 0.004497
14 12 0.003914
14 13 0.003361
14 14 0.002851
14 15 0.002390
14 16 0.001969
14 17 0.001593
14 18 0.001270
14 19 0.000963
14 20 0.000699
14 21 0.000532
14 22 0.000406
14 23 0.000286
14 24 0.000204
14 25 0.000166
14 26 0.000065
14 27 0.000021
14 28 0.000064
14 29 0.000040
14 30 0.000032
14 31 0.000040
14 32 0.000048
14 33 -0.000010
14 34 -0.000040
14 35 -0.000031
14 36 -0.000018
14 37 -0.000006
14 38 0.000008
14 39 0.000015
14 40 -0.000037
14 41 -0.000028
14 42 -0.000019
14 43 -0.000012
14 44 -0.000010
14 45 -0.000009
14 46 -0.000008
14 47 -0.000006
14 48 -0.000005
14 49 -0.000003
14 50 -0.000002
14 51 0.000000
14 52 0.000000
14 53 0.000000
14 54 0.000000
14 55 0.000000
14 56 0.000000
14 57 0.000000
14 58 0.000000
14 59 0.000000
14 60 0.000000
14 61 0.000000
14 62 0.000000
14 63 0.000000
15 0 0.012566
15 1 0.011624
15 2 0.010712
15 3 0.009837
15 4 0.008991
15 5 0.008187
15 6 0.007419
15 7 0.006677
15 8 0.005973
15 9 0.005320
15 10 0.004684
15 11 0.004090
15 12 0.003535
15 13 0.003018
15 14 0.002540
15 15 0.002103
15 16 0.001726
15 17 0.001393
15 18 0.001111
15 19 0.000836
15 20 0.000614
15 21 0.000471
15 22 0.000371
15 23 0.000244
15 24 0.000180
15 25 0.000107
15 26 0.000052
15 27 0.000034
15 28 0.000039
15 29 0.000033
15 30 0.000028
15 31 0.000030
15 32 0.000038
15 33 -0.000007
15 34 -0.000029
15 35 -0.000019
15 36 -0.000011
15 37 -0.000004
15 38 0.000001
15 39 -0.000000
15 40 -0.000014
15 41 -0.000014
15 42 -0.000010
15 43 -0.000007
15 44 -0.000005
15 45 -0.000004
15 46 -0.000003
15 47 0.000000
15 48 -0.000001
15 49 0.000000
15 50 0.000000
15 51 0.000000
15 52 0.000000
15 53 0.000000
15 54 0.000000
15 55 0.000000
15 56 0.000000
15 57 0.000000
15 58 0.000000
15 59 0.000000
15 60 0.000000
15 61 0.000000
15 62 0.000000
15 63 0.000000
16 0 0.012067
16 1 0.011125
16 2 0.010208
16 3 0.009331
16 4 0.008491
16 5 0.007682
16 6 0.006929
16 7 0.006202
16 8 0.005495
16 9 0.004852
16 10 0.004249
16 11 0.003657
16 12 0.003118
16 13 0.002614
16 14 0.002182
16 15 0.001784
16 16 0.001439
16 17 0.001140
16 18 0.000890
16 19 0.000674
16 20 0.000498
16 21 0.000365
16 22 0.000268
16 23 0.000181
16 24 0.000125
16 25 0.000081
16 26 0.000045
16 27 0.000026
16 28 0.000023
16 29 0.000021
16 30 0.000018
16 31 0.000015
16 32 0.000013
16 33 -0.000000
16 34 -0.000009
16 35 -0.000007
16 36 0.000000
16 37 -0.000001
16 38 -0.000000
16 39 -0.000001
16 40 -0.000005
16 41 -0.000005
16 42 0.000000
16 43 0.000000
16 44 0.000000
16 45 0.000000
16 46 0.000000
16 47 0.000000
16 48 0.000000
16 49 0.000000
16 50 0.000000
16 51 0.000000
16 52 0.000000
16 53 0.000000
16 54 0.000000
16 55 0.000000
16 56 0.000000
16 57 0.000000
16 58 0.000000
16 59 0.000000
16 60 0.000000
16 61 0.000000
16 62 0.000000
16 63 0.000000
17 0 0.011532
17 1 0.010583
17 2 0.009662
17 3 0.008787
17 4 0.007955
17 5 0.007144
17 6 0.006393
17 7 0.005673
17 8 0.004991
17 9 0.004348
17 10 0.003757
17 11 0.003180
17 12 0.002654
17 13 0.002196
17 14 0.001791
17 15 0.001413
17 16 0.001105
17 17 0.000839
17 18 0.000635
17 19 0.000472
17 20 0.000337
17 21 0.000224
17 22 0.000161
17 23 0.000077
17 24 0.000061
17 25 0.000041
17 26 0.000021
17 27 0.000000
17 28 0.000008
17 29 0.000009
17 30 0.000007
17 31 0.000000
17 32 0.000000
17 33 0.000000
17 34 0.000000
17 35 0.000000
17 36 0.000000
17 37 0.000000
17 38 0.000000
17 39 0.000000
17 40 0.000000
17 41 0.000000
17 42 0.000000
17 43 0.000000
17 44 0.000000
17 45 0.000000
17 46 0.000000
17 47 0.000000
17 48 0.000000
17 49 0.000000
17 50 0.000000
17 51 0.000000
17 52 0.000000
17 53 0.000000
17 54 0.000000
17 55 0.000000
17 56 0.000000
17 57 0.000000
17 58 0.000000
17 59 0.000000
17 60 0.000000
17 61 0.000000
17 62 0.000000
17 63 0.000000
18 0 0.010965
18 1 0.010010
18 2 0.009107
18 3 0.008222
18 4 0.007399
18 5 0.006591
18 6 0.005826
18 7 0.005105
18 8 0.004431
18 9 0.003795
18 10 0.003196
18 11 0.002643
18 12 0.002153
18 13 0.001729
18 14 0.001353
18 15 0.001012
18 16 0.000728
18 17 0.000476
18 18 0.000338
18 19 0.000241
18 20 0.000154
18 21 0.000000
18 22 0.000000
18 23 0.000019
18 24 0.000000
18 25 0.000000
18 26 0.000000
18 27 0.000000
18 28 0.000000
18 29 0.000000
18 30 0.000000
18 31 0.000000
18 32 0.000000
18 33 0.000000
18 34 0.000000
18 35 0.000000
18 36 0.000000
18 37 0.000000
18 38 0.000000
18 39 0.000000
18 40 0.000000
18 41 0.000000
18 42 0.000000
18 43 0.000000
18 44 0.000000
18 45 0.000000
18 46 0.000000
18 47 0.000000
18 48 0.000000
18 49 0.000000
18 50 0.000000
18 51 0.000000
18 52 0.000000
18 53 0.000000
18 54 0.000000
18 55 0.000000
18 56 0.000000
18 57 0.000000
18 58 0.000000
18 59 0.000000
18 60 0.000000
18 61 0.000000
18 62 0.000000
18 63 0.000000
19 0 0.010374
19 1 0.009433
19 2 0.008521
19 3 0.007643
19 4 0.006800
19 5 0.006018
19 6 0.005233
19 7 0.004515
19 8 0.003835
19 9 0.003203
19 10 0.002591
19 11 0.002052
19 12 0.001582
19 13 0.001215
19 14 0.000877
19 15 0.000552
19 16 0.000320
19 17 0.000000
19 18 0.000000
19 19 0.000000
19 20 0.000039
19 21 0.000000
19 22 0.000000
19 23 0.000000
19 24 0.000000
19 25 0.000000
19 26 0.000000
19 27 0.000000
19 28 0.000000
19 29 0.000000
19 30 0.000000
19 31 0.000000
19 32 0.000000
19 33 0.000000
19 34 0.000000
19 35 0.000000
19 36 0.000000
19 37 0.000000
19 38 0.000000
19 39 0.000000
19 40 0.000000
19 41 0.000000
19 42 0.000000
19 43 0.000000
19 44 0.000000
19 45 0.000000
19 46 0.000000
19 47 0.000000
19 48 0.000000
19 49 0.000000
19 50 0.000000
19 51 0.000000
19 52 0.000000
19 53 0.000000
19 54 0.000000
19 55 0.000000
19 56 0.000000
19 57 0.000000
19 58 0.000000
19 59 0.000000
19 60 0.000000
19 61 0.000000
19 62 0.000000
19 63 0.000000
20 0 0.009742
20 1 0.008803
20 2 0.007883
20 3 0.007032
20 4 0.006189
20 5 0.005387
20 6 0.004602
20 7 0.003886
20 8 0.003207
20 9 0.002591
20 10 0.002002
20 11 0.001432
20 12 0.000922
20 13 0.000673
20 14 0.000388
20 15 0.000000
20 16 0.000000
20 17 0.000000
20 18 0.000000
20 19 0.000000
20 20 0.000000
20 21 0.000000
20 22 0.000000
20 23 0.000000
20 24 0.000000
20 25 0.000000
20 26 0.000000
20 27 0.000000
20 28 0.000000
20 29 0.000000
20 30 0.000000
20 31 0.000000
20 32 0.000000
20 33 0.000000
20 34 0.000000
20 35 0.000000
20 36 0.000000
20 37 0.000000
20 38 0.000000
20 39 0.000000
20 40 0.000000
20 41 0.000000
20 42 0.000000
20 43 0.000000
20 44 0.000000
20 45 0.000000
20 46 0.000000
20 47 0.000000
20 48 0.000000
20 49 0.000000
20 50 0.000000
20 51 0.000000
20 52 0.000000
20 53 0.000000
20 54 0.000000
20 55 0.000000
20 56 0.000000
20 57 0.000000
20 58 0.000000
20 59 0.000000
20 60 0.000000
20 61 0.000000
20 62 0.000000
20 63 0.000000
21 0 0.009069
21 1 0.008127
21 2 0.007244
21 3 0.006366
21 4 0.005532
21 5 0.004727
21 6 0.003964
21 7 0.003212
21 8 0.002527
21 9 0.001898
21 10 0.001391
21 11 0.000800
21 12 0.000000
21 13 0.000168
21 14 0.000000
21 15 0.000000
21 16 0.000000
21 17 0.000000
21 18 0.000000
21 19 0.000000
21 20 0.000000
21 21 0.000000
21 22 0.000000
21 23 0.000000
21 24 0.000000
21 25 0.000000
21 26 0.000000
21 27 0.000000
21 28 0.000000
21 29 0.000000
21 30 0.000000
21 31 0.000000
21 32 0.000000
21 33 0.000000
21 34 0.000000
21 35 0.000000
21 36 0.000000
21 37 0.000000
21 38 0.000000
21 39 0.000000
21 40 0.000000
21 41 0.000000
21 42 0.000000
21 43 0.000000
21 44 0.000000
21 45 0.000000
21 46 0.000000
21 47 0.000000
21 48 0.000000
21 49 0.000000
21 50 0.000000
21 51 0.000000
21 52 0.000000
21 53 0.000000
21 54 0.000000
21 55 0.000000
21 56 0.000000
21 57 0.000000
21 58 0.000000
21 59 0.000000
21 60 0.000000
21 61 0.000000
21 62 0.000000
21 63 0.000000
22 0 0.008358
22 1 0.007436
22 2 0.006542
22 3 0.005660
22 4 0.004814
22 5 0.004008
22 6 0.003251
22 7 0.002497
22 8 0.001785
22 9 0.001098
22 10 0.000712
22 11 0.000378
22 12 0.000000
22 13 0.000000
22 14 0.000000
22 15 0.000000
22 16 0.000000
22 17 0.000000
22 18 0.000000
22 19 0.000000
22 20 0.000000
22 21 0.000000
22 22 0.000000
22 23 0.000000
22 24 0.000000
22 25 0.000000
22 26 0.000000
22 27 0.000000
22 28 0.000000
22 29 0.000000
22 30 0.000000
22 31 0.000000
22 32 0.000000
22 33 0.000000
22 34 0.000000
22 35 0.000000
22 36 0.000000
22 37 0.000000
22 38 0.000000
22 39 0.000000
22 40 0.000000
22 41 0.000000
22 42 0.000000
22 43 0.000000
22 44 0.000000
22 45 0.000000
22 46 0.000000
22 47 0.000000
22 48 0.000000
22 49 0.000000
22 50 0.000000
22 51 0.000000
22 52 0.000000
22 53 0.000000
22 54 0.000000
22 55 0.000000
22 56 0.000000
22 57 0.000000
22 58 0.000000
22 59 0.000000
22 60 0.000000
22 61 0.000000
22 62 0.000000
22 63 0.000000
23 0 0.007641
23 1 0.006702
23 2 0.005782
23 3 0.004891
23 4 0.004054
23 5 0.003247
23 6 0.002480
23 7 0.001741
23 8 0.001006
23 9 0.000000
23 10 0.000000
23 11 0.000000
23 12 0.000000
23 13 0.000000
23 14 0.000000
23 15 0.000000
23 16 0.000000
23 17 0.000000
23 18 0.000000
23 19 0.000000
23 20 0.000000
23 21 0.000000
23 22 0.000000
23 23 0.000000
23 24 0.000000
23 25 0.000000
23 26 0.000000
23 27 0.000000
23 28 0.000000
23 29 0.000000
23 30 0.000000
23 31 0.000000
23 32 0.000000
23 33 0.000000
23 34 0.000000
23 35 0.000000
23 36 0.000000
23 37 0.000000
23 38 0.000000
23 39 0.000000
23 40 0.000000
23 41 0.000000
23 42 0.000000
23 43 0.000000
23 44 0.000000
23 45 0.000000
23 46 0.000000
23 47 0.000000
23 48 0.000000
23 49 0.000000
23 50 0.000000
23 51 0.000000
23 52 0.000000
23 53 0.000000
23 54 0.000000
23 55 0.000000
23 56 0.000000
23 57 0.000000
23 58 0.000000
23 59 0.000000
23 60 0.000000
23 61 0.000000
23 62 0.000000
23 63 0.000000
24 0 0.006873
24 1 0.005915
24 2 0.004992
24 3 0.004097
24 4 0.003240
24 5 0.002445
24 6 0.001682
24 7 0.000980
24 8 0.000496
24 9 0.000000
24 10 0.000000
24 11 0.000000
24 12 0.000000
24 13 0.000000
24 14 0.000000
24 15 0.000000
24 16 0.000000
24 17 0.000000
24 18 0.000000
24 19 0.000000
24 20 0.000000
24 21 0.000000
24 22 0.000000
24 23 0.000000
24 24 0.000000
24 25 0.000000
24 26 0.000000
24 27 0.000000
24 28 0.000000
24 29 0.000000
24 30 0.000000
24 31 0.000000
24 32 0.000000
24 33 0.000000
24 34 0.000000
24 35 0.000000
24 36 0.000000
24 37 0.000000
24 38 0.000000
24 39 0.000000
24 40 0.000000
24 41 0.000000
24 42 0.000000
24 43 0.000000
24 44 0.000000
24 45 0.000000
24 46 0.000000
24 47 0.000000
24 48 0.000000
24 49 0.000000
24 50 0.000000
24 51 0.000000
24 52 0.000000
24 53 0.000000
24 54 0.000000
24 55 0.000000
24 56 0.000000
24 57 0.000000
24 58 0.000000
24 59 0.000000
24 60 0.000000
24 61 0.000000
24 62 0.000000
24 63 0.000000
25 0 0.006041
25 1 0.005093
25 2 0.004166
25 3 0.003260
25 4 0.002373
25 5 0.001609
25 6 0.000823
25 7 0.000000
25 8 0.000000
25 9 0.000000
25 10 0.000000
25 11 0.000000
25 12 0.000000
25 13 0.000000
25 14 0.000000
25 15 0.000000
25 16 0.000000
25 17 0.000000
25 18 0.000000
25 19 0.000000
25 20 0.000000
25 21 0.000000
25 22 0.000000
25 23 0.000000
25 24 0.000000
25 25 0.000000
25 26 0.000000
25 27 0.000000
25 28 0.000000
25 29 0.000000
25 30 0.000000
25 31 0.000000
25 32 0.000000
25 33 0.000000
25 34 0.000000
25 35 0.000000
25 36 0.000000
25 37 0.000000
25 38 0.000000
25 39 0.000000
25 40 0.000000
25 41 0.000000
25 42 0.000000
25 43 0.000000
25 44 0.000000
25 45 0.000000
25 46 0.000000
25 47 0.000000
25 48 0.000000
25 49 0.000000
25 50 0.000000
25 51 0.000000
25 52 0.000000
25 53 0.000000
25 54 0.000000
25 55 0.000000
25 56 0.000000
25 57 0.000000
25 58 0.000000
25 59 0.000000
25 60 0.000000
25 61 0.000000
25 62 0.000000
25 63 0.000000
26 0 0.005178
26 1 0.004251
26 2 0.003317
26 3 0.002356
26 4 0.001382
26 5 0.000798
26 6 0.000000
26 7 0.000000
26 8 0.000000
26 9 0.000000
26 10 0.000000
26 11 0.000000
26 12 0.000000
26 13 0.000000
26 14 0.000000
26 15 0.000000
26 16 0.000000
26 17 0.000000
26 18 0.000000
26 19 0.000000
26 20 0.000000
26 21 0.000000
26 22 0.000000
26 23 0.000000
26 24 0.000000
26 25 0.000000
26 26 0.000000
26 27 0.000000
26 28 0.000000
26 29 0.000000
26 30 0.000000
26 31 0.000000
26 32 0.000000
26 33 0.000000
26 34 0.000000
26 35 0.000000
26 36 0.000000
26 37 0.000000
26 38 0.000000
26 39 0.000000
26 40 0.000000
26 41 0.000000
26 42 0.000000
26 43 0.000000
26 44 0.000000
26 45 0.000000
26 46 0.000000
26 47 0.000000
26 48 0.000000
26 49 0.000000
26 50 0.000000
26 51 0.000000
26 52 0.000000
26 53 0.000000
26 54 0.000000
26 55 0.000000
26 56 0.000000
26 57 0.000000
26 58 0.000000
26 59 0.000000
26 60 0.000000
26 61 0.000000
26 62 0.000000
26 63 0.000000
27 0 0.004328
27 1 0.003415
27 2 0.002496
27 3 0.001463
27 4 0.000000
27 5 0.000199
27 6 0.000000
27 7 0.000000
27 8 0.000000
27 9 0.000000
27 10 0.000000
27 11 0.000000
27 12 0.000000
27 13 0.000000
27 14 0.000000
27 15 0.000000
27 16 0.000000
27 17 0.000000
27 18 0.000000
27 19 0.000000
27 20 0.000000
27 21 0.000000
27 22 0.000000
27 23 0.000000
27 24 0.000000
27 25 0.000000
27 26 0.000000
27 27 0.000000
27 28 0.000000
27 29 0.000000
27 30 0.000000
27 31 0.000000
27 32 0.000000
27 33 0.000000
27 34 0.000000
27 35 0.000000
27 36 0.000000
27 37 0.000000
27 38 0.000000
27 39 0.000000
27 40 0.000000
27 41 0.000000
27 42 0.000000
27 43 0.000000
27 44 0.000000
27 45 0.000000
27 46 0.000000
27 47 0.000000
27 48 0.000000
27 49 0.000000
27 50 0.000000
27 51 0.000000
27 52 0.000000
27 53 0.000000
27 54 0.000000
27 55 0.000000
27 56 0.000000
27 57 0.000000
27 58 0.000000
27 59 0.000000
27 60 0.000000
27 61 0.000000
27 62 0.000000
27 63 0.000000
28 0 0.003556
28 1 0.002630
28 2 0.001788
28 3 0.001002
28 4 0.000251
28 5 0.000000
28 6 0.000000
28 7 0.000000
28 8 0.000000
28 9 0.000000
28 10 0.000000
28 11 0.000000
28 12 0.000000
28 13 0.000000
28 14 0.000000
28 15 0.000000
28 16 0.000000
28 17 0.000000
28 18 0.000000
28 19 0.000000
28 20 0.000000
28 21 0.000000
28 22 0.000000
28 23 0.000000
28 24 0.000000
28 25 0.000000
28 26 0.000000
28 27 0.000000
28 28 0.000000
28 29 0.000000
28 30 0.000000
28 31 0.000000
28 32 0.000000
28 33 0.000000
28 34 0.000000
28 35 0.000000
28 36 0.000000
28 37 0.000000
28 38 0.000000
28 39 0.000000
28 40 0.000000
28 41 0.000000
28 42 0.000000
28 43 0.000000
28 44 0.000000
28 45 0.000000
28 46 0.000000
28 47 0.000000
28 48 0.000000
28 49 0.000000
28 50 0.000000
28 51 0.000000
28 52 0.000000
28 53 0.000000
28 54 0.000000
28 55 0.000000
28 56 0.000000
28 57 0.000000
28 58 0.000000
28 59 0.000000
28 60 0.000000
28 61 0.000000
28 62 0.000000
28 63 0.000000
29 0 0.002658
29 1 0.001804
29 2 0.001025
29 3 0.000507
29 4 0.000000
29 5 0.000000
29 6 0.000000
29 7 0.000000
29 8 0.000000
29 9 0.000000
29 10 0.000000
29 11 0.000000
29 12 0.000000
29 13 0.000000
29 14 0.000000
29 15 0.000000
29 16 0.000000
29 17 0.000000
29 18 0.000000
29 19 0.000000
29 20 0.000000
29 21 0.000000
29 22 0.000000
29 23 0.000000
29 24 0.000000
29 25 0.000000
29 26 0.000000
29 27 0.000000
29 28 0.000000
29 29 0.000000
29 30 0.000000
29 31 0.000000
29 32 0.000000
29 33 0.000000
29 34 0.000000
29 35 0.000000
29 36 0.000000
29 37 0.000000
29 38 0.000000
29 39 0.000000
29 40 0.000000
29 41 0.000000
29 42 0.000000
29 43 0.000000
29 44 0.000000
29 45 0.000000
29 46 0.000000
29 47 0.000000
29 48 0.000000
29 49 0.000000
29 50 0.000000
29 51 0.000000
29 52 0.000000
29 53 0.000000
29 54 0.000000
29 55 0.000000
29 56 0.000000
29 57 0.000000
29 58 0.000000
29 59 0.000000
29 60 0.000000
29 61 0.000000
29 62 0.000000
29 63 0.000000
30 0 0.001487
30 1 0.000823
30 2 0.000000
30 3 0.000000
30 4 0.000000
30 5 0.000000
30 6 0.000000
30 7 0.000000
30 8 0.000000
30 9 0.000000
30 10 0.000000
30 11 0.000000
30 12 0.000000
30 13 0.000000
30 14 0.000000
30 15 0.000000
30 16 0.000000
30 17 0.000000
30 18 0.000000
30 19 0.000000
30 20 0.000000
30 21 0.000000
30 22 0.000000
30 23 0.000000
30 24 0.000000
30 25 0.000000
30 26 0.000000
30 27 0.000000
30 28 0.000000
30 29 0.000000
30 30 0.000000
30 31 0.000000
30 32 0.000000
30 33 0.000000
30 34 0.000000
30 35 0.000000
30 36 0.000000
30 37 0.000000
30 38 0.000000
30 39 0.000000
30 40 0.000000
30 41 0.000000
30 42 0.000000
30 43 0.000000
30 44 0.000000
30 45 0.000000
30 46 0.000000
30 47 0.000000
30 48 0.000000
30 49 0.000000
30 50 0.000000
30 51 0.000000
30 52 0.000000
30 53 0.000000
30 54 0.000000
30 55 0.000000
30 56 0.000000
30 57 0.000000
30 58 0.000000
30 59 0.000000
30 60 0.000000
30 61 0.000000
30 62 0.000000
30 63 0.000000
31 0 0.000000
31 1 0.000000
31 2 0.000000
31 3 0.000000
31 4 0.000000
31 5 0.000000
31 6 0.000000
31 7 0.000000
31 8 0.000000
31 9 0.000000
31 10 0.000000
31 11 0.000000
31 12 0.000000
31 13 0.000000
31 14 0.000000
31 15 0.000000
31 16 0.000000
31 17 0.000000
31 18 0.000000
31 19 0.000000
31 20 0.000000
31 21 0.000000
31 22 0.000000
31 23 0.000000
31 24 0.000000
31 25 0.000000
31 26 0.000000
31 27 0.000000
31 28 0.000000
31 29 0.000000
31 30 0.000000
31 31 0.000000
31 32 0.000000
31 33 0.000000
31 34 0.000000
31 35 0.000000
31 36 0.000000
31 37 0.000000
31 38 0.000000
31 39 0.000000
31 40 0.000000
31 41 0.000000
31 42 0.000000
31 43 0.000000
31 44 0.000000
31 45 0.000000
31 46 0.000000
31 47 0.000000
31 48 0.000000
31 49 0.000000
31 50 0.000000
31 51 0.000000
31 52 0.000000
31 53 0.000000
31 54 0.000000
31 55 0.000000
31 56 0.000000
31 57 0.000000
31 58 0.000000
31 59 0.000000
31 60 0.000000
31 61 0.000000
31 62 0.000000
31 63 0.000000
32 0 0.000000
32 1 0.000000
32 2 0.000000
32 3 0.000000
32 4 0.000000
32 5 0.000000
32 6 0.000000
32 7 0.000000
32 8 0.000000
32 9 0.000000
32 10 0.000000
32 11 0.000000
32 12 0.000000
32 13 0.000000
32 14 0.000000
32 15 0.000000
32 16 0.000000
32 17 0.000000
32 18 0.000000
32 19 0.000000
32 20 0.000000
32 21 0.000000
32 22 0.000000
32 23 0.000000
32 24 0.000000
32 25 0.000000
32 26 0.000000
32 27 0.000000
32 28 0.000000
32 29 0.000000
32 30 0.000000
32 31 0.000000
32 32 0.000000
32 33 0.000000
32 34 0.000000
32 35 0.000000
32 36 0.000000
32 37 0.000000
32 38 0.000000
32 39 0.000000
32 40 0.000000
32 41 0.000000
32 42 0.000000
32 43 0.000000
32 44 0.000000
32 45 0.000000
32 46 0.000000
32 47 0.000000
32 48 0.000000
32 49 0.000000
32 50 0.000000
32 51 0.000000
32 52 0.000000
32 53 0.000000
32 54 0.000000
32 55 0.000000
32 56 0.000000
32 57 0.000000
32 58 0.000000
32 59 0.000000
32 60 0.000000
32 61 0.000000
32 62 0.000000
32 63 0.000000
33 0 0.000000
33 1 0.000000
33 2 0.000000
33 3 0.000000
33 4 0.000000
33 5 0.000000
33 6 0.000000
33 7 0.000000
33 8 0.000000
33 9 0.000000
33 10 0.000000
33 11 0.000000
33 12 0.000000
33 13 0.000000
33 14 0.000000
33 15 0.000000
33 16 0.000000
33 17 0.000000
33 18 0.000000
33 19 0.000000
33 20 0.000000
33 21 0.000000
33 22 0.000000
33 23 0.000000
33 24 0.000000
33 25 0.000000
33 26 0.000000
33 27 0.000000
33 28 0.000000
33 29 0.000000
33 30 0.000000
33 31 0.000000
33 32 0.000000
33 33 0.000000
33 34 0.000000
33 35 0.000000
33 36 0.000000
33 37 0.000000
33 38 0.000000
33 39 0.000000
33 40 0.000000
33 41 0.000000
33 42 0.000000
33 43 0.000000
33 44 0.000000
33 45 0.000000
33 46 0.000000
33 47 0.000000
33 48 0.000000
33 49 0.000000
33 50 0.000000
33 51 0.000000
33 52 0.000000
33 53 0.000000
33 54 0.000000
33 55 0.000000
33 56 0.000000
33 57 0.000000
33 58 0.000000
33 59 0.000000
33 60 0.000000
33 61 0.000000
33 62 0.000000
33 63 0.000000
34 0 0.001043
34 1 0.000000
34 2 0.000000
34 3 0.000000
34 4 0.000000
34 5 0.000000
34 6 0.000000
34 7 0.000000
34 8 0.000000
34 9 0.000000
34 10 0.000000
34 11 0.000000
34 12 0.000000
34 13 0.000000
34 14 0.000000
34 15 0.000000
34 16 0.000000
34 17 0.000000
34 18 0.000000
34 19 0.000000
34 20 0.000000
34 21 0.000000
34 22 0.000000
34 23 0.000000
34 24 0.000000
34 25 0.000000
34 26 0.000000
34 27 0.000000
34 28 0.000000
34 29 0.000000
34 30 0.000000
34 31 0.000000
34 32 0.000000
34 33 0.000000
34 34 0.000000
34 35 0.000000
34 36 0.000000
34 37 0.000000
34 38 0.000000
34 39 0.000000
34 40 0.000000
34 41 0.000000
34 42 0.000000
34 43 0.000000
34 44 0.000000
34 45 0.000000
34 46 0.000000
34 47 0.000000
34 48 0.000000
34 49 0.000000
34 50 0.000000
34 51 0.000000
34 52 0.000000
34 53 0.000000
34 54 0.000000
34 55 0.000000
34 56 0.000000
34 57 0.000000
34 58 0.000000
34 59 0.000000
34 60 0.000000
34 61 0.000000
34 62 0.000000
34 63 0.000000
35 0 0.002148
35 1 0.001314
35 2 0.000713
35 3 0.000000
35 4 0.000122
35 5 0.000000
35 6 0.000000
35 7 0.000000
35 8 0.000000
35 9 0.000000
35 10 0.000000
35 11 0.000000
35 12 0.000000
35 13 0.000000
35 14 0.000000
35 15 0.000000
35 16 0.000000
35 17 0.000000
35 18 0.000000
35 19 0.000000
35 20 0.000000
35 21 0.000000
35 22 0.000000
35 23 0.000000
35 24 0.000000
35 25 0.000000
35 26 0.000000
35 27 0.000000
35 28 0.000000
35 29 0.000000
35 30 0.000000
35 31 0.000000
35 32 0.000000
35 33 0.000000
35 34 0.000000
35 35 0.000000
35 36 0.000000
35 37 0.000000
35 38 0.000000
35 39 0.000000
35 40 0.000000
35 41 0.000000
35 42 0.000000
35 43 0.000000
35 44 0.000000
35 45 0.000000
35 46 0.000000
35 47 0.000000
35 48 0.000000
35 49 0.000000
35 50 0.000000
35 51 0.000000
35 52 0.000000
35 53 0.000000
35 54 0.000000
35 55 0.000000
35 56 0.000000
35 57 0.000000
35 58 0.000000
35 59 0.000000
35 60 0.000000
35 61 0.000000
35 62 0.000000
35 63 0.000000
36 0 0.003108
36 1 0.002240
36 2 0.001537
36 3 0.000918
36 4 0.000486
36 5 0.000000
36 6 0.000000
36 7 0.000000
36 8 0.000000
36 9 0.000000
36 10 0.000000
36 11 0.000000
36 12 0.000000
36 13 0.000000
36 14 0.000000
36 15 0.000000
36 16 0.000000
36 17 0.000000
36 18 0.000000
36 19 0.000000
36 20 0.000000
36 21 0.000000
36 22 0.000000
36 23 0.000000
36 24 0.000000
36 25 0.000000
36 26 0.000000
36 27 0.000000
36 28 0.000000
36 29 0.000000
36 30 0.000000
36 31 0.000000
36 32 0.000000
36 33 0.000000
36 34 0.000000
36 35 0.000000
36 36 0.000000
36 37 0.000000
36 38 0.000000
36 39 0.000000
36 40 0.000000
36 41 0.000000
36 42 0.000000
36 43 0.000000
36 44 0.000000
36 45 0.000000
36 46 0.000000
36 47 0.000000
36 48 0.000000
36 49 0.000000
36 50 0.000000
36 51 0.000000
36 52 0.000000
36 53 0.000000
36 54 0.000000
36 55 0.000000
36 56 0.000000
36 57 0.000000
36 58 0.000000
36 59 0.000000
36 60 0.000000
36 61 0.000000
36 62 0.000000
36 63 0.000000
37 0 0.003943
37 1 0.003042
37 2 0.002293
37 3 0.001578
37 4 0.000905
37 5 0.000000
37 6 0.000000
37 7 0.000000
37 8 0.000000
37 9 0.000000
37 10 0.000000
37 11 0.000000
37 12 0.000000
37 13 0.000000
37 14 0.000000
37 15 0.000000
37 16 0.000000
37 17 0.000000
37 18 0.000000
37 19 0.000000
37 20 0.000000
37 21 0.000000
37 22 0.000000
37 23 0.000000
37 24 0.000000
37 25 0.000000
37 26 0.000000
37 27 0.000000
37 28 0.000000
37 29 0.000000
37 30 0.000000
37 31 0.000000
37 32 0.000000
37 33 0.000000
37 34 0.000000
37 35 0.000000
37 36 0.000000
37 37 0.000000
37 38 0.000000
37 39 0.000000
37 40 0.000000
37 41 0.000000
37 42 0.000000
37 43 0.000000
37 44 0.000000
37 45 0.000000
37 46 0.000000
37 47 0.000000
37 48 0.000000
37 49 0.000000
37 50 0.000000
37 51 0.000000
37 52 0.000000
37 53 0.000000
37 54 0.000000
37 55 0.000000
37 56 0.000000
37 57 0.000000
37 58 0.000000
37 59 0.000000
37 60 0.000000
37 61 0.000000
37 62 0.000000
37 63 0.000000
38 0 0.004700
38 1 0.003803
38 2 0.002998
38 3 0.002236
38 4 0.001580
38 5 0.000924
38 6 0.000486
38 7 0.000000
38 8 0.000000
38 9 0.000000
38 10 0.000000
38 11 0.000000
38 12 0.000000
38 13 0.000000
38 14 0.000000
38 15 0.000000
38 16 0.000000
38 17 0.000000
38 18 0.000000
38 19 0.000000
38 20 0.000000
38 21 0.000000
38 22 0.000000
38 23 0.000000
38 24 0.000000
38 25 0.000000
38 26 0.000000
38 27 0.000000
38 28 0.000000
38 29 0.000000
38 30 0.000000
38 31 0.000000
38 32 0.000000
38 33 0.000000
38 34 0.000000
38 35 0.000000
38 36 0.000000
38 37 0.000000
38 38 0.000000
38 39 0.000000
38 40 0.000000
38 41 0.000000
38 42 0.000000
38 43 0.000000
38 44 0.000000
38 45 0.000000
38 46 0.000000
38 47 0.000000
38 48 0.000000
38 49 0.000000
38 50 0.000000
38 51 0.000000
38 52 0.000000
38 53 0.000000
38 54 0.000000
38 55 0.000000
38 56 0.000000
38 57 0.000000
38 58 0.000000
38 59 0.000000
38 60 0.000000
38 61 0.000000
38 62 0.000000
38 63 0.000000
39 0 0.005374
39 1 0.004477
39 2 0.003664
39 3 0.002936
39 4 0.002265
39 5 0.001592
39 6 0.001018
39 7 0.000501
39 8 0.000000
39 9 0.000000
39 10 0.000000
39 11 0.000000
39 12 0.000000
39 13 0.000000
39 14 0.000000
39 15 0.000000
39 16 0.000000
39 17 0.000000
39 18 0.000000
39 19 0.000000
39 20 0.000000
39 21 0.000000
39 22 0.000000
39 23 0.000000
39 24 0.000000
39 25 0.000000
39 26 0.000000
39 27 0.000000
39 28 0.000000
39 29 0.000000
39 30 0.000000
39 31 0.000000
39 32 0.000000
39 33 0.000000
39 34 0.000000
39 35 0.000000
39 36 0.000000
39 37 0.000000
39 38 0.000000
39 39 0.000000
39 40 0.000000
39 41 0.000000
39 42 0.000000
39 43 0.000000
39 44 0.000000
39 45 0.000000
39 46 0.000000
39 47 0.000000
39 48 0.000000
39 49 0.000000
39 50 0.000000
39 51 0.000000
39 52 0.000000
39 53 0.000000
39 54 0.000000
39 55 0.000000
39 56 0.000000
39 57 0.000000
39 58 0.000000
39 59 0.000000
39 60 0.000000
39 61 0.000000
39 62 0.000000
39 63 0.000000
40 0 0.005964
40 1 0.005068
40 2 0.004255
40 3 0.003526
40 4 0.002838
40 5 0.002143
40 6 0.001534
40 7 0.000984
40 8 0.000490
40 9 0.000000
40 10 0.000000
40 11 0.000000
40 12 0.000000
40 13 0.000000
40 14 0.000000
40 15 0.000000
40 16 0.000000
40 17 0.000000
40 18 0.000000
40 19 0.000000
40 20 0.000000
40 21 0.000000
40 22 0.000000
40 23 0.000000
40 24 0.000000
40 25 0.000000
40 26 0.000000
40 27 0.000000
40 28 0.000000
40 29 0.000000
40 30 0.000000
40 31 0.000000
40 32 0.000000
40 33 0.000000
40 34 0.000000
40 35 0.000000
40 36 0.000000
40 37 0.000000
40 38 0.000000
40 39 0.000000
40 40 0.000000
40 41 0.000000
40 42 0.000000
40 43 0.000000
40 44 0.000000
40 45 0.000000
40 46 0.000000
40 47 0.000000
40 48 0.000000
40 49 0.000000
40 50 0.000000
40 51 0.000000
40 52 0.000000
40 53 0.000000
40 54 0.000000
40 55 0.000000
40 56 0.000000
40 57 0.000000
40 58 0.000000
40 59 0.000000
40 60 0.000000
40 61 0.000000
40 62 0.000000
40 63 0.000000
41 0 0.006470
41 1 0.005575
41 2 0.004761
41 3 0.003991
41 4 0.003280
41 5 0.002604
41 6 0.002010
41 7 0.001456
41 8 0.000975
41 9 0.000565
41 10 0.000302
41 11 0.000000
41 12 0.000000
41 13 0.000000
41 14 0.000000
41 15 0.000000
41 16 0.000000
41 17 0.000000
41 18 0.000000
41 19 0.000000
41 20 0.000000
41 21 0.000000
41 22 0.000000
41 23 0.000000
41 24 0.000000
41 25 0.000000
41 26 0.000000
41 27 0.000000
41 28 0.000000
41 29 0.000000
41 30 0.000000
41 31 0.000000
41 32 0.000000
41 33 0.000000
41 34 0.000000
41 35 0.000000
41 36 0.000000
41 37 0.000000
41 38 0.000000
41 39 0.000000
41 40 0.000000
41 41 0.000000
41 42 0.000000
41 43 0.000000
41 44 0.000000
41 45 0.000000
41 46 0.000000
41 47 0.000000
41 48 0.000000
41 49 0.000000
41 50 0.000000
41 51 0.000000
41 52 0.000000
41 53 0.000000
41 54 0.000000
41 55 0.000000
41 56 0.000000
41 57 0.000000
41 58 0.000000
41 59 0.000000
41 60 0.000000
41 61 0.000000
41 62 0.000000
41 63 0.000000
42 0 0.006890
42 1 0.006003
42 2 0.005159
42 3 0.004369
42 4 0.003638
42 5 0.003000
42 6 0.002397
42 7 0.001854
42 8 0.001390
42 9 0.000984
42 10 0.000644
42 11 0.000320
42 12 0.000000
42 13 0.000000
42 14 0.000000
42 15 0.000000
42 16 0.000000
42 17 0.000000
42 18 0.000000
42 19 0.000000
42 20 0.000000
42 21 0.000000
42 22 0.000000
42 23 0.000000
42 24 0.000000
42 25 0.000000
42 26 0.000000
42 27 0.000000
42 28 0.000000
42 29 0.000000
42 30 0.000000
42 31 0.000000
42 32 0.000000
42 33 0.000000
42 34 0.000000
42 35 0.000000
42 36 0.000000
42 37 0.000000
42 38 0.000000
42 39 0.000000
42 40 0.000000
42 41 0.000000
42 42 0.000000
42 43 0.000000
42 44 0.000000
42 45 0.000000
42 46 0.000000
42 47 0.000000
42 48 0.000000
42 49 0.000000
42 50 0.000000
42 51 0.000000
42 52 0.000000
42 53 0.000000
42 54 0.000000
42 55 0.000000
42 56 0.000000
42 57 0.000000
42 58 0.000000
42 59 0.000000
42 60 0.000000
42 61 0.000000
42 62 0.000000
42 63 0.000000
43 0 0.007216
43 1 0.006310
43 2 0.005496
43 3 0.004722
43 4 0.003985
43 5 0.003330
43 6 0.002699
43 7 0.002196
43 8 0.001746
43 9 0.001335
43 10 0.000972
43 11 0.000636
43 12 0.000320
43 13 0.000000
43 14 0.000000
43 15 0.000000
43 16 0.000000
43 17 0.000000
43 18 0.000000
43 19 0.000000
43 20 0.000000
43 21 0.000000
43 22 0.000000
43 23 0.000000
43 24 0.000000
43 25 0.000000
43 26 0.000000
43 27 0.000000
43 28 0.000000
43 29 0.000000
43 30 0.000000
43 31 0.000000
43 32 0.000000
43 33 0.000000
43 34 0.000000
43 35 0.000000
43 36 0.000000
43 37 0.000000
43 38 0.000000
43 39 0.000000
43 40 0.000000
43 41 0.000000
43 42 0.000000
43 43 0.000000
43 44 0.000000
43 45 0.000000
43 46 0.000000
43 47 0.000000
43 48 0.000000
43 49 0.000000
43 50 0.000000
43 51 0.000000
43 52 0.000000
43 53 0.000000
43 54 0.000000
43 55 0.000000
43 56 0.000000
43 57 0.000000
43 58 0.000000
43 59 0.000000
43 60 0.000000
43 61 0.000000
43 62 0.000000
43 63 0.000000
44 0 0.007467
44 1 0.006556
44 2 0.005735
44 3 0.004973
44 4 0.004235
44 5 0.003586
44 6 0.003004
44 7 0.002505
44 8 0.002062
44 9 0.001641
44 10 0.001271
44 11 0.000932
44 12 0.000642
44 13 0.000394
44 14 0.000168
44 15 0.000000
44 16 0.000000
44 17 0.000000
44 18 0.000000
44 19 0.000000
44 20 0.000000
44 21 0.000000
44 22 0.000000
44 23 0.000000
44 24 0.000000
44 25 0.000000
44 26 0.000000
44 27 0.000000
44 28 0.000000
44 29 0.000000
44 30 0.000000
44 31 0.000000
44 32 0.000000
44 33 0.000000
44 34 0.000000
44 35 0.000000
44 36 0.000000
44 37 0.000000
44 38 0.000000
44 39 0.000000
44 40 0.000000
44 41 0.000000
44 42 0.000000
44 43 0.000000
44 44 0.000000
44 45 0.000000
44 46 0.000000
44 47 0.000000
44 48 0.000000
44 49 0.000000
44 50 0.000000
44 51 0.000000
44 52 0.000000
44 53 0.000000
44 54 0.000000
44 55 0.000000
44 56 0.000000
44 57 0.000000
44 58 0.000000
44 59 0.000000
44 60 0.000000
44 61 0.000000
44 62 0.000000
44 63 0.000000
45 0 0.007648
45 1 0.006730
45 2 0.005867
45 3 0.005122
45 4 0.004442
45 5 0.003821
45 6 0.003258
45 7 0.002758
45 8 0.002296
45 9 0.001896
45 10 0.001515
45 11 0.001178
45 12 0.000900
45 13 0.000648
45 14 0.000420
45 15 0.000218
45 16 0.000000
45 17 0.000053
45 18 0.000000
45 19 0.000000
45 20 0.000000
45 21 0.000000
45 22 0.000000
45 23 0.000000
45 24 0.000000
45 25 0.000000
45 26 0.000000
45 27 0.000000
45 28 0.000000
45 29 0.000000
45 30 0.000000
45 31 0.000000
45 32 0.000000
45 33 0.000000
45 34 0.000000
45 35 0.000000
45 36 0.000000
45 37 0.000000
45 38 0.000000
45 39 0.000000
45 40 0.000000
45 41 0.000000
45 42 0.000000
45 43 0.000000
45 44 0.000000
45 45 0.000000
45 46 0.000000
45 47 0.000000
45 48 0.000000
45 49 0.000000
45 50 0.000000
45 51 0.000000
45 52 0.000000
45 53 0.000000
45 54 0.000000
45 55 0.000000
45 56 0.000000
45 57 0.000000
45 58 0.000000
45 59 0.000000
45 60 0.000000
45 61 0.000000
45 62 0.000000
45 63 0.000000
46 0 0.007768
46 1 0.006859
46 2 0.006029
46 3 0.005282
46 4 0.004614
46 5 0.003989
46 6 0.003451
46 7 0.002957
46 8 0.002491
46 9 0.002093
46 10 0.001727
46 11 0.001401
46 12 0.001130
46 13 0.000865
46 14 0.000647
46 15 0.000453
46 16 0.000288
46 17 0.000212
46 18 0.000148
46 19 0.000106
46 20 0.000066
46 21 0.000000
46 22 0.000031
46 23 0.000035
46 24 0.000030
46 25 0.000020
46 26 0.000000
46 27 0.000005
46 28 0.000000
46 29 0.000000
46 30 0.000000
46 31 0.000000
46 32 0.000000
46 33 0.000000
46 34 0.000000
46 35 0.000000
46 36 0.000000
46 37 0.000000
46 38 0.000000
46 39 0.000000
46 40 0.000000
46 41 0.000000
46 42 0.000000
46 43 0.000000
46 44 0.000000
46 45 0.000000
46 46 0.000000
46 47 0.000000
46 48 0.000000
46 49 0.000000
46 50 0.000000
46 51 0.000000
46 52 0.000000
46 53 0.000000
46 54 0.000000
46 55 0.000000
46 56 0.000000
46 57 0.000000
46 58 0.000000
46 59 0.000000
46 60 0.000000
46 61 0.000000
46 62 0.000000
46 63 0.000000
47 0 0.007817
47 1 0.006920
47 2 0.006107
47 3 0.005373
47 4 0.004690
47 5 0.004093
47 6 0.003573
47 7 0.003089
47 8 0.002655
47 9 0.002263
47 10 0.001893
47 11 0.001571
47 12 0.001312
47 13 0.001070
47 14 0.000862
47 15 0.000652
47 16 0.000479
47 17 0.000353
47 18 0.000273
47 19 0.000210
47 20 0.000159
47 21 0.000109
47 22 0.000088
47 23 0.000079
47 24 0.000067
47 25 0.000049
47 26 0.000030
47 27 0.000020
47 28 0.000011
47 29 0.000006
47 30 0.000003
47 31 0.000001
47 32 0.000000
47 33 0.000000
47 34 -0.000000
47 35 0.000000
47 36 0.000000
47 37 0.000000
47 38 0.000000
47 39 0.000000
47 40 0.000000
47 41 0.000000
47 42 0.000000
47 43 0.000000
47 44 0.000000
47 45 0.000000
47 46 0.000000
47 47 0.000000
47 48 0.000000
47 49 0.000000
47 50 0.000000
47 51 0.000000
47 52 0.000000
47 53 0.000000
47 54 0.000000
47 55 0.000000
47 56 0.000000
47 57 0.000000
47 58 0.000000
47 59 0.000000
47 60 0.000000
47 61 0.000000
47 62 0.000000
47 63 0.000000
48 0 0.007782
48 1 0.006899
48 2 0.006107
48 3 0.005394
48 4 0.004723
48 5 0.004150
48 6 0.003633
48 7 0.003178
48 8 0.002752
48 9 0.002379
48 10 0.002018
48 11 0.001718
48 12 0.001477
48 13 0.001243
48 14 0.001018
48 15 0.000785
48 16 0.000622
48 17 0.000508
48 18 0.000416
48 19 0.000296
48 20 0.000252
48 21 0.000185
48 22 0.000132
48 23 0.000128
48 24 0.000108
48 25 0.000079
48 26 0.000052
48 27 0.000032
48 28 0.000019
48 29 0.000010
48 30 0.000005
48 31 0.000002
48 32 0.000000
48 33 -0.000000
48 34 -0.000001
48 35 -0.000001
48 36 -0.000001
48 37 -0.000000
48 38 0.000000
48 39 0.000000
48 40 0.000001
48 41 0.000001
48 42 0.000001
48 43 0.000000
48 44 0.000000
48 45 0.000000
48 46 -0.000000
48 47 0.000000
48 48 0.000000
48 49 0.000000
48 50 0.000000
48 51 0.000000
48 52 0.000000
48 53 0.000000
48 54 0.000000
48 55 0.000000
48 56 0.000000
48 57 0.000000
48 58 0.000000
48 59 0.000000
48 60 0.000000
48 61 0.000000
48 62 0.000000
48 63 0.000000
49 0 0.007652
49 1 0.006784
49 2 0.006021
49 3 0.005308
49 4 0.004697
49 5 0.004142
49 6 0.003651
49 7 0.003218
49 8 0.002819
49 9 0.002472
49 10 0.002127
49 11 0.001837
49 12 0.001600
49 13 0.001406
49 14 0.001172
49 15 0.000862
49 16 0.000758
49 17 0.000594
49 18 0.000507
49 19 0.000394
49 20 0.000318
49 21 0.000254
49 22 0.000205
49 23 0.000194
49 24 0.000157
49 25 0.000108
49 26 0.000066
49 27 0.000038
49 28 0.000022
49 29 0.000011
49 30 0.000004
49 31 0.000002
49 32 0.000000
49 33 -0.000001
49 34 -0.000002
49 35 -0.000002
49 36 -0.000001
49 37 -0.000000
49 38 0.000001
49 39 0.000001
49 40 0.000001
49 41 0.000002
49 42 0.000002
49 43 0.000002
49 44 0.000002
49 45 0.000001
49 46 -0.000002
49 47 -0.000004
49 48 -0.000003
49 49 -0.000001
49 50 0.000000
49 51 0.000000
49 52 0.000000
49 53 0.000000
49 54 0.000000
49 55 0.000000
49 56 0.000000
49 57 0.000000
49 58 0.000000
49 59 0.000000
49 60 0.000000
49 61 0.000000
49 62 0.000000
49 63 0.000000
50 0 0.007409
50 1 0.006549
50 2 0.005804
50 3 0.005136
50 4 0.004573
50 5 0.004066
50 6 0.003627
50 7 0.003225
50 8 0.002857
50 9 0.002520
50 10 0.002209
50 11 0.001939
50 12 0.001689
50 13 0.001471
50 14 0.001254
50 15 0.001007
50 16 0.000853
50 17 0.000681
50 18 0.000550
50 19 0.000464
50 20 0.000391
50 21 0.000333
50 22 0.000295
50 23 0.000286
50 24 0.000216
50 25 0.000127
50 26 0.000068
50 27 0.000032
50 28 0.000019
50 29 0.000007
50 30 0.000000
50 31 -0.000000
50 32 0.000000
50 33 -0.000002
50 34 -0.000005
50 35 -0.000004
50 36 -0.000002
50 37 -0.000000
50 38 0.000001
50 39 0.000002
50 40 0.000003
50 41 0.000002
50 42 0.000003
50 43 0.000004
50 44 0.000005
50 45 0.000004
50 46 -0.000004
50 47 -0.000010
50 48 -0.000008
50 49 0.000000
50 50 -0.000000
50 51 0.000000
50 52 0.000000
50 53 0.000000
50 54 0.000000
50 55 0.000000
50 56 0.000000
50 57 0.000000
50 58 0.000000
50 59 0.000000
50 60 0.000000
50 61 0.000000
50 62 0.000000
50 63 0.000000
51 0 0.007029
51 1 0.006190
51 2 0.005470
51 3 0.004886
51 4 0.004387
51 5 0.003951
51 6 0.003563
51 7 0.003200
51 8 0.002865
51 9 0.002543
51 10 0.002246
51 11 0.001980
51 12 0.001747
51 13 0.001536
51 14 0.001325
51 15 0.001050
51 16 0.000913
51 17 0.000748
51 18 0.000615
51 19 0.000525
51 20 0.000450
51 21 0.000387
51 22 0.000355
51 23 0.000381
51 24 0.000304
51 25 0.000164
51 26 0.000044
51 27 0.000004
51 28 0.000016
51 29 -0.000001
51 30 -0.000010
51 31 -0.000004
51 32 0.000003
51 33 -0.000002
51 34 -0.000012
51 35 -0.000008
51 36 -0.000003
51 37 0.000001
51 38 0.000003
51 39 0.000004
51 40 0.000004
51 41 0.000003
51 42 0.000002
51 43 0.000006
51 44 0.000012
51 45 0.000013
51 46 -0.000010
51 47 -0.000024
51 48 -0.000017
51 49 -0.000007
51 50 -0.000002
51 51 0.000000
51 52 0.000000
51 53 0.000000
51 54 0.000000
51 55 0.000000
51 56 0.000000
51 57 0.000000
51 58 0.000000
51 59 0.000000
51 60 0.000000
51 61 0.000000
51 62 0.000000
51 63 0.000000
52 0 0.006514
52 1 0.005710
52 2 0.005071
52 3 0.004577
52 4 0.004167
52 5 0.003794
52 6 0.003459
52 7 0.003138
52 8 0.002834
52 9 0.002526
52 10 0.002249
52 11 0.002002
52 12 0.001776
52 13 0.001523
52 14 0.001312
52 15 0.001103
52 16 0.000953
52 17 0.000818
52 18 0.000697
52 19 0.000569
52 20 0.000442
52 21 0.000447
52 22 0.000377
52 23 0.000372
52 24 0.000297
52 25 0.000217
52 26 0.000131
52 27 0.000051
52 28 0.000042
52 29 -0.000015
52 30 -0.000037
52 31 -0.000008
52 32 0.000020
52 33 0.000003
52 34 -0.000034
52 35 -0.000012
52 36 -0.000002
52 37 0.000003
52 38 0.000006
52 39 0.000007
52 40 0.000007
52 41 0.000002
52 42 -0.000002
52 43 0.000007
52 44 0.000022
52 45 0.000047
52 46 -0.000023
52 47 -0.000057
52 48 -0.000031
52 49 -0.000009
52 50 0.000000
52 51 0.000000
52 52 0.000000
52 53 0.000000
52 54 0.000000
52 55 0.000000
52 56 0.000000
52 57 0.000000
52 58 0.000000
52 59 0.000000
52 60 0.000000
52 61 0.000000
52 62 0.000000
52 63 0.000000
53 0 0.005831
53 1 0.005057
53 2 0.004548
53 3 0.004188
53 4 0.003893
53 5 0.003609
53 6 0.003332
53 7 0.003057
53 8 0.002784
53 9 0.002505
53 10 0.002240
53 11 0.001978
53 12 0.001729
53 13 0.001522
53 14 0.001315
53 15 0.001118
53 16 0.000964
53 17 0.000829
53 18 0.000700
53 19 0.000599
53 20 0.000519
53 21 0.000488
53 22 0.000400
53 23 0.000360
53 24 0.000311
53 25 0.000276
53 26 0.000240
53 27 0.000077
53 28 -0.000019
53 29 -0.000017
53 30 -0.000026
53 31 -0.000011
53 32 0.000002
53 33 -0.000001
53 34 -0.000009
53 35 -0.000003
53 36 0.000003
53 37 0.000007
53 38 0.000009
53 39 0.000011
53 40 0.000017
53 41 0.000002
53 42 -0.000019
53 43 0.000001
53 44 0.000022
53 45 0.000060
53 46 -0.000027
53 47 -0.000081
53 48 -0.000039
53 49 0.000000
53 50 0.000000
53 51 -0.000001
53 52 0.000000
53 53 0.000000
53 54 0.000000
53 55 0.000000
53 56 0.000000
53 57 0.000000
53 58 0.000000
53 59 0.000000
53 60 0.000000
53 61 0.000000
53 62 0.000000
53 63 0.000000
54 0 0.004943
54 1 0.004160
54 2 0.003876
54 3 0.003736
54 4 0.003599
54 5 0.003416
54 6 0.003207
54 7 0.002975
54 8 0.002731
54 9 0.002461
54 10 0.002195
54 11 0.001940
54 12 0.001710
54 13 0.001545
54 14 0.001354
54 15 0.001173
54 16 0.001011
54 17 0.000824
54 18 0.000678
54 19 0.000611
54 20 0.000546
54 21 0.000488
54 22 0.000443
54 23 0.000387
54 24 0.000320
54 25 0.000308
54 26 0.000218
54 27 0.000105
54 28 0.000035
54 29 -0.000009
54 30 -0.000040
54 31 -0.000011
54 32 -0.000001
54 33 0.000001
54 34 0.000002
54 35 0.000007
54 36 0.000011
54 37 0.000014
54 38 0.000014
54 39 0.000009
54 40 0.000001
54 41 -0.000008
54 42 -0.000014
54 43 -0.000007
54 44 0.000006
54 45 0.000023
54 46 -0.000019
54 47 -0.000071
54 48 -0.000044
54 49 -0.000021
54 50 -0.000012
54 51 -0.000006
54 52 0.000000
54 53 0.000000
54 54 0.000000
54 55 0.000000
54 56 0.000000
54 57 0.000000
54 58 0.000000
54 59 0.000000
54 60 0.000000
54 61 0.000000
54 62 0.000000
54 63 0.000000
55 0 0.003857
55 1 0.002767
55 2 0.003043
55 3 0.003278
55 4 0.003334
55 5 0.003262
55 6 0.003112
55 7 0.002916
55 8 0.002682
55 9 0.002430
55 10 0.002166
55 11 0.001901
55 12 0.001671
55 13 0.001493
55 14 0.001305
55 15 0.001159
55 16 0.000993
55 17 0.000794
55 18 0.000660
55 19 0.000620
55 20 0.000566
55 21 0.000474
55 22 0.000459
55 23 0.000399
55 24 0.000339
55 25 0.000305
55 26 0.000210
55 27 0.000096
55 28 0.000040
55 29 0.000014
55 30 0.000002
55 31 0.000005
55 32 0.000005
55 33 0.000004
55 34 0.000010
55 35 0.000016
55 36 0.000020
55 37 0.000023
55 38 0.000023
55 39 0.000011
55 40 -0.000012
55 41 -0.000022
55 42 -0.000024
55 43 -0.000021
55 44 -0.000014
55 45 -0.000009
55 46 -0.000033
55 47 -0.000055
55 48 -0.000045
55 49 -0.000030
55 50 -0.000019
55 51 -0.000011
55 52 -0.000004
55 53 0.000000
55 54 0.000000
55 55 0.000000
55 56 0.000000
55 57 0.000000
55 58 0.000000
55 59 0.000000
55 60 0.000000
55 61 0.000000
55 62 0.000000
55 63 0.000000
56 0 0.002881
56 1 0.000000
56 2 0.002251
56 3 0.002989
56 4 0.003203
56 5 0.003188
56 6 0.003065
56 7 0.002884
56 8 0.002658
56 9 0.002416
56 10 0.002137
56 11 0.001828
56 12 0.001579
56 13 0.001379
56 14 0.001197
56 15 0.001044
56 16 0.000927
56 17 0.000794
56 18 0.000686
56 19 0.000607
56 20 0.000550
56 21 0.000495
56 22 0.000453
56 23 0.000424
56 24 0.000384
56 25 0.000267
56 26 0.000200
56 27 0.000120
56 28 0.000055
56 29 0.000020
56 30 0.000027
56 31 0.000026
56 32 0.000012
56 33 0.000000
56 34 0.000018
56 35 0.000029
56 36 0.000030
56 37 0.000034
56 38 0.000046
56 39 0.000022
56 40 -0.000040
56 41 -0.000043
56 42 -0.000038
56 43 -0.000040
56 44 -0.000032
56 45 -0.000013
56 46 -0.000050
56 47 -0.000071
56 48 -0.000051
56 49 -0.000035
56 50 -0.000023
56 51 -0.000013
56 52 -0.000006
56 53 0.000000
56 54 0.000000
56 55 0.000000
56 56 0.000000
56 57 0.000000
56 58 0.000000
56 59 0.000000
56 60 0.000000
56 61 0.000000
56 62 0.000000
56 63 0.000000
57 0 0.003796
57 1 0.002709
57 2 0.002986
57 3 0.003220
57 4 0.003287
57 5 0.003227
57 6 0.003089
57 7 0.002897
57 8 0.002690
57 9 0.002456
57 10 0.002142
57 11 0.001693
57 12 0.001440
57 13 0.001246
57 14 0.001080
57 15 0.000962
57 16 0.000875
57 17 0.000780
57 18 0.000670
57 19 0.000573
57 20 0.000534
57 21 0.000503
57 22 0.000429
57 23 0.000398
57 24 0.000385
57 25 0.000286
57 26 0.000220
57 27 0.000106
57 28 0.000056
57 29 0.000057
57 30 0.000060
57 31 0.000059
57 32 0.000015
57 33 -0.000002
57 34 0.000032
57 35 0.000051
57 36 0.000036
57 37 0.000037
57 38 0.000046
57 39 0.000007
57 40 -0.000043
57 41 -0.000034
57 42 -0.000044
57 43 -0.000070
57 44 -0.000060
57 45 -0.000051
57 46 -0.000059
57 47 -0.000061
57 48 -0.000050
57 49 -0.000037
57 50 -0.000025
57 51 -0.000014
57 52 -0.000007
57 53 -0.000002
57 54 0.000000
57 55 0.000000
57 56 0.000000
57 57 0.000000
57 58 0.000000
57 59 0.000000
57 60 0.000000
57 61 0.000000
57 62 0.000000
57 63 0.000000
58 0 0.004819
58 1 0.004042
58 2 0.003763
58 3 0.003633
58 4 0.003506
58 5 0.003348
58 6 0.003157
58 7 0.002936
58 8 0.002734
58 9 0.002534
58 10 0.002276
58 11 0.001411
58 12 0.001234
58 13 0.001041
58 14 0.000946
58 15 0.000860
58 16 0.000761
58 17 0.000719
58 18 0.000672
58 19 0.000567
58 20 0.000508
58 21 0.000481
58 22 0.000409
58 23 0.000360
58 24 0.000288
58 25 0.000270
58 26 0.000220
58 27 0.000173
58 28 0.000115
58 29 0.000092
58 30 0.000097
58 31 0.000046
58 32 0.000024
58 33 0.000003
58 34 0.000048
58 35 0.000087
58 36 0.000062
58 37 0.000033
58 38 0.000041
58 39 0.000005
58 40 -0.000055
58 41 -0.000007
58 42 -0.000031
58 43 -0.000137
58 44 -0.000086
58 45 -0.000073
58 46 -0.000074
58 47 -0.000065
58 48 -0.000053
58 49 -0.000039
58 50 -0.000024
58 51 -0.000011
58 52 -0.000006
58 53 0.000000
58 54 0.000000
58 55 0.000000
58 56 0.000000
58 57 0.000000
58 58 0.000000
58 59 0.000000
58 60 0.000000
58 61 0.000000
58 62 0.000000
58 63 0.000000
59 0 0.005645
59 1 0.004881
59 2 0.004386
59 3 0.004040
59 4 0.003759
59 5 0.003500
59 6 0.003244
59 7 0.003002
59 8 0.002750
59 9 0.002441
59 10 0.002074
59 11 0.001524
59 12 0.001122
59 13 0.000775
59 14 0.000699
59 15 0.000756
59 16 0.000662
59 17 0.000658
59 18 0.000608
59 19 0.000581
59 20 0.000489
59 21 0.000415
59 22 0.000373
59 23 0.000338
59 24 0.000299
59 25 0.000287
59 26 0.000220
59 27 0.000192
59 28 0.000147
59 29 0.000096
59 30 0.000098
59 31 0.000044
59 32 0.000038
59 33 0.000044
59 34 0.000068
59 35 0.000100
59 36 0.000088
59 37 0.000035
59 38 0.000015
59 39 0.000002
59 40 -0.000033
59 41 -0.000027
59 42 -0.000070
59 43 -0.000106
59 44 -0.000074
59 45 -0.000080
59 46 -0.000098
59 47 -0.000073
59 48 -0.000056
59 49 -0.000040
59 50 -0.000023
59 51 0.000000
59 52 -0.000004
59 53 -0.000002
59 54 0.000000
59 55 0.000000
59 56 0.000000
59 57 0.000000
59 58 0.000000
59 59 0.000000
59 60 0.000000
59 61 0.000000
59 62 0.000000
59 63 0.000000
60 0 0.006258
60 1 0.005464
60 2 0.004855
60 3 0.004380
60 4 0.003992
60 5 0.003649
60 6 0.003338
60 7 0.003042
60 8 0.002731
60 9 0.002387
60 10 0.001968
60 11 0.001505
60 12 0.000943
60 13 0.000000
60 14 0.000453
60 15 0.000616
60 16 0.000654
60 17 0.000638
60 18 0.000592
60 19 0.000576
60 20 0.000494
60 21 0.000390
60 22 0.000352
60 23 0.000330
60 24 0.000284
60 25 0.000266
60 26 0.000229
60 27 0.000196
60 28 0.000164
60 29 0.000143
60 30 0.000084
60 31 0.000046
60 32 0.000055
60 33 0.000065
60 34 0.000081
60 35 0.000088
60 36 0.000092
60 37 0.000049
60 38 -0.000007
60 39 -0.000002
60 40 0.000002
60 41 -0.000029
60 42 -0.000088
60 43 -0.000098
60 44 -0.000090
60 45 -0.000087
60 46 -0.000086
60 47 -0.000073
60 48 -0.000058
60 49 -0.000043
60 50 -0.000029
60 51 -0.000015
60 52 -0.000009
60 53 -0.000005
60 54 0.000000
60 55 0.000000
60 56 0.000000
60 57 0.000000
60 58 0.000000
60 59 0.000000
60 60 0.000000
60 61 0.000000
60 62 0.000000
60 63 0.000000
61 0 0.006685
61 1 0.005862
61 2 0.005188
61 3 0.004635
61 4 0.004171
61 5 0.003767
61 6 0.003400
61 7 0.003051
61 8 0.002702
61 9 0.002325
61 10 0.001939
61 11 0.001531
61 12 0.001098
61 13 0.000643
61 14 0.000617
61 15 0.000658
61 16 0.000682
61 17 0.000632
61 18 0.000569
61 19 0.000557
61 20 0.000465
61 21 0.000392
61 22 0.000361
61 23 0.000330
61 24 0.000291
61 25 0.000264
61 26 0.000233
61 27 0.000198
61 28 0.000174
61 29 0.000132
61 30 0.000079
61 31 0.000067
61 32 0.000071
61 33 0.000081
61 34 0.000102
61 35 0.000077
61 36 0.000053
61 37 0.000037
61 38 0.000015
61 39 0.000010
61 40 0.000008
61 41 -0.000014
61 42 -0.000075
61 43 -0.000109
61 44 -0.000100
61 45 -0.000094
61 46 -0.000086
61 47 -0.000074
61 48 -0.000060
61 49 -0.000046
61 50 -0.000033
61 51 -0.000022
61 52 -0.000014
61 53 -0.000007
61 54 -0.000002
61 55 -0.000000
61 56 0.000000
61 57 0.000000
61 58 0.000000
61 59 0.000000
61 60 0.000000
61 61 0.000000
61 62 0.000000
61 63 0.000000
62 0 0.006952
62 1 0.006111
62 2 0.005400
62 3 0.004803
62 4 0.004292
62 5 0.003847
62 6 0.003438
62 7 0.003036
62 8 0.002650
62 9 0.002301
62 10 0.001940
62 11 0.001579
62 12 0.001208
62 13 0.000897
62 14 0.000762
62 15 0.000717
62 16 0.000696
62 17 0.000658
62 18 0.000553
62 19 0.000540
62 20 0.000456
62 21 0.000400
62 22 0.000371
62 23 0.000338
62 24 0.000282
62 25 0.000265
62 26 0.000243
62 27 0.000187
62 28 0.000154
62 29 0.000130
62 30 0.000085
62 31 0.000073
62 32 0.000079
62 33 0.000087
62 34 0.000095
62 35 0.000082
62 36 0.000063
62 37 0.000033
62 38 0.000021
62 39 0.000020
62 40 0.000035
62 41 -0.000034
62 42 -0.000077
62 43 -0.000102
62 44 -0.000107
62 45 -0.000103
62 46 -0.000091
62 47 -0.000077
62 48 -0.000062
62 49 -0.000049
62 50 -0.000036
62 51 -0.000025
62 52 -0.000016
62 53 -0.000008
62 54 0.000000
62 55 0.000000
62 56 0.000000
62 57 0.000000
62 58 0.000000
62 59 0.000000
62 60 0.000000
62 61 0.000000
62 62 0.000000
62 63 0.000000
63 0 0.007080
63 1 0.006231
63 2 0.005504
63 3 0.004887
63 4 0.004356
63 5 0.003888
63 6 0.003448
63 7 0.003046
63 8 0.002657
63 9 0.002309
63 10 0.001930
63 11 0.001588
63 12 0.001273
63 13 0.001001
63 14 0.000816
63 15 0.000739
63 16 0.000718
63 17 0.000640
63 18 0.000541
63 19 0.000527
63 20 0.000500
63 21 0.000414
63 22 0.000383
63 23 0.000323
63 24 0.000267
63 25 0.000286
63 26 0.000287
63 27 0.000127
63 28 0.000124
63 29 0.000116
63 30 0.000095
63 31 0.000084
63 32 0.000086
63 33 0.000094
63 34 0.000108
63 35 0.000096
63 36 0.000077
63 37 0.000010
63 38 0.000015
63 39 0.000015
63 40 0.000041
63 41 -0.000041
63 42 -0.000059
63 43 -0.000086
63 44 -0.000121
63 45 -0.000121
63 46 -0.000097
63 47 -0.000079
63 48 -0.000064
63 49 -0.000050
63 50 -0.000038
63 51 -0.000027
63 52 -0.000018
63 53 -0.000010
63 54 -0.000003
63 55 0.000000
63 56 0.000000
63 57 0.000000
63 58 0.000000
63 59 0.000000
63 60 0.000000
63 61 0.000000
63 62 0.000000
63 63 0.000000
