0.000000 0.000000 0.000000
0.000000 0.010000 0.000000
0.000000 0.020000 0.000000
0.000000 0.030000 0.000000
0.000000 0.040000 0.000000
0.000000 0.050000 0.000000
0.000000 0.060000 0.000000
0.000000 0.070000 0.000000
0.000000 0.080000 0.000000
0.000000 0.090000 0.000000
0.000000 0.100000 0.000000
0.000000 0.110000 0.000000
0.000000 0.120000 0.000000
0.000000 0.130000 0.000000
0.000000 0.140000 0.000000
0.000000 0.150000 0.000000
0.000000 0.160000 0.000000
0.000000 0.170000 0.000000
0.000000 0.180000 0.000000
0.000000 0.190000 0.000000
0.000000 0.200000 0.000000
0.000000 0.210000 0.000000
0.000000 0.220000 0.000000
0.000000 0.230000 0.000000
0.000000 0.240000 0.000000
0.000000 0.250000 0.000000
0.000000 0.260000 0.000000
0.000000 0.270000 0.000000
0.000000 0.280000 0.000000
0.000000 0.290000 0.000000
0.000000 0.300000 0.000000
0.000000 0.310000 0.000000
0.000000 0.320000 0.000000
0.000000 0.330000 0.000000
0.000000 0.340000 0.000000
0.000000 0.350000 0.000000
0.000000 0.360000 0.000000
0.000000 0.370000 0.000000
0.000000 0.380000 0.000000
0.000000 0.390000 0.000000
0.000000 0.400000 0.000000
0.000000 0.410000 0.000000
0.000000 0.420000 0.000000
0.000000 0.430000 0.000000
0.000000 0.440000 0.000000
0.000000 0.450000 0.000000
0.000000 0.460000 0.000000
0.000000 0.470000 0.000000
0.000000 0.480000 0.000000
0.000000 0.490000 0.000000
0.010000 0.000000 0.000000
0.010000 0.010000 0.000000
0.010000 0.020000 0.000000
0.010000 0.030000 0.000000
0.010000 0.040000 0.000000
0.010000 0.050000 0.000000
0.010000 0.060000 0.000000
0.010000 0.070000 0.000000
0.010000 0.080000 0.000000
0.010000 0.090000 0.000000
0.010000 0.100000 0.000000
0.010000 0.110000 0.000000
0.010000 0.120000 0.000000
0.010000 0.130000 0.000000
0.010000 0.140000 0.000000
0.010000 0.150000 0.000000
0.010000 0.160000 0.000000
0.010000 0.170000 0.000000
0.010000 0.180000 0.000000
0.010000 0.190000 0.000000
0.010000 0.200000 0.000000
0.010000 0.210000 0.000000
0.010000 0.220000 0.000000
0.010000 0.230000 0.000000
0.010000 0.240000 0.000000
0.010000 0.250000 0.000000
0.010000 0.260000 0.000000
0.010000 0.270000 0.000000
0.010000 0.280000 0.000000
0.010000 0.290000 0.000000
0.010000 0.300000 0.000000
0.010000 0.310000 0.000000
0.010000 0.320000 0.000000
0.010000 0.330000 0.000000
0.010000 0.340000 0.000000
0.010000 0.350000 0.000000
0.010000 0.360000 0.000000
0.010000 0.370000 0.000000
0.010000 0.380000 0.000000
0.010000 0.390000 0.000000
0.010000 0.400000 0.000000
0.010000 0.410000 0.000000
0.010000 0.420000 0.000000
0.010000 0.430000 0.000000
0.010000 0.440000 0.000000
0.010000 0.450000 0.000000
0.010000 0.460000 0.000000
0.010000 0.470000 0.000000
0.010000 0.480000 0.000000
0.010000 0.490000 0.000000
0.020000 0.000000 0.000000
0.020000 0.010000 0.000000
0.020000 0.020000 0.000000
0.020000 0.030000 0.000000
0.020000 0.040000 0.000000
0.020000 0.050000 0.000000
0.020000 0.060000 0.000000
0.020000 0.070000 0.000000
0.020000 0.080000 0.000000
0.020000 0.090000 0.000000
0.020000 0.100000 0.000000
0.020000 0.110000 0.000000
0.020000 0.120000 0.000000
0.020000 0.130000 0.000000
0.020000 0.140000 0.000000
0.020000 0.150000 0.000000
0.020000 0.160000 0.000000
0.020000 0.170000 0.000000
0.020000 0.180000 0.000000
0.020000 0.190000 0.000000
0.020000 0.200000 0.000000
0.020000 0.210000 0.000000
0.020000 0.220000 0.000000
0.020000 0.230000 0.000000
0.020000 0.240000 0.000000
0.020000 0.250000 0.000000
0.020000 0.260000 0.000000
0.020000 0.270000 0.000000
0.020000 0.280000 0.000000
0.020000 0.290000 0.000000
0.020000 0.300000 0.000000
0.020000 0.310000 0.000000
0.020000 0.320000 0.000000
0.020000 0.330000 0.000000
0.020000 0.340000 0.000000
0.020000 0.350000 0.000000
0.020000 0.360000 0.000000
0.020000 0.370000 0.000000
0.020000 0.380000 0.000000
0.020000 0.390000 0.000000
0.020000 0.400000 0.000000
0.020000 0.410000 0.000000
0.020000 0.420000 0.000000
0.020000 0.430000 0.000000
0.020000 0.440000 0.000000
0.020000 0.450000 0.000000
0.020000 0.460000 0.000000
0.020000 0.470000 0.000000
0.020000 0.480000 0.000000
0.020000 0.490000 0.000000
0.030000 0.000000 0.000000
0.030000 0.010000 0.000000
0.030000 0.020000 0.000000
0.030000 0.030000 0.000000
0.030000 0.040000 0.000000
0.030000 0.050000 0.000000
0.030000 0.060000 0.000000
0.030000 0.070000 0.000000
0.030000 0.080000 0.000000
0.030000 0.090000 0.000000
0.030000 0.100000 0.000000
0.030000 0.110000 0.000000
0.030000 0.120000 0.000000
0.030000 0.130000 0.000000
0.030000 0.140000 0.000000
0.030000 0.150000 0.000000
0.030000 0.160000 0.000000
0.030000 0.170000 0.000000
0.030000 0.180000 0.000000
0.030000 0.190000 0.000000
0.030000 0.200000 0.000000
0.030000 0.210000 0.000000
0.030000 0.220000 0.000000
0.030000 0.230000 0.000000
0.030000 0.240000 0.000000
0.030000 0.250000 0.000000
0.030000 0.260000 0.000000
0.030000 0.270000 0.000000
0.030000 0.280000 0.000000
0.030000 0.290000 0.000000
0.030000 0.300000 0.000000
0.030000 0.310000 0.000000
0.030000 0.320000 0.000000
0.030000 0.330000 0.000000
0.030000 0.340000 0.000000
0.030000 0.350000 0.000000
0.030000 0.360000 0.000000
0.030000 0.370000 0.000000
0.030000 0.380000 0.000000
0.030000 0.390000 0.000000
0.030000 0.400000 0.000000
0.030000 0.410000 0.000000
0.030000 0.420000 0.000000
0.030000 0.430000 0.000000
0.030000 0.440000 0.000000
0.030000 0.450000 0.000000
0.030000 0.460000 0.000000
0.030000 0.470000 0.000000
0.030000 0.480000 0.000000
0.030000 0.490000 0.000000
0.040000 0.000000 0.000000
0.040000 0.010000 0.000000
0.040000 0.020000 0.000000
0.040000 0.030000 0.000000
0.040000 0.040000 0.000000
0.040000 0.050000 0.000000
0.040000 0.060000 0.000000
0.040000 0.070000 0.000000
0.040000 0.080000 0.000000
0.040000 0.090000 0.000000
0.040000 0.100000 0.000000
0.040000 0.110000 0.000000
0.040000 0.120000 0.000000
0.040000 0.130000 0.000000
0.040000 0.140000 0.000000
0.040000 0.150000 0.000000
0.040000 0.160000 0.000000
0.040000 0.170000 0.000000
0.040000 0.180000 0.000000
0.040000 0.190000 0.000000
0.040000 0.200000 0.000000
0.040000 0.210000 0.000000
0.040000 0.220000 0.000000
0.040000 0.230000 0.000000
0.040000 0.240000 0.000000
0.040000 0.250000 0.000000
0.040000 0.260000 0.000000
0.040000 0.270000 0.000000
0.040000 0.280000 0.000000
0.040000 0.290000 0.000000
0.040000 0.300000 0.000000
0.040000 0.310000 0.000000
0.040000 0.320000 0.000000
0.040000 0.330000 0.000000
0.040000 0.340000 0.000000
0.040000 0.350000 0.000000
0.040000 0.360000 0.000000
0.040000 0.370000 0.000000
0.040000 0.380000 0.000000
0.040000 0.390000 0.000000
0.040000 0.400000 0.000000
0.040000 0.410000 0.000000
0.040000 0.420000 0.000000
0.040000 0.430000 0.000000
0.040000 0.440000 0.000000
0.040000 0.450000 0.000000
0.040000 0.460000 0.000000
0.040000 0.470000 0.000000
0.040000 0.480000 0.000000
0.040000 0.490000 0.000000
0.050000 0.000000 0.000000
0.050000 0.010000 0.000000
0.050000 0.020000 0.000000
0.050000 0.030000 0.000000
0.050000 0.040000 0.000000
0.050000 0.050000 0.000000
0.050000 0.060000 0.000000
0.050000 0.070000 0.000000
0.050000 0.080000 0.000000
0.050000 0.090000 0.000000
0.050000 0.100000 0.000000
0.050000 0.110000 0.000000
0.050000 0.120000 0.000000
0.050000 0.130000 0.000000
0.050000 0.140000 0.000000
0.050000 0.150000 0.000000
0.050000 0.160000 0.000000
0.050000 0.170000 0.000000
0.050000 0.180000 0.000000
0.050000 0.190000 0.000000
0.050000 0.200000 0.000000
0.050000 0.210000 0.000000
0.050000 0.220000 0.000000
0.050000 0.230000 0.000000
0.050000 0.240000 0.000000
0.050000 0.250000 0.000000
0.050000 0.260000 0.000000
0.050000 0.270000 0.000000
0.050000 0.280000 0.000000
0.050000 0.290000 0.000000
0.050000 0.300000 0.000000
0.050000 0.310000 0.000000
0.050000 0.320000 0.000000
0.050000 0.330000 0.000000
0.050000 0.340000 0.000000
0.050000 0.350000 0.000000
0.050000 0.360000 0.000000
0.050000 0.370000 0.000000
0.050000 0.380000 0.000000
0.050000 0.390000 0.000000
0.050000 0.400000 0.000000
0.050000 0.410000 0.000000
0.050000 0.420000 0.000000
0.050000 0.430000 0.000000
0.050000 0.440000 0.000000
0.050000 0.450000 0.000000
0.050000 0.460000 0.000000
0.050000 0.470000 0.000000
0.050000 0.480000 0.000000
0.050000 0.490000 0.000000
0.060000 0.000000 0.000000
0.060000 0.010000 0.000000
0.060000 0.020000 0.000000
0.060000 0.030000 0.000000
0.060000 0.040000 0.000000
0.060000 0.050000 0.000000
0.060000 0.060000 0.000000
0.060000 0.070000 0.000000
0.060000 0.080000 0.000000
0.060000 0.090000 0.000000
0.060000 0.100000 0.000000
0.060000 0.110000 0.000000
0.060000 0.120000 0.000000
0.060000 0.130000 0.000000
0.060000 0.140000 0.000000
0.060000 0.150000 0.000000
0.060000 0.160000 0.000000
0.060000 0.170000 0.000000
0.060000 0.180000 0.000000
0.060000 0.190000 0.000000
0.060000 0.200000 0.000000
0.060000 0.210000 0.000000
0.060000 0.220000 0.000000
0.060000 0.230000 0.000000
0.060000 0.240000 0.000000
0.060000 0.250000 0.000000
0.060000 0.260000 0.000000
0.060000 0.270000 0.000000
0.060000 0.280000 0.000000
0.060000 0.290000 0.000000
0.060000 0.300000 0.000000
0.060000 0.310000 0.000000
0.060000 0.320000 0.000000
0.060000 0.330000 0.000000
0.060000 0.340000 0.000000
0.060000 0.350000 0.000000
0.060000 0.360000 0.000000
0.060000 0.370000 0.000000
0.060000 0.380000 0.000000
0.060000 0.390000 0.000000
0.060000 0.400000 0.000000
0.060000 0.410000 0.000000
0.060000 0.420000 0.000000
0.060000 0.430000 0.000000
0.060000 0.440000 0.000000
0.060000 0.450000 0.000000
0.060000 0.460000 0.000000
0.060000 0.470000 0.000000
0.060000 0.480000 0.000000
0.060000 0.490000 0.000000
0.070000 0.000000 0.000000
0.070000 0.010000 0.000000
0.070000 0.020000 0.000000
0.070000 0.030000 0.000000
0.070000 0.040000 0.000000
0.070000 0.050000 0.000000
0.070000 0.060000 0.000000
0.070000 0.070000 0.000000
0.070000 0.080000 0.000000
0.070000 0.090000 0.000000
0.070000 0.100000 0.000000
0.070000 0.110000 0.000000
0.070000 0.120000 0.000000
0.070000 0.130000 0.000000
0.070000 0.140000 0.000000
0.070000 0.150000 0.000000
0.070000 0.160000 0.000000
0.070000 0.170000 0.000000
0.070000 0.180000 0.000000
0.070000 0.190000 0.000000
0.070000 0.200000 0.000000
0.070000 0.210000 0.000000
0.070000 0.220000 0.000000
0.070000 0.230000 0.000000
0.070000 0.240000 0.000000
0.070000 0.250000 0.000000
0.070000 0.260000 0.000000
0.070000 0.270000 0.000000
0.070000 0.280000 0.000000
0.070000 0.290000 0.000000
0.070000 0.300000 0.000000
0.070000 0.310000 0.000000
0.070000 0.320000 0.000000
0.070000 0.330000 0.000000
0.070000 0.340000 0.000000
0.070000 0.350000 0.000000
0.070000 0.360000 0.000000
0.070000 0.370000 0.000000
0.070000 0.380000 0.000000
0.070000 0.390000 0.000000
0.070000 0.400000 0.000000
0.070000 0.410000 0.000000
0.070000 0.420000 0.000000
0.070000 0.430000 0.000000
0.070000 0.440000 0.000000
0.070000 0.450000 0.000000
0.070000 0.460000 0.000000
0.070000 0.470000 0.000000
0.070000 0.480000 0.000000
0.070000 0.490000 0.000000
0.080000 0.000000 0.000000
0.080000 0.010000 0.000000
0.080000 0.020000 0.000000
0.080000 0.030000 0.000000
0.080000 0.040000 0.000000
0.080000 0.050000 0.000000
0.080000 0.060000 0.000000
0.080000 0.070000 0.000000
0.080000 0.080000 0.000000
0.080000 0.090000 0.000000
0.080000 0.100000 0.000000
0.080000 0.110000 0.000000
0.080000 0.120000 0.000000
0.080000 0.130000 0.000000
0.080000 0.140000 0.000000
0.080000 0.150000 0.000000
0.080000 0.160000 0.000000
0.080000 0.170000 0.000000
0.080000 0.180000 0.000000
0.080000 0.190000 0.000000
0.080000 0.200000 0.000000
0.080000 0.210000 0.000000
0.080000 0.220000 0.000000
0.080000 0.230000 0.000000
0.080000 0.240000 0.000000
0.080000 0.250000 0.000000
0.080000 0.260000 0.000000
0.080000 0.270000 0.000000
0.080000 0.280000 0.000000
0.080000 0.290000 0.000000
0.080000 0.300000 0.000000
0.080000 0.310000 0.000000
0.080000 0.320000 0.000000
0.080000 0.330000 0.000000
0.080000 0.340000 0.000000
0.080000 0.350000 0.000000
0.080000 0.360000 0.000000
0.080000 0.370000 0.000000
0.080000 0.380000 0.000000
0.080000 0.390000 0.000000
0.080000 0.400000 0.000000
0.080000 0.410000 0.000000
0.080000 0.420000 0.000000
0.080000 0.430000 0.000000
0.080000 0.440000 0.000000
0.080000 0.450000 0.000000
0.080000 0.460000 0.000000
0.080000 0.470000 0.000000
0.080000 0.480000 0.000000
0.080000 0.490000 0.000000
0.090000 0.000000 0.000000
0.090000 0.010000 0.000000
0.090000 0.020000 0.000000
0.090000 0.030000 0.000000
0.090000 0.040000 0.000000
0.090000 0.050000 0.000000
0.090000 0.060000 0.000000
0.090000 0.070000 0.000000
0.090000 0.080000 0.000000
0.090000 0.090000 0.000000
0.090000 0.100000 0.000000
0.090000 0.110000 0.000000
0.090000 0.120000 0.000000
0.090000 0.130000 0.000000
0.090000 0.140000 0.000000
0.090000 0.150000 0.000000
0.090000 0.160000 0.000000
0.090000 0.170000 0.000000
0.090000 0.180000 0.000000
0.090000 0.190000 0.000000
0.090000 0.200000 0.000000
0.090000 0.210000 0.000000
0.090000 0.220000 0.000000
0.090000 0.230000 0.000000
0.090000 0.240000 0.000000
0.090000 0.250000 0.000000
0.090000 0.260000 0.000000
0.090000 0.270000 0.000000
0.090000 0.280000 0.000000
0.090000 0.290000 0.000000
0.090000 0.300000 0.000000
0.090000 0.310000 0.000000
0.090000 0.320000 0.000000
0.090000 0.330000 0.000000
0.090000 0.340000 0.000000
0.090000 0.350000 0.000000
0.090000 0.360000 0.000000
0.090000 0.370000 0.000000
0.090000 0.380000 0.000000
0.090000 0.390000 0.000000
0.090000 0.400000 0.000000
0.090000 0.410000 0.000000
0.090000 0.420000 0.000000
0.090000 0.430000 0.000000
0.090000 0.440000 0.000000
0.090000 0.450000 0.000000
0.090000 0.460000 0.000000
0.090000 0.470000 0.000000
0.090000 0.480000 0.000000
0.090000 0.490000 0.000000
0.100000 0.000000 0.000000
0.100000 0.010000 0.000000
0.100000 0.020000 0.000000
0.100000 0.030000 0.000000
0.100000 0.040000 0.000000
0.100000 0.050000 0.000000
0.100000 0.060000 0.000000
0.100000 0.070000 0.000000
0.100000 0.080000 0.000000
0.100000 0.090000 0.000000
0.100000 0.100000 0.000000
0.100000 0.110000 0.000000
0.100000 0.120000 0.000000
0.100000 0.130000 0.000000
0.100000 0.140000 0.000000
0.100000 0.150000 0.000000
0.100000 0.160000 0.000000
0.100000 0.170000 0.000000
0.100000 0.180000 0.000000
0.100000 0.190000 0.000000
0.100000 0.200000 0.000000
0.100000 0.210000 0.000000
0.100000 0.220000 0.000000
0.100000 0.230000 0.000000
0.100000 0.240000 0.000000
0.100000 0.250000 0.000000
0.100000 0.260000 0.000000
0.100000 0.270000 0.000000
0.100000 0.280000 0.000000
0.100000 0.290000 0.000000
0.100000 0.300000 0.000000
0.100000 0.310000 0.000000
0.100000 0.320000 0.000000
0.100000 0.330000 0.000000
0.100000 0.340000 0.000000
0.100000 0.350000 0.000000
0.100000 0.360000 0.000000
0.100000 0.370000 0.000000
0.100000 0.380000 0.000000
0.100000 0.390000 0.000000
0.100000 0.400000 0.000000
0.100000 0.410000 0.000000
0.100000 0.420000 0.000000
0.100000 0.430000 0.000000
0.100000 0.440000 0.000000
0.100000 0.450000 0.000000
0.100000 0.460000 0.000000
0.100000 0.470000 0.000000
0.100000 0.480000 0.000000
0.100000 0.490000 0.000000
0.110000 0.000000 0.000000
0.110000 0.010000 0.000000
0.110000 0.020000 0.000000
0.110000 0.030000 0.000000
0.110000 0.040000 0.000000
0.110000 0.050000 0.000000
0.110000 0.060000 0.000000
0.110000 0.070000 0.000000
0.110000 0.080000 0.000000
0.110000 0.090000 0.000000
0.110000 0.100000 0.000000
0.110000 0.110000 0.000000
0.110000 0.120000 0.000000
0.110000 0.130000 0.000000
0.110000 0.140000 0.000000
0.110000 0.150000 0.000000
0.110000 0.160000 0.000000
0.110000 0.170000 0.000000
0.110000 0.180000 0.000000
0.110000 0.190000 0.000000
0.110000 0.200000 0.000000
0.110000 0.210000 0.000000
0.110000 0.220000 0.000000
0.110000 0.230000 0.000000
0.110000 0.240000 0.000000
0.110000 0.250000 0.000000
0.110000 0.260000 0.000000
0.110000 0.270000 0.000000
0.110000 0.280000 0.000000
0.110000 0.290000 0.000000
0.110000 0.300000 0.000000
0.110000 0.310000 0.000000
0.110000 0.320000 0.000000
0.110000 0.330000 0.000000
0.110000 0.340000 0.000000
0.110000 0.350000 0.000000
0.110000 0.360000 0.000000
0.110000 0.370000 0.000000
0.110000 0.380000 0.000000
0.110000 0.390000 0.000000
0.110000 0.400000 0.000000
0.110000 0.410000 0.000000
0.110000 0.420000 0.000000
0.110000 0.430000 0.000000
0.110000 0.440000 0.000000
0.110000 0.450000 0.000000
0.110000 0.460000 0.000000
0.110000 0.470000 0.000000
0.110000 0.480000 0.000000
0.110000 0.490000 0.000000
0.120000 0.000000 0.000000
0.120000 0.010000 0.000000
0.120000 0.020000 0.000000
0.120000 0.030000 0.000000
0.120000 0.040000 0.000000
0.120000 0.050000 0.000000
0.120000 0.060000 0.000000
0.120000 0.070000 0.000000
0.120000 0.080000 0.000000
0.120000 0.090000 0.000000
0.120000 0.100000 0.000000
0.120000 0.110000 0.000000
0.120000 0.120000 0.000000
0.120000 0.130000 0.000000
0.120000 0.140000 0.000000
0.120000 0.150000 0.000000
0.120000 0.160000 0.000000
0.120000 0.170000 0.000000
0.120000 0.180000 0.000000
0.120000 0.190000 0.000000
0.120000 0.200000 0.000000
0.120000 0.210000 0.000000
0.120000 0.220000 0.000000
0.120000 0.230000 0.000000
0.120000 0.240000 0.000000
0.120000 0.250000 0.000000
0.120000 0.260000 0.000000
0.120000 0.270000 0.000000
0.120000 0.280000 0.000000
0.120000 0.290000 0.000000
0.120000 0.300000 0.000000
0.120000 0.310000 0.000000
0.120000 0.320000 0.000000
0.120000 0.330000 0.000000
0.120000 0.340000 0.000000
0.120000 0.350000 0.000000
0.120000 0.360000 0.000000
0.120000 0.370000 0.000000
0.120000 0.380000 0.000000
0.120000 0.390000 0.000000
0.120000 0.400000 0.000000
0.120000 0.410000 0.000000
0.120000 0.420000 0.000000
0.120000 0.430000 0.000000
0.120000 0.440000 0.000000
0.120000 0.450000 0.000000
0.120000 0.460000 0.000000
0.120000 0.470000 0.000000
0.120000 0.480000 0.000000
0.120000 0.490000 0.000000
0.130000 0.000000 0.000000
0.130000 0.010000 0.000000
0.130000 0.020000 0.000000
0.130000 0.030000 0.000000
0.130000 0.040000 0.000000
0.130000 0.050000 0.000000
0.130000 0.060000 0.000000
0.130000 0.070000 0.000000
0.130000 0.080000 0.000000
0.130000 0.090000 0.000000
0.130000 0.100000 0.000000
0.130000 0.110000 0.000000
0.130000 0.120000 0.000000
0.130000 0.130000 0.000000
0.130000 0.140000 0.000000
0.130000 0.150000 0.000000
0.130000 0.160000 0.000000
0.130000 0.170000 0.000000
0.130000 0.180000 0.000000
0.130000 0.190000 0.000000
0.130000 0.200000 0.000000
0.130000 0.210000 0.000000
0.130000 0.220000 0.000000
0.130000 0.230000 0.000000
0.130000 0.240000 0.000000
0.130000 0.250000 0.000000
0.130000 0.260000 0.000000
0.130000 0.270000 0.000000
0.130000 0.280000 0.000000
0.130000 0.290000 0.000000
0.130000 0.300000 0.000000
0.130000 0.310000 0.000000
0.130000 0.320000 0.000000
0.130000 0.330000 0.000000
0.130000 0.340000 0.000000
0.130000 0.350000 0.000000
0.130000 0.360000 0.000000
0.130000 0.370000 0.000000
0.130000 0.380000 0.000000
0.130000 0.390000 0.000000
0.130000 0.400000 0.000000
0.130000 0.410000 0.000000
0.130000 0.420000 0.000000
0.130000 0.430000 0.000000
0.130000 0.440000 0.000000
0.130000 0.450000 0.000000
0.130000 0.460000 0.000000
0.130000 0.470000 0.000000
0.130000 0.480000 0.000000
0.130000 0.490000 0.000000
0.140000 0.000000 0.000000
0.140000 0.010000 0.000000
0.140000 0.020000 0.000000
0.140000 0.030000 0.000000
0.140000 0.040000 0.000000
0.140000 0.050000 0.000000
0.140000 0.060000 0.000000
0.140000 0.070000 0.000000
0.140000 0.080000 0.000000
0.140000 0.090000 0.000000
0.140000 0.100000 0.000000
0.140000 0.110000 0.000000
0.140000 0.120000 0.000000
0.140000 0.130000 0.000000
0.140000 0.140000 0.000000
0.140000 0.150000 0.000000
0.140000 0.160000 0.000000
0.140000 0.170000 0.000000
0.140000 0.180000 0.000000
0.140000 0.190000 0.000000
0.140000 0.200000 0.000000
0.140000 0.210000 0.000000
0.140000 0.220000 0.000000
0.140000 0.230000 0.000000
0.140000 0.240000 0.000000
0.140000 0.250000 0.000000
0.140000 0.260000 0.000000
0.140000 0.270000 0.000000
0.140000 0.280000 0.000000
0.140000 0.290000 0.000000
0.140000 0.300000 0.000000
0.140000 0.310000 0.000000
0.140000 0.320000 0.000000
0.140000 0.330000 0.000000
0.140000 0.340000 0.000000
0.140000 0.350000 0.000000
0.140000 0.360000 0.000000
0.140000 0.370000 0.000000
0.140000 0.380000 0.000000
0.140000 0.390000 0.000000
0.140000 0.400000 0.000000
0.140000 0.410000 0.000000
0.140000 0.420000 0.000000
0.140000 0.430000 0.000000
0.140000 0.440000 0.000000
0.140000 0.450000 0.000000
0.140000 0.460000 0.000000
0.140000 0.470000 0.000000
0.140000 0.480000 0.000000
0.140000 0.490000 0.000000
0.150000 0.000000 0.000000
0.150000 0.010000 0.000000
0.150000 0.020000 0.000000
0.150000 0.030000 0.000000
0.150000 0.040000 0.000000
0.150000 0.050000 0.000000
0.150000 0.060000 0.000000
0.150000 0.070000 0.000000
0.150000 0.080000 0.000000
0.150000 0.090000 0.000000
0.150000 0.100000 0.000000
0.150000 0.110000 0.000000
0.150000 0.120000 0.000000
0.150000 0.130000 0.000000
0.150000 0.140000 0.000000
0.150000 0.150000 0.000000
0.150000 0.160000 0.000000
0.150000 0.170000 0.000000
0.150000 0.180000 0.000000
0.150000 0.190000 0.000000
0.150000 0.200000 0.000000
0.150000 0.210000 0.000000
0.150000 0.220000 0.000000
0.150000 0.230000 0.000000
0.150000 0.240000 0.000000
0.150000 0.250000 0.000000
0.150000 0.260000 0.000000
0.150000 0.270000 0.000000
0.150000 0.280000 0.000000
0.150000 0.290000 0.000000
0.150000 0.300000 0.000000
0.150000 0.310000 0.000000
0.150000 0.320000 0.000000
0.150000 0.330000 0.000000
0.150000 0.340000 0.000000
0.150000 0.350000 0.000000
0.150000 0.360000 0.000000
0.150000 0.370000 0.000000
0.150000 0.380000 0.000000
0.150000 0.390000 0.000000
0.150000 0.400000 0.000000
0.150000 0.410000 0.000000
0.150000 0.420000 0.000000
0.150000 0.430000 0.000000
0.150000 0.440000 0.000000
0.150000 0.450000 0.000000
0.150000 0.460000 0.000000
0.150000 0.470000 0.000000
0.150000 0.480000 0.000000
0.150000 0.490000 0.000000
0.160000 0.000000 0.000000
0.160000 0.010000 0.000000
0.160000 0.020000 0.000000
0.160000 0.030000 0.000000
0.160000 0.040000 0.000000
0.160000 0.050000 0.000000
0.160000 0.060000 0.000000
0.160000 0.070000 0.000000
0.160000 0.080000 0.000000
0.160000 0.090000 0.000000
0.160000 0.100000 0.000000
0.160000 0.110000 0.000000
0.160000 0.120000 0.000000
0.160000 0.130000 0.000000
0.160000 0.140000 0.000000
0.160000 0.150000 0.000000
0.160000 0.160000 0.000000
0.160000 0.170000 0.000000
0.160000 0.180000 0.000000
0.160000 0.190000 0.000000
0.160000 0.200000 0.000000
0.160000 0.210000 0.000000
0.160000 0.220000 0.000000
0.160000 0.230000 0.000000
0.160000 0.240000 0.000000
0.160000 0.250000 0.000000
0.160000 0.260000 0.000000
0.160000 0.270000 0.000000
0.160000 0.280000 0.000000
0.160000 0.290000 0.000000
0.160000 0.300000 0.000000
0.160000 0.310000 0.000000
0.160000 0.320000 0.000000
0.160000 0.330000 0.000000
0.160000 0.340000 0.000000
0.160000 0.350000 0.000000
0.160000 0.360000 0.000000
0.160000 0.370000 0.000000
0.160000 0.380000 0.000000
0.160000 0.390000 0.000000
0.160000 0.400000 0.000000
0.160000 0.410000 0.000000
0.160000 0.420000 0.000000
0.160000 0.430000 0.000000
0.160000 0.440000 0.000000
0.160000 0.450000 0.000000
0.160000 0.460000 0.000000
0.160000 0.470000 0.000000
0.160000 0.480000 0.000000
0.160000 0.490000 0.000000
0.170000 0.000000 0.000000
0.170000 0.010000 0.000000
0.170000 0.020000 0.000000
0.170000 0.030000 0.000000
0.170000 0.040000 0.000000
0.170000 0.050000 0.000000
0.170000 0.060000 0.000000
0.170000 0.070000 0.000000
0.170000 0.080000 0.000000
0.170000 0.090000 0.000000
0.170000 0.100000 0.000000
0.170000 0.110000 0.000000
0.170000 0.120000 0.000000
0.170000 0.130000 0.000000
0.170000 0.140000 0.000000
0.170000 0.150000 0.000000
0.170000 0.160000 0.000000
0.170000 0.170000 0.000000
0.170000 0.180000 0.000000
0.170000 0.190000 0.000000
0.170000 0.200000 0.000000
0.170000 0.210000 0.000000
0.170000 0.220000 0.000000
0.170000 0.230000 0.000000
0.170000 0.240000 0.000000
0.170000 0.250000 0.000000
0.170000 0.260000 0.000000
0.170000 0.270000 0.000000
0.170000 0.280000 0.000000
0.170000 0.290000 0.000000
0.170000 0.300000 0.000000
0.170000 0.310000 0.000000
0.170000 0.320000 0.000000
0.170000 0.330000 0.000000
0.170000 0.340000 0.000000
0.170000 0.350000 0.000000
0.170000 0.360000 0.000000
0.170000 0.370000 0.000000
0.170000 0.380000 0.000000
0.170000 0.390000 0.000000
0.170000 0.400000 0.000000
0.170000 0.410000 0.000000
0.170000 0.420000 0.000000
0.170000 0.430000 0.000000
0.170000 0.440000 0.000000
0.170000 0.450000 0.000000
0.170000 0.460000 0.000000
0.170000 0.470000 0.000000
0.170000 0.480000 0.000000
0.170000 0.490000 0.000000
0.180000 0.000000 0.000000
0.180000 0.010000 0.000000
0.180000 0.020000 0.000000
0.180000 0.030000 0.000000
0.180000 0.040000 0.000000
0.180000 0.050000 0.000000
0.180000 0.060000 0.000000
0.180000 0.070000 0.000000
0.180000 0.080000 0.000000
0.180000 0.090000 0.000000
0.180000 0.100000 0.000000
0.180000 0.110000 0.000000
0.180000 0.120000 0.000000
0.180000 0.130000 0.000000
0.180000 0.140000 0.000000
0.180000 0.150000 0.000000
0.180000 0.160000 0.000000
0.180000 0.170000 0.000000
0.180000 0.180000 0.000000
0.180000 0.190000 0.000000
0.180000 0.200000 0.000000
0.180000 0.210000 0.000000
0.180000 0.220000 0.000000
0.180000 0.230000 0.000000
0.180000 0.240000 0.000000
0.180000 0.250000 0.000000
0.180000 0.260000 0.000000
0.180000 0.270000 0.000000
0.180000 0.280000 0.000000
0.180000 0.290000 0.000000
0.180000 0.300000 0.000000
0.180000 0.310000 0.000000
0.180000 0.320000 0.000000
0.180000 0.330000 0.000000
0.180000 0.340000 0.000000
0.180000 0.350000 0.000000
0.180000 0.360000 0.000000
0.180000 0.370000 0.000000
0.180000 0.380000 0.000000
0.180000 0.390000 0.000000
0.180000 0.400000 0.000000
0.180000 0.410000 0.000000
0.180000 0.420000 0.000000
0.180000 0.430000 0.000000
0.180000 0.440000 0.000000
0.180000 0.450000 0.000000
0.180000 0.460000 0.000000
0.180000 0.470000 0.000000
0.180000 0.480000 0.000000
0.180000 0.490000 0.000000
0.190000 0.000000 0.000000
0.190000 0.010000 0.000000
0.190000 0.020000 0.000000
0.190000 0.030000 0.000000
0.190000 0.040000 0.000000
0.190000 0.050000 0.000000
0.190000 0.060000 0.000000
0.190000 0.070000 0.000000
0.190000 0.080000 0.000000
0.190000 0.090000 0.000000
0.190000 0.100000 0.000000
0.190000 0.110000 0.000000
0.190000 0.120000 0.000000
0.190000 0.130000 0.000000
0.190000 0.140000 0.000000
0.190000 0.150000 0.000000
0.190000 0.160000 0.000000
0.190000 0.170000 0.000000
0.190000 0.180000 0.000000
0.190000 0.190000 0.000000
0.190000 0.200000 0.000000
0.190000 0.210000 0.000000
0.190000 0.220000 0.000000
0.190000 0.230000 0.000000
0.190000 0.240000 0.000000
0.190000 0.250000 0.000000
0.190000 0.260000 0.000000
0.190000 0.270000 0.000000
0.190000 0.280000 0.000000
0.190000 0.290000 0.000000
0.190000 0.300000 0.000000
0.190000 0.310000 0.000000
0.190000 0.320000 0.000000
0.190000 0.330000 0.000000
0.190000 0.340000 0.000000
0.190000 0.350000 0.000000
0.190000 0.360000 0.000000
0.190000 0.370000 0.000000
0.190000 0.380000 0.000000
0.190000 0.390000 0.000000
0.190000 0.400000 0.000000
0.190000 0.410000 0.000000
0.190000 0.420000 0.000000
0.190000 0.430000 0.000000
0.190000 0.440000 0.000000
0.190000 0.450000 0.000000
0.190000 0.460000 0.000000
0.190000 0.470000 0.000000
0.190000 0.480000 0.000000
0.190000 0.490000 0.000000
0.200000 0.000000 0.000000
0.200000 0.010000 0.000000
0.200000 0.020000 0.000000
0.200000 0.030000 0.000000
0.200000 0.040000 0.000000
0.200000 0.050000 0.000000
0.200000 0.060000 0.000000
0.200000 0.070000 0.000000
0.200000 0.080000 0.000000
0.200000 0.090000 0.000000
0.200000 0.100000 0.000000
0.200000 0.110000 0.000000
0.200000 0.120000 0.000000
0.200000 0.130000 0.000000
0.200000 0.140000 0.000000
0.200000 0.150000 0.000000
0.200000 0.160000 0.000000
0.200000 0.170000 0.000000
0.200000 0.180000 0.000000
0.200000 0.190000 0.000000
0.200000 0.200000 0.000000
0.200000 0.210000 0.000000
0.200000 0.220000 0.000000
0.200000 0.230000 0.000000
0.200000 0.240000 0.000000
0.200000 0.250000 0.000000
0.200000 0.260000 0.000000
0.200000 0.270000 0.000000
0.200000 0.280000 0.000000
0.200000 0.290000 0.000000
0.200000 0.300000 0.000000
0.200000 0.310000 0.000000
0.200000 0.320000 0.000000
0.200000 0.330000 0.000000
0.200000 0.340000 0.000000
0.200000 0.350000 0.000000
0.200000 0.360000 0.000000
0.200000 0.370000 0.000000
0.200000 0.380000 0.000000
0.200000 0.390000 0.000000
0.200000 0.400000 0.000000
0.200000 0.410000 0.000000
0.200000 0.420000 0.000000
0.200000 0.430000 0.000000
0.200000 0.440000 0.000000
0.200000 0.450000 0.000000
0.200000 0.460000 0.000000
0.200000 0.470000 0.000000
0.200000 0.480000 0.000000
0.200000 0.490000 0.000000
0.210000 0.000000 0.000000
0.210000 0.010000 0.000000
0.210000 0.020000 0.000000
0.210000 0.030000 0.000000
0.210000 0.040000 0.000000
0.210000 0.050000 0.000000
0.210000 0.060000 0.000000
0.210000 0.070000 0.000000
0.210000 0.080000 0.000000
0.210000 0.090000 0.000000
0.210000 0.100000 0.000000
0.210000 0.110000 0.000000
0.210000 0.120000 0.000000
0.210000 0.130000 0.000000
0.210000 0.140000 0.000000
0.210000 0.150000 0.000000
0.210000 0.160000 0.000000
0.210000 0.170000 0.000000
0.210000 0.180000 0.000000
0.210000 0.190000 0.000000
0.210000 0.200000 0.000000
0.210000 0.210000 0.000000
0.210000 0.220000 0.000000
0.210000 0.230000 0.000000
0.210000 0.240000 0.000000
0.210000 0.250000 0.000000
0.210000 0.260000 0.000000
0.210000 0.270000 0.000000
0.210000 0.280000 0.000000
0.210000 0.290000 0.000000
0.210000 0.300000 0.000000
0.210000 0.310000 0.000000
0.210000 0.320000 0.000000
0.210000 0.330000 0.000000
0.210000 0.340000 0.000000
0.210000 0.350000 0.000000
0.210000 0.360000 0.000000
0.210000 0.370000 0.000000
0.210000 0.380000 0.000000
0.210000 0.390000 0.000000
0.210000 0.400000 0.000000
0.210000 0.410000 0.000000
0.210000 0.420000 0.000000
0.210000 0.430000 0.000000
0.210000 0.440000 0.000000
0.210000 0.450000 0.000000
0.210000 0.460000 0.000000
0.210000 0.470000 0.000000
0.210000 0.480000 0.000000
0.210000 0.490000 0.000000
0.220000 0.000000 0.000000
0.220000 0.010000 0.000000
0.220000 0.020000 0.000000
0.220000 0.030000 0.000000
0.220000 0.040000 0.000000
0.220000 0.050000 0.000000
0.220000 0.060000 0.000000
0.220000 0.070000 0.000000
0.220000 0.080000 0.000000
0.220000 0.090000 0.000000
0.220000 0.100000 0.000000
0.220000 0.110000 0.000000
0.220000 0.120000 0.000000
0.220000 0.130000 0.000000
0.220000 0.140000 0.000000
0.220000 0.150000 0.000000
0.220000 0.160000 0.000000
0.220000 0.170000 0.000000
0.220000 0.180000 0.000000
0.220000 0.190000 0.000000
0.220000 0.200000 0.000000
0.220000 0.210000 0.000000
0.220000 0.220000 0.000000
0.220000 0.230000 0.000000
0.220000 0.240000 0.000000
0.220000 0.250000 0.000000
0.220000 0.260000 0.000000
0.220000 0.270000 0.000000
0.220000 0.280000 0.000000
0.220000 0.290000 0.000000
0.220000 0.300000 0.000000
0.220000 0.310000 0.000000
0.220000 0.320000 0.000000
0.220000 0.330000 0.000000
0.220000 0.340000 0.000000
0.220000 0.350000 0.000000
0.220000 0.360000 0.000000
0.220000 0.370000 0.000000
0.220000 0.380000 0.000000
0.220000 0.390000 0.000000
0.220000 0.400000 0.000000
0.220000 0.410000 0.000000
0.220000 0.420000 0.000000
0.220000 0.430000 0.000000
0.220000 0.440000 0.000000
0.220000 0.450000 0.000000
0.220000 0.460000 0.000000
0.220000 0.470000 0.000000
0.220000 0.480000 0.000000
0.220000 0.490000 0.000000
0.230000 0.000000 0.000000
0.230000 0.010000 0.009094
0.230000 0.020000 0.008790
0.230000 0.030000 0.008469
0.230000 0.040000 0.008136
0.230000 0.050000 0.007796
0.230000 0.060000 0.007237
0.230000 0.070000 0.006747
0.230000 0.080000 0.006299
0.230000 0.090000 0.005948
0.230000 0.100000 0.005607
0.230000 0.110000 0.005391
0.230000 0.120000 0.005211
0.230000 0.130000 0.000000
0.230000 0.140000 0.000000
0.230000 0.150000 0.000000
0.230000 0.160000 0.000000
0.230000 0.170000 0.000000
0.230000 0.180000 0.000000
0.230000 0.190000 0.000000
0.230000 0.200000 0.000000
0.230000 0.210000 0.000000
0.230000 0.220000 0.000000
0.230000 0.230000 0.000000
0.230000 0.240000 0.000000
0.230000 0.250000 0.000000
0.230000 0.260000 0.000000
0.230000 0.270000 0.000000
0.230000 0.280000 0.000000
0.230000 0.290000 0.000000
0.230000 0.300000 0.000000
0.230000 0.310000 0.000000
0.230000 0.320000 0.000000
0.230000 0.330000 0.000000
0.230000 0.340000 0.000000
0.230000 0.350000 0.000000
0.230000 0.360000 0.000000
0.230000 0.370000 0.000000
0.230000 0.380000 0.000000
0.230000 0.390000 0.000000
0.230000 0.400000 0.000000
0.230000 0.410000 0.000000
0.230000 0.420000 0.000000
0.230000 0.430000 0.000000
0.230000 0.440000 0.000000
0.230000 0.450000 0.000000
0.230000 0.460000 0.000000
0.230000 0.470000 0.000000
0.230000 0.480000 0.000000
0.230000 0.490000 0.000000
0.240000 0.000000 0.008814
0.240000 0.010000 0.000000
0.240000 0.020000 0.000000
0.240000 0.030000 0.000000
0.240000 0.040000 0.000000
0.240000 0.050000 0.007956
0.240000 0.060000 0.007156
0.240000 0.070000 0.006710
0.240000 0.080000 0.000000
0.240000 0.090000 0.000000
0.240000 0.100000 0.000000
0.240000 0.110000 0.004777
0.240000 0.120000 0.004562
0.240000 0.130000 0.004191
0.240000 0.140000 0.003815
0.240000 0.150000 0.003432
0.240000 0.160000 0.003045
0.240000 0.170000 0.002661
0.240000 0.180000 0.002287
0.240000 0.190000 0.001916
0.240000 0.200000 0.001563
0.240000 0.210000 0.001275
0.240000 0.220000 0.001283
0.240000 0.230000 0.000000
0.240000 0.240000 0.000000
0.240000 0.250000 0.000000
0.240000 0.260000 0.000000
0.240000 0.270000 0.000000
0.240000 0.280000 0.000000
0.240000 0.290000 0.000000
0.240000 0.300000 0.000000
0.240000 0.310000 0.000000
0.240000 0.320000 0.000000
0.240000 0.330000 0.000000
0.240000 0.340000 0.000000
0.240000 0.350000 0.000000
0.240000 0.360000 0.000000
0.240000 0.370000 0.000000
0.240000 0.380000 0.000000
0.240000 0.390000 0.000000
0.240000 0.400000 0.000000
0.240000 0.410000 0.000000
0.240000 0.420000 0.000000
0.240000 0.430000 0.000000
0.240000 0.440000 0.000000
0.240000 0.450000 0.000000
0.240000 0.460000 0.000000
0.240000 0.470000 0.000000
0.240000 0.480000 0.000000
0.240000 0.490000 0.000000
0.250000 0.000000 0.008783
0.250000 0.010000 0.008418
0.250000 0.020000 0.008038
0.250000 0.030000 0.007643
0.250000 0.040000 0.007220
0.250000 0.050000 0.006730
0.250000 0.060000 0.006731
0.250000 0.070000 0.006462
0.250000 0.080000 0.006024
0.250000 0.090000 0.005624
0.250000 0.100000 0.005237
0.250000 0.110000 0.004852
0.250000 0.120000 0.004524
0.250000 0.130000 0.004166
0.250000 0.140000 0.003797
0.250000 0.150000 0.003420
0.250000 0.160000 0.003040
0.250000 0.170000 0.002660
0.250000 0.180000 0.002296
0.250000 0.190000 0.001921
0.250000 0.200000 0.001544
0.250000 0.210000 0.001155
0.250000 0.220000 0.000790
0.250000 0.230000 0.000423
0.250000 0.240000 0.000047
0.250000 0.250000 -0.000337
0.250000 0.260000 -0.000734
0.250000 0.270000 -0.001117
0.250000 0.280000 -0.001521
0.250000 0.290000 -0.001905
0.250000 0.300000 -0.002291
0.250000 0.310000 -0.002716
0.250000 0.320000 -0.003123
0.250000 0.330000 0.000000
0.250000 0.340000 0.000000
0.250000 0.350000 0.000000
0.250000 0.360000 0.000000
0.250000 0.370000 0.000000
0.250000 0.380000 0.000000
0.250000 0.390000 0.000000
0.250000 0.400000 0.000000
0.250000 0.410000 0.000000
0.250000 0.420000 0.000000
0.250000 0.430000 0.000000
0.250000 0.440000 0.000000
0.250000 0.450000 0.000000
0.250000 0.460000 0.000000
0.250000 0.470000 0.000000
0.250000 0.480000 0.000000
0.250000 0.490000 0.000000
0.260000 0.000000 0.008781
0.260000 0.010000 0.008415
0.260000 0.020000 0.008041
0.260000 0.030000 0.007660
0.260000 0.040000 0.007275
0.260000 0.050000 0.006907
0.260000 0.060000 0.006661
0.260000 0.070000 0.006357
0.260000 0.080000 0.005989
0.260000 0.090000 0.005612
0.260000 0.100000 0.005237
0.260000 0.110000 0.004867
0.260000 0.120000 0.004512
0.260000 0.130000 0.004151
0.260000 0.140000 0.003784
0.260000 0.150000 0.003412
0.260000 0.160000 0.003038
0.260000 0.170000 0.002664
0.260000 0.180000 0.002293
0.260000 0.190000 0.001920
0.260000 0.200000 0.001545
0.260000 0.210000 0.001167
0.260000 0.220000 0.000796
0.260000 0.230000 0.000426
0.260000 0.240000 0.000053
0.260000 0.250000 -0.000319
0.260000 0.260000 -0.000679
0.260000 0.270000 -0.001042
0.260000 0.280000 -0.001467
0.260000 0.290000 -0.001860
0.260000 0.300000 -0.002233
0.260000 0.310000 -0.002567
0.260000 0.320000 -0.002899
0.260000 0.330000 -0.003490
0.260000 0.340000 -0.004231
0.260000 0.350000 -0.004762
0.260000 0.360000 -0.005531
0.260000 0.370000 -0.006706
0.260000 0.380000 -0.008345
0.260000 0.390000 -0.010094
0.260000 0.400000 -0.012506
0.260000 0.410000 0.000000
0.260000 0.420000 0.000000
0.260000 0.430000 -0.020997
0.260000 0.440000 -0.021823
0.260000 0.450000 -0.022959
0.260000 0.460000 0.000000
0.260000 0.470000 0.000000
0.260000 0.480000 0.000000
0.260000 0.490000 0.000000
0.270000 0.000000 0.008784
0.270000 0.010000 0.008418
0.270000 0.020000 0.008050
0.270000 0.030000 0.007680
0.270000 0.040000 0.007314
0.270000 0.050000 0.006963
0.270000 0.060000 0.006647
0.270000 0.070000 0.006317
0.270000 0.080000 0.005964
0.270000 0.090000 0.005600
0.270000 0.100000 0.005233
0.270000 0.110000 0.004867
0.270000 0.120000 0.004505
0.270000 0.130000 0.004142
0.270000 0.140000 0.003775
0.270000 0.150000 0.003406
0.270000 0.160000 0.003035
0.270000 0.170000 0.002664
0.270000 0.180000 0.002292
0.270000 0.190000 0.001920
0.270000 0.200000 0.001547
0.270000 0.210000 0.001174
0.270000 0.220000 0.000802
0.270000 0.230000 0.000430
0.270000 0.240000 0.000059
0.270000 0.250000 -0.000313
0.270000 0.260000 -0.000683
0.270000 0.270000 -0.001059
0.270000 0.280000 -0.001452
0.270000 0.290000 -0.001840
0.270000 0.300000 -0.002221
0.270000 0.310000 -0.002599
0.270000 0.320000 -0.003003
0.270000 0.330000 -0.003501
0.270000 0.340000 -0.004051
0.270000 0.350000 -0.004550
0.270000 0.360000 -0.005027
0.270000 0.370000 -0.005339
0.270000 0.380000 -0.005326
0.270000 0.390000 -0.005338
0.270000 0.400000 -0.004729
0.270000 0.410000 -0.005876
0.270000 0.420000 -0.006914
0.270000 0.430000 -0.008051
0.270000 0.440000 -0.008991
0.270000 0.450000 -0.010512
0.270000 0.460000 -0.015134
0.270000 0.470000 -0.026116
0.270000 0.480000 0.000000
0.270000 0.490000 0.000000
0.280000 0.000000 0.008789
0.280000 0.010000 0.008425
0.280000 0.020000 0.008060
0.280000 0.030000 0.007696
0.280000 0.040000 0.007336
0.280000 0.050000 0.006985
0.280000 0.060000 0.006645
0.280000 0.070000 0.006302
0.280000 0.080000 0.005949
0.280000 0.090000 0.005590
0.280000 0.100000 0.005227
0.280000 0.110000 0.004863
0.280000 0.120000 0.004500
0.280000 0.130000 0.004136
0.280000 0.140000 0.003770
0.280000 0.150000 0.003402
0.280000 0.160000 0.003033
0.280000 0.170000 0.002663
0.280000 0.180000 0.002293
0.280000 0.190000 0.001922
0.280000 0.200000 0.001550
0.280000 0.210000 0.001178
0.280000 0.220000 0.000807
0.280000 0.230000 0.000436
0.280000 0.240000 0.000064
0.280000 0.250000 -0.000308
0.280000 0.260000 -0.000682
0.280000 0.270000 -0.001059
0.280000 0.280000 -0.001443
0.280000 0.290000 -0.001828
0.280000 0.300000 -0.002213
0.280000 0.310000 -0.002604
0.280000 0.320000 -0.003014
0.280000 0.330000 -0.003460
0.280000 0.340000 -0.003922
0.280000 0.350000 -0.004359
0.280000 0.360000 -0.004751
0.280000 0.370000 -0.005043
0.280000 0.380000 -0.005205
0.280000 0.390000 -0.005329
0.280000 0.400000 -0.005423
0.280000 0.410000 -0.006021
0.280000 0.420000 -0.006741
0.280000 0.430000 -0.007480
0.280000 0.440000 -0.008096
0.280000 0.450000 -0.008538
0.280000 0.460000 -0.008112
0.280000 0.470000 -0.002201
0.280000 0.480000 -0.004414
0.280000 0.490000 -0.005625
0.290000 0.000000 0.008796
0.290000 0.010000 0.008433
0.290000 0.020000 0.008070
0.290000 0.030000 0.007708
0.290000 0.040000 0.007350
0.290000 0.050000 0.006996
0.290000 0.060000 0.006646
0.290000 0.070000 0.006296
0.290000 0.080000 0.005941
0.290000 0.090000 0.005583
0.290000 0.100000 0.005222
0.290000 0.110000 0.004859
0.290000 0.120000 0.004496
0.290000 0.130000 0.004132
0.290000 0.140000 0.003766
0.290000 0.150000 0.003399
0.290000 0.160000 0.003031
0.290000 0.170000 0.002663
0.290000 0.180000 0.002293
0.290000 0.190000 0.001924
0.290000 0.200000 0.001553
0.290000 0.210000 0.001183
0.290000 0.220000 0.000812
0.290000 0.230000 0.000441
0.290000 0.240000 0.000070
0.290000 0.250000 -0.000302
0.290000 0.260000 -0.000676
0.290000 0.270000 -0.001053
0.290000 0.280000 -0.001432
0.290000 0.290000 -0.001814
0.290000 0.300000 -0.002199
0.290000 0.310000 -0.002589
0.290000 0.320000 -0.002990
0.290000 0.330000 -0.003403
0.290000 0.340000 -0.003818
0.290000 0.350000 -0.004214
0.290000 0.360000 -0.004574
0.290000 0.370000 -0.004876
0.290000 0.380000 -0.005121
0.290000 0.390000 -0.005349
0.290000 0.400000 -0.005613
0.290000 0.410000 -0.006045
0.290000 0.420000 -0.006549
0.290000 0.430000 -0.007031
0.290000 0.440000 -0.007376
0.290000 0.450000 -0.007432
0.290000 0.460000 -0.006850
0.290000 0.470000 -0.005170
0.290000 0.480000 -0.005449
0.290000 0.490000 -0.005987
0.300000 0.000000 0.008803
0.300000 0.010000 0.008440
0.300000 0.020000 0.008078
0.300000 0.030000 0.007717
0.300000 0.040000 0.007359
0.300000 0.050000 0.007002
0.300000 0.060000 0.006648
0.300000 0.070000 0.006293
0.300000 0.080000 0.005937
0.300000 0.090000 0.005578
0.300000 0.100000 0.005218
0.300000 0.110000 0.004856
0.300000 0.120000 0.004493
0.300000 0.130000 0.004129
0.300000 0.140000 0.003764
0.300000 0.150000 0.003398
0.300000 0.160000 0.003031
0.300000 0.170000 0.002663
0.300000 0.180000 0.002295
0.300000 0.190000 0.001926
0.300000 0.200000 0.001557
0.300000 0.210000 0.001187
0.300000 0.220000 0.000817
0.300000 0.230000 0.000447
0.300000 0.240000 0.000076
0.300000 0.250000 -0.000295
0.300000 0.260000 -0.000668
0.300000 0.270000 -0.001043
0.300000 0.280000 -0.001419
0.300000 0.290000 -0.001798
0.300000 0.300000 -0.002179
0.300000 0.310000 -0.002564
0.300000 0.320000 -0.002953
0.300000 0.330000 -0.003345
0.300000 0.340000 -0.003733
0.300000 0.350000 -0.004106
0.300000 0.360000 -0.004453
0.300000 0.370000 -0.004768
0.300000 0.380000 -0.005054
0.300000 0.390000 -0.005334
0.300000 0.400000 -0.005637
0.300000 0.410000 -0.005996
0.300000 0.420000 -0.006377
0.300000 0.430000 -0.006719
0.300000 0.440000 -0.006945
0.300000 0.450000 -0.006965
0.300000 0.460000 -0.006685
0.300000 0.470000 -0.006182
0.300000 0.480000 -0.006224
0.300000 0.490000 -0.006524
0.310000 0.000000 0.008809
0.310000 0.010000 0.008447
0.310000 0.020000 0.008085
0.310000 0.030000 0.007724
0.310000 0.040000 0.007365
0.310000 0.050000 0.007007
0.310000 0.060000 0.006650
0.310000 0.070000 0.006293
0.310000 0.080000 0.005935
0.310000 0.090000 0.005576
0.310000 0.100000 0.005215
0.310000 0.110000 0.004853
0.310000 0.120000 0.004491
0.310000 0.130000 0.004127
0.310000 0.140000 0.003762
0.310000 0.150000 0.003397
0.310000 0.160000 0.003031
0.310000 0.170000 0.002664
0.310000 0.180000 0.002296
0.310000 0.190000 0.001929
0.310000 0.200000 0.001560
0.310000 0.210000 0.001192
0.310000 0.220000 0.000823
0.310000 0.230000 0.000454
0.310000 0.240000 0.000084
0.310000 0.250000 -0.000287
0.310000 0.260000 -0.000658
0.310000 0.270000 -0.001031
0.310000 0.280000 -0.001404
0.310000 0.290000 -0.001780
0.310000 0.300000 -0.002156
0.310000 0.310000 -0.002534
0.310000 0.320000 -0.002913
0.310000 0.330000 -0.003291
0.310000 0.340000 -0.003663
0.310000 0.350000 -0.004023
0.310000 0.360000 -0.004365
0.310000 0.370000 -0.004688
0.310000 0.380000 -0.004994
0.310000 0.390000 -0.005295
0.310000 0.400000 -0.005603
0.310000 0.410000 -0.005926
0.310000 0.420000 -0.006245
0.310000 0.430000 -0.006524
0.310000 0.440000 -0.006720
0.310000 0.450000 -0.006796
0.310000 0.460000 -0.006743
0.310000 0.470000 -0.006648
0.310000 0.480000 -0.006742
0.310000 0.490000 -0.006999
0.320000 0.000000 0.008815
0.320000 0.010000 0.008452
0.320000 0.020000 0.008091
0.320000 0.030000 0.007730
0.320000 0.040000 0.007370
0.320000 0.050000 0.007011
0.320000 0.060000 0.006652
0.320000 0.070000 0.006294
0.320000 0.080000 0.005935
0.320000 0.090000 0.005575
0.320000 0.100000 0.005214
0.320000 0.110000 0.004852
0.320000 0.120000 0.004489
0.320000 0.130000 0.004126
0.320000 0.140000 0.003762
0.320000 0.150000 0.003397
0.320000 0.160000 0.003031
0.320000 0.170000 0.002665
0.320000 0.180000 0.002299
0.320000 0.190000 0.001932
0.320000 0.200000 0.001564
0.320000 0.210000 0.001197
0.320000 0.220000 0.000829
0.320000 0.230000 0.000461
0.320000 0.240000 0.000092
0.320000 0.250000 -0.000277
0.320000 0.260000 -0.000647
0.320000 0.270000 -0.001017
0.320000 0.280000 -0.001388
0.320000 0.290000 -0.001760
0.320000 0.300000 -0.002132
0.320000 0.310000 -0.002504
0.320000 0.320000 -0.002875
0.320000 0.330000 -0.003243
0.320000 0.340000 -0.003605
0.320000 0.350000 -0.003957
0.320000 0.360000 -0.004297
0.320000 0.370000 -0.004624
0.320000 0.380000 -0.004939
0.320000 0.390000 -0.005248
0.320000 0.400000 -0.005556
0.320000 0.410000 -0.005861
0.320000 0.420000 -0.006152
0.320000 0.430000 -0.006411
0.320000 0.440000 -0.006617
0.320000 0.450000 -0.006756
0.320000 0.460000 -0.006842
0.320000 0.470000 -0.006927
0.320000 0.480000 -0.007096
0.320000 0.490000 -0.007367
0.330000 0.000000 0.008820
0.330000 0.010000 0.008457
0.330000 0.020000 0.008096
0.330000 0.030000 0.007734
0.330000 0.040000 0.007374
0.330000 0.050000 0.007014
0.330000 0.060000 0.006654
0.330000 0.070000 0.006295
0.330000 0.080000 0.005935
0.330000 0.090000 0.005574
0.330000 0.100000 0.005213
0.330000 0.110000 0.004851
0.330000 0.120000 0.004489
0.330000 0.130000 0.004126
0.330000 0.140000 0.003762
0.330000 0.150000 0.003397
0.330000 0.160000 0.003032
0.330000 0.170000 0.002667
0.330000 0.180000 0.002301
0.330000 0.190000 0.001935
0.330000 0.200000 0.001569
0.330000 0.210000 0.001202
0.330000 0.220000 0.000835
0.330000 0.230000 0.000468
0.330000 0.240000 0.000101
0.330000 0.250000 -0.000267
0.330000 0.260000 -0.000635
0.330000 0.270000 -0.001003
0.330000 0.280000 -0.001371
0.330000 0.290000 -0.001740
0.330000 0.300000 -0.002107
0.330000 0.310000 -0.002474
0.330000 0.320000 -0.002839
0.330000 0.330000 -0.003200
0.330000 0.340000 -0.003556
0.330000 0.350000 -0.003904
0.330000 0.360000 -0.004243
0.330000 0.370000 -0.004571
0.330000 0.380000 -0.004891
0.330000 0.390000 -0.005204
0.330000 0.400000 -0.005510
0.330000 0.410000 -0.005808
0.330000 0.420000 -0.006092
0.330000 0.430000 -0.006352
0.330000 0.440000 -0.006578
0.330000 0.450000 -0.006770
0.330000 0.460000 -0.006941
0.330000 0.470000 -0.007121
0.330000 0.480000 -0.007349
0.330000 0.490000 -0.007642
0.340000 0.000000 0.008824
0.340000 0.010000 0.008462
0.340000 0.020000 0.008100
0.340000 0.030000 0.007738
0.340000 0.040000 0.007377
0.340000 0.050000 0.007017
0.340000 0.060000 0.006656
0.340000 0.070000 0.006296
0.340000 0.080000 0.005935
0.340000 0.090000 0.005575
0.340000 0.100000 0.005213
0.340000 0.110000 0.004851
0.340000 0.120000 0.004489
0.340000 0.130000 0.004126
0.340000 0.140000 0.003762
0.340000 0.150000 0.003398
0.340000 0.160000 0.003034
0.340000 0.170000 0.002669
0.340000 0.180000 0.002304
0.340000 0.190000 0.001939
0.340000 0.200000 0.001573
0.340000 0.210000 0.001208
0.340000 0.220000 0.000842
0.340000 0.230000 0.000476
0.340000 0.240000 0.000110
0.340000 0.250000 -0.000256
0.340000 0.260000 -0.000623
0.340000 0.270000 -0.000989
0.340000 0.280000 -0.001354
0.340000 0.290000 -0.001720
0.340000 0.300000 -0.002084
0.340000 0.310000 -0.002447
0.340000 0.320000 -0.002807
0.340000 0.330000 -0.003164
0.340000 0.340000 -0.003515
0.340000 0.350000 -0.003860
0.340000 0.360000 -0.004198
0.340000 0.370000 -0.004528
0.340000 0.380000 -0.004850
0.340000 0.390000 -0.005165
0.340000 0.400000 -0.005472
0.340000 0.410000 -0.005770
0.340000 0.420000 -0.006056
0.340000 0.430000 -0.006325
0.340000 0.440000 -0.006574
0.340000 0.450000 -0.006806
0.340000 0.460000 -0.007031
0.340000 0.470000 -0.007268
0.340000 0.480000 -0.007536
0.340000 0.490000 -0.007848
0.350000 0.000000 0.008828
0.350000 0.010000 0.008465
0.350000 0.020000 0.008103
0.350000 0.030000 0.007742
0.350000 0.040000 0.007380
0.350000 0.050000 0.007019
0.350000 0.060000 0.006658
0.350000 0.070000 0.006297
0.350000 0.080000 0.005936
0.350000 0.090000 0.005575
0.350000 0.100000 0.005214
0.350000 0.110000 0.004852
0.350000 0.120000 0.004489
0.350000 0.130000 0.004126
0.350000 0.140000 0.003763
0.350000 0.150000 0.003400
0.350000 0.160000 0.003036
0.350000 0.170000 0.002672
0.350000 0.180000 0.002307
0.350000 0.190000 0.001943
0.350000 0.200000 0.001578
0.350000 0.210000 0.001213
0.350000 0.220000 0.000848
0.350000 0.230000 0.000483
0.350000 0.240000 0.000119
0.350000 0.250000 -0.000246
0.350000 0.260000 -0.000610
0.350000 0.270000 -0.000974
0.350000 0.280000 -0.001338
0.350000 0.290000 -0.001701
0.350000 0.300000 -0.002062
0.350000 0.310000 -0.002421
0.350000 0.320000 -0.002778
0.350000 0.330000 -0.003132
0.350000 0.340000 -0.003481
0.350000 0.350000 -0.003824
0.350000 0.360000 -0.004161
0.350000 0.370000 -0.004492
0.350000 0.380000 -0.004816
0.350000 0.390000 -0.005133
0.350000 0.400000 -0.005443
0.350000 0.410000 -0.005745
0.350000 0.420000 -0.006037
0.350000 0.430000 -0.006318
0.350000 0.440000 -0.006587
0.350000 0.450000 -0.006849
0.350000 0.460000 -0.007110
0.350000 0.470000 -0.007382
0.350000 0.480000 -0.007678
0.350000 0.490000 -0.008004
0.360000 0.000000 0.008831
0.360000 0.010000 0.008469
0.360000 0.020000 0.008107
0.360000 0.030000 0.007745
0.360000 0.040000 0.007383
0.360000 0.050000 0.007022
0.360000 0.060000 0.006660
0.360000 0.070000 0.006299
0.360000 0.080000 0.005938
0.360000 0.090000 0.005576
0.360000 0.100000 0.005214
0.360000 0.110000 0.004852
0.360000 0.120000 0.004490
0.360000 0.130000 0.004127
0.360000 0.140000 0.003765
0.360000 0.150000 0.003401
0.360000 0.160000 0.003038
0.360000 0.170000 0.002674
0.360000 0.180000 0.002311
0.360000 0.190000 0.001947
0.360000 0.200000 0.001583
0.360000 0.210000 0.001219
0.360000 0.220000 0.000855
0.360000 0.230000 0.000491
0.360000 0.240000 0.000128
0.360000 0.250000 -0.000236
0.360000 0.260000 -0.000599
0.360000 0.270000 -0.000961
0.360000 0.280000 -0.001322
0.360000 0.290000 -0.001683
0.360000 0.300000 -0.002042
0.360000 0.310000 -0.002399
0.360000 0.320000 -0.002753
0.360000 0.330000 -0.003104
0.360000 0.340000 -0.003452
0.360000 0.350000 -0.003794
0.360000 0.360000 -0.004131
0.360000 0.370000 -0.004463
0.360000 0.380000 -0.004789
0.360000 0.390000 -0.005109
0.360000 0.400000 -0.005422
0.360000 0.410000 -0.005729
0.360000 0.420000 -0.006029
0.360000 0.430000 -0.006322
0.360000 0.440000 -0.006608
0.360000 0.450000 -0.006892
0.360000 0.460000 -0.007178
0.360000 0.470000 -0.007474
0.360000 0.480000 -0.007788
0.360000 0.490000 -0.008124
0.370000 0.000000 0.008834
0.370000 0.010000 0.008472
0.370000 0.020000 0.008109
0.370000 0.030000 0.007747
0.370000 0.040000 0.007385
0.370000 0.050000 0.007024
0.370000 0.060000 0.006662
0.370000 0.070000 0.006301
0.370000 0.080000 0.005939
0.370000 0.090000 0.005577
0.370000 0.100000 0.005215
0.370000 0.110000 0.004853
0.370000 0.120000 0.004491
0.370000 0.130000 0.004129
0.370000 0.140000 0.003766
0.370000 0.150000 0.003403
0.370000 0.160000 0.003040
0.370000 0.170000 0.002677
0.370000 0.180000 0.002314
0.370000 0.190000 0.001951
0.370000 0.200000 0.001588
0.370000 0.210000 0.001224
0.370000 0.220000 0.000861
0.370000 0.230000 0.000499
0.370000 0.240000 0.000136
0.370000 0.250000 -0.000226
0.370000 0.260000 -0.000587
0.370000 0.270000 -0.000948
0.370000 0.280000 -0.001308
0.370000 0.290000 -0.001667
0.370000 0.300000 -0.002024
0.370000 0.310000 -0.002379
0.370000 0.320000 -0.002731
0.370000 0.330000 -0.003081
0.370000 0.340000 -0.003427
0.370000 0.350000 -0.003769
0.370000 0.360000 -0.004107
0.370000 0.370000 -0.004440
0.370000 0.380000 -0.004768
0.370000 0.390000 -0.005091
0.370000 0.400000 -0.005408
0.370000 0.410000 -0.005721
0.370000 0.420000 -0.006029
0.370000 0.430000 -0.006332
0.370000 0.440000 -0.006632
0.370000 0.450000 -0.006932
0.370000 0.460000 -0.007236
0.370000 0.470000 -0.007548
0.370000 0.480000 -0.007874
0.370000 0.490000 -0.008218
0.380000 0.000000 0.008837
0.380000 0.010000 0.008474
0.380000 0.020000 0.008112
0.380000 0.030000 0.007749
0.380000 0.040000 0.007387
0.380000 0.050000 0.007026
0.380000 0.060000 0.006664
0.380000 0.070000 0.006302
0.380000 0.080000 0.005940
0.380000 0.090000 0.005579
0.380000 0.100000 0.005217
0.380000 0.110000 0.004855
0.380000 0.120000 0.004493
0.380000 0.130000 0.004130
0.380000 0.140000 0.003768
0.380000 0.150000 0.003405
0.380000 0.160000 0.003043
0.380000 0.170000 0.002680
0.380000 0.180000 0.002317
0.380000 0.190000 0.001955
0.380000 0.200000 0.001592
0.380000 0.210000 0.001230
0.380000 0.220000 0.000868
0.380000 0.230000 0.000506
0.380000 0.240000 0.000144
0.380000 0.250000 -0.000217
0.380000 0.260000 -0.000577
0.380000 0.270000 -0.000936
0.380000 0.280000 -0.001295
0.380000 0.290000 -0.001652
0.380000 0.300000 -0.002007
0.380000 0.310000 -0.002361
0.380000 0.320000 -0.002712
0.380000 0.330000 -0.003061
0.380000 0.340000 -0.003406
0.380000 0.350000 -0.003749
0.380000 0.360000 -0.004087
0.380000 0.370000 -0.004421
0.380000 0.380000 -0.004751
0.380000 0.390000 -0.005077
0.380000 0.400000 -0.005399
0.380000 0.410000 -0.005718
0.380000 0.420000 -0.006032
0.380000 0.430000 -0.006345
0.380000 0.440000 -0.006656
0.380000 0.450000 -0.006968
0.380000 0.460000 -0.007285
0.380000 0.470000 -0.007609
0.380000 0.480000 -0.007944
0.380000 0.490000 -0.008292
0.390000 0.000000 0.008839
0.390000 0.010000 0.008476
0.390000 0.020000 0.008114
0.390000 0.030000 0.007752
0.390000 0.040000 0.007389
0.390000 0.050000 0.007027
0.390000 0.060000 0.006665
0.390000 0.070000 0.006304
0.390000 0.080000 0.005942
0.390000 0.090000 0.005580
0.390000 0.100000 0.005218
0.390000 0.110000 0.004856
0.390000 0.120000 0.004494
0.390000 0.130000 0.004132
0.390000 0.140000 0.003770
0.390000 0.150000 0.003407
0.390000 0.160000 0.003045
0.390000 0.170000 0.002683
0.390000 0.180000 0.002321
0.390000 0.190000 0.001959
0.390000 0.200000 0.001597
0.390000 0.210000 0.001235
0.390000 0.220000 0.000874
0.390000 0.230000 0.000513
0.390000 0.240000 0.000152
0.390000 0.250000 -0.000208
0.390000 0.260000 -0.000567
0.390000 0.270000 -0.000926
0.390000 0.280000 -0.001283
0.390000 0.290000 -0.001639
0.390000 0.300000 -0.001993
0.390000 0.310000 -0.002346
0.390000 0.320000 -0.002696
0.390000 0.330000 -0.003044
0.390000 0.340000 -0.003389
0.390000 0.350000 -0.003732
0.390000 0.360000 -0.004071
0.390000 0.370000 -0.004407
0.390000 0.380000 -0.004739
0.390000 0.390000 -0.005068
0.390000 0.400000 -0.005394
0.390000 0.410000 -0.005718
0.390000 0.420000 -0.006039
0.390000 0.430000 -0.006359
0.390000 0.440000 -0.006679
0.390000 0.450000 -0.007000
0.390000 0.460000 -0.007326
0.390000 0.470000 -0.007659
0.390000 0.480000 -0.008000
0.390000 0.490000 -0.008351
0.400000 0.000000 0.008841
0.400000 0.010000 0.008478
0.400000 0.020000 0.008116
0.400000 0.030000 0.007753
0.400000 0.040000 0.007391
0.400000 0.050000 0.007029
0.400000 0.060000 0.006667
0.400000 0.070000 0.006305
0.400000 0.080000 0.005943
0.400000 0.090000 0.005581
0.400000 0.100000 0.005219
0.400000 0.110000 0.004857
0.400000 0.120000 0.004495
0.400000 0.130000 0.004133
0.400000 0.140000 0.003771
0.400000 0.150000 0.003409
0.400000 0.160000 0.003048
0.400000 0.170000 0.002686
0.400000 0.180000 0.002324
0.400000 0.190000 0.001962
0.400000 0.200000 0.001601
0.400000 0.210000 0.001240
0.400000 0.220000 0.000879
0.400000 0.230000 0.000519
0.400000 0.240000 0.000159
0.400000 0.250000 -0.000200
0.400000 0.260000 -0.000558
0.400000 0.270000 -0.000916
0.400000 0.280000 -0.001272
0.400000 0.290000 -0.001627
0.400000 0.300000 -0.001981
0.400000 0.310000 -0.002332
0.400000 0.320000 -0.002682
0.400000 0.330000 -0.003030
0.400000 0.340000 -0.003375
0.400000 0.350000 -0.003718
0.400000 0.360000 -0.004058
0.400000 0.370000 -0.004395
0.400000 0.380000 -0.004730
0.400000 0.390000 -0.005062
0.400000 0.400000 -0.005392
0.400000 0.410000 -0.005720
0.400000 0.420000 -0.006046
0.400000 0.430000 -0.006372
0.400000 0.440000 -0.006699
0.400000 0.450000 -0.007028
0.400000 0.460000 -0.007361
0.400000 0.470000 -0.007700
0.400000 0.480000 -0.008045
0.400000 0.490000 -0.008399
0.410000 0.000000 0.008843
0.410000 0.010000 0.008480
0.410000 0.020000 0.008117
0.410000 0.030000 0.007755
0.410000 0.040000 0.007393
0.410000 0.050000 0.007030
0.410000 0.060000 0.006668
0.410000 0.070000 0.006306
0.410000 0.080000 0.005944
0.410000 0.090000 0.005582
0.410000 0.100000 0.005221
0.410000 0.110000 0.004859
0.410000 0.120000 0.004497
0.410000 0.130000 0.004135
0.410000 0.140000 0.003773
0.410000 0.150000 0.003411
0.410000 0.160000 0.003050
0.410000 0.170000 0.002688
0.410000 0.180000 0.002327
0.410000 0.190000 0.001966
0.410000 0.200000 0.001605
0.410000 0.210000 0.001244
0.410000 0.220000 0.000884
0.410000 0.230000 0.000525
0.410000 0.240000 0.000166
0.410000 0.250000 -0.000193
0.410000 0.260000 -0.000550
0.410000 0.270000 -0.000907
0.410000 0.280000 -0.001263
0.410000 0.290000 -0.001617
0.410000 0.300000 -0.001970
0.410000 0.310000 -0.002321
0.410000 0.320000 -0.002671
0.410000 0.330000 -0.003018
0.410000 0.340000 -0.003364
0.410000 0.350000 -0.003707
0.410000 0.360000 -0.004048
0.410000 0.370000 -0.004387
0.410000 0.380000 -0.004723
0.410000 0.390000 -0.005058
0.410000 0.400000 -0.005391
0.410000 0.410000 -0.005723
0.410000 0.420000 -0.006054
0.410000 0.430000 -0.006385
0.410000 0.440000 -0.006718
0.410000 0.450000 -0.007052
0.410000 0.460000 -0.007391
0.410000 0.470000 -0.007734
0.410000 0.480000 -0.008083
0.410000 0.490000 -0.008438
0.420000 0.000000 0.008844
0.420000 0.010000 0.008481
0.420000 0.020000 0.008119
0.420000 0.030000 0.007756
0.420000 0.040000 0.007394
0.420000 0.050000 0.007032
0.420000 0.060000 0.006670
0.420000 0.070000 0.006307
0.420000 0.080000 0.005946
0.420000 0.090000 0.005584
0.420000 0.100000 0.005222
0.420000 0.110000 0.004860
0.420000 0.120000 0.004498
0.420000 0.130000 0.004137
0.420000 0.140000 0.003775
0.420000 0.150000 0.003413
0.420000 0.160000 0.003052
0.420000 0.170000 0.002691
0.420000 0.180000 0.002330
0.420000 0.190000 0.001969
0.420000 0.200000 0.001609
0.420000 0.210000 0.001249
0.420000 0.220000 0.000889
0.420000 0.230000 0.000530
0.420000 0.240000 0.000171
0.420000 0.250000 -0.000186
0.420000 0.260000 -0.000543
0.420000 0.270000 -0.000899
0.420000 0.280000 -0.001254
0.420000 0.290000 -0.001608
0.420000 0.300000 -0.001961
0.420000 0.310000 -0.002312
0.420000 0.320000 -0.002661
0.420000 0.330000 -0.003008
0.420000 0.340000 -0.003354
0.420000 0.350000 -0.003698
0.420000 0.360000 -0.004040
0.420000 0.370000 -0.004380
0.420000 0.380000 -0.004719
0.420000 0.390000 -0.005056
0.420000 0.400000 -0.005392
0.420000 0.410000 -0.005727
0.420000 0.420000 -0.006062
0.420000 0.430000 -0.006397
0.420000 0.440000 -0.006734
0.420000 0.450000 -0.007073
0.420000 0.460000 -0.007415
0.420000 0.470000 -0.007762
0.420000 0.480000 -0.008113
0.420000 0.490000 -0.008470
0.430000 0.000000 0.008846
0.430000 0.010000 0.008483
0.430000 0.020000 0.008120
0.430000 0.030000 0.007758
0.430000 0.040000 0.007395
0.430000 0.050000 0.007033
0.430000 0.060000 0.006671
0.430000 0.070000 0.006309
0.430000 0.080000 0.005947
0.430000 0.090000 0.005585
0.430000 0.100000 0.005223
0.430000 0.110000 0.004861
0.430000 0.120000 0.004499
0.430000 0.130000 0.004138
0.430000 0.140000 0.003776
0.430000 0.150000 0.003415
0.430000 0.160000 0.003054
0.430000 0.170000 0.002693
0.430000 0.180000 0.002332
0.430000 0.190000 0.001972
0.430000 0.200000 0.001612
0.430000 0.210000 0.001252
0.430000 0.220000 0.000893
0.430000 0.230000 0.000534
0.430000 0.240000 0.000176
0.430000 0.250000 -0.000181
0.430000 0.260000 -0.000537
0.430000 0.270000 -0.000893
0.430000 0.280000 -0.001247
0.430000 0.290000 -0.001601
0.430000 0.300000 -0.001953
0.430000 0.310000 -0.002303
0.430000 0.320000 -0.002653
0.430000 0.330000 -0.003000
0.430000 0.340000 -0.003347
0.430000 0.350000 -0.003691
0.430000 0.360000 -0.004034
0.430000 0.370000 -0.004375
0.430000 0.380000 -0.004716
0.430000 0.390000 -0.005055
0.430000 0.400000 -0.005393
0.430000 0.410000 -0.005731
0.430000 0.420000 -0.006069
0.430000 0.430000 -0.006408
0.430000 0.440000 -0.006748
0.430000 0.450000 -0.007090
0.430000 0.460000 -0.007435
0.430000 0.470000 -0.007784
0.430000 0.480000 -0.008138
0.430000 0.490000 -0.008495
0.440000 0.000000 0.008847
0.440000 0.010000 0.008484
0.440000 0.020000 0.008121
0.440000 0.030000 0.007759
0.440000 0.040000 0.007396
0.440000 0.050000 0.007034
0.440000 0.060000 0.006672
0.440000 0.070000 0.006310
0.440000 0.080000 0.005948
0.440000 0.090000 0.005586
0.440000 0.100000 0.005224
0.440000 0.110000 0.004862
0.440000 0.120000 0.004501
0.440000 0.130000 0.004139
0.440000 0.140000 0.003778
0.440000 0.150000 0.003417
0.440000 0.160000 0.003056
0.440000 0.170000 0.002695
0.440000 0.180000 0.002335
0.440000 0.190000 0.001974
0.440000 0.200000 0.001615
0.440000 0.210000 0.001255
0.440000 0.220000 0.000897
0.440000 0.230000 0.000538
0.440000 0.240000 0.000181
0.440000 0.250000 -0.000176
0.440000 0.260000 -0.000532
0.440000 0.270000 -0.000887
0.440000 0.280000 -0.001241
0.440000 0.290000 -0.001594
0.440000 0.300000 -0.001946
0.440000 0.310000 -0.002297
0.440000 0.320000 -0.002646
0.440000 0.330000 -0.002994
0.440000 0.340000 -0.003340
0.440000 0.350000 -0.003686
0.440000 0.360000 -0.004029
0.440000 0.370000 -0.004372
0.440000 0.380000 -0.004714
0.440000 0.390000 -0.005054
0.440000 0.400000 -0.005395
0.440000 0.410000 -0.005735
0.440000 0.420000 -0.006075
0.440000 0.430000 -0.006417
0.440000 0.440000 -0.006759
0.440000 0.450000 -0.007104
0.440000 0.460000 -0.007452
0.440000 0.470000 -0.007803
0.440000 0.480000 -0.008157
0.440000 0.490000 -0.008516
0.450000 0.000000 0.008848
0.450000 0.010000 0.008485
0.450000 0.020000 0.008122
0.450000 0.030000 0.007759
0.450000 0.040000 0.007397
0.450000 0.050000 0.007035
0.450000 0.060000 0.006672
0.450000 0.070000 0.006310
0.450000 0.080000 0.005948
0.450000 0.090000 0.005587
0.450000 0.100000 0.005225
0.450000 0.110000 0.004863
0.450000 0.120000 0.004502
0.450000 0.130000 0.004140
0.450000 0.140000 0.003779
0.450000 0.150000 0.003418
0.450000 0.160000 0.003057
0.450000 0.170000 0.002697
0.450000 0.180000 0.002336
0.450000 0.190000 0.001977
0.450000 0.200000 0.001617
0.450000 0.210000 0.001258
0.450000 0.220000 0.000900
0.450000 0.230000 0.000542
0.450000 0.240000 0.000184
0.450000 0.250000 -0.000172
0.450000 0.260000 -0.000528
0.450000 0.270000 -0.000883
0.450000 0.280000 -0.001237
0.450000 0.290000 -0.001589
0.450000 0.300000 -0.001941
0.450000 0.310000 -0.002292
0.450000 0.320000 -0.002641
0.450000 0.330000 -0.002989
0.450000 0.340000 -0.003336
0.450000 0.350000 -0.003681
0.450000 0.360000 -0.004026
0.450000 0.370000 -0.004369
0.450000 0.380000 -0.004712
0.450000 0.390000 -0.005054
0.450000 0.400000 -0.005396
0.450000 0.410000 -0.005738
0.450000 0.420000 -0.006081
0.450000 0.430000 -0.006424
0.450000 0.440000 -0.006769
0.450000 0.450000 -0.007116
0.450000 0.460000 -0.007465
0.450000 0.470000 -0.007817
0.450000 0.480000 -0.008173
0.450000 0.490000 -0.008532
0.460000 0.000000 0.008848
0.460000 0.010000 0.008485
0.460000 0.020000 0.008123
0.460000 0.030000 0.007760
0.460000 0.040000 0.007398
0.460000 0.050000 0.007035
0.460000 0.060000 0.006673
0.460000 0.070000 0.006311
0.460000 0.080000 0.005949
0.460000 0.090000 0.005587
0.460000 0.100000 0.005225
0.460000 0.110000 0.004864
0.460000 0.120000 0.004502
0.460000 0.130000 0.004141
0.460000 0.140000 0.003780
0.460000 0.150000 0.003419
0.460000 0.160000 0.003058
0.460000 0.170000 0.002698
0.460000 0.180000 0.002338
0.460000 0.190000 0.001978
0.460000 0.200000 0.001619
0.460000 0.210000 0.001260
0.460000 0.220000 0.000902
0.460000 0.230000 0.000544
0.460000 0.240000 0.000187
0.460000 0.250000 -0.000169
0.460000 0.260000 -0.000525
0.460000 0.270000 -0.000879
0.460000 0.280000 -0.001233
0.460000 0.290000 -0.001585
0.460000 0.300000 -0.001937
0.460000 0.310000 -0.002288
0.460000 0.320000 -0.002637
0.460000 0.330000 -0.002985
0.460000 0.340000 -0.003332
0.460000 0.350000 -0.003678
0.460000 0.360000 -0.004023
0.460000 0.370000 -0.004368
0.460000 0.380000 -0.004711
0.460000 0.390000 -0.005055
0.460000 0.400000 -0.005398
0.460000 0.410000 -0.005741
0.460000 0.420000 -0.006085
0.460000 0.430000 -0.006430
0.460000 0.440000 -0.006776
0.460000 0.450000 -0.007125
0.460000 0.460000 -0.007475
0.460000 0.470000 -0.007829
0.460000 0.480000 -0.008185
0.460000 0.490000 -0.008545
0.470000 0.000000 0.008849
0.470000 0.010000 0.008486
0.470000 0.020000 0.008123
0.470000 0.030000 0.007761
0.470000 0.040000 0.007398
0.470000 0.050000 0.007036
0.470000 0.060000 0.006674
0.470000 0.070000 0.006311
0.470000 0.080000 0.005950
0.470000 0.090000 0.005588
0.470000 0.100000 0.005226
0.470000 0.110000 0.004864
0.470000 0.120000 0.004503
0.470000 0.130000 0.004142
0.470000 0.140000 0.003781
0.470000 0.150000 0.003420
0.470000 0.160000 0.003059
0.470000 0.170000 0.002699
0.470000 0.180000 0.002339
0.470000 0.190000 0.001980
0.470000 0.200000 0.001621
0.470000 0.210000 0.001262
0.470000 0.220000 0.000904
0.470000 0.230000 0.000546
0.470000 0.240000 0.000189
0.470000 0.250000 -0.000167
0.470000 0.260000 -0.000522
0.470000 0.270000 -0.000876
0.470000 0.280000 -0.001230
0.470000 0.290000 -0.001583
0.470000 0.300000 -0.001934
0.470000 0.310000 -0.002285
0.470000 0.320000 -0.002634
0.470000 0.330000 -0.002982
0.470000 0.340000 -0.003330
0.470000 0.350000 -0.003676
0.470000 0.360000 -0.004022
0.470000 0.370000 -0.004366
0.470000 0.380000 -0.004711
0.470000 0.390000 -0.005055
0.470000 0.400000 -0.005399
0.470000 0.410000 -0.005743
0.470000 0.420000 -0.006088
0.470000 0.430000 -0.006434
0.470000 0.440000 -0.006782
0.470000 0.450000 -0.007131
0.470000 0.460000 -0.007483
0.470000 0.470000 -0.007837
0.470000 0.480000 -0.008194
0.470000 0.490000 -0.008554
0.480000 0.000000 0.008849
0.480000 0.010000 0.008486
0.480000 0.020000 0.008124
0.480000 0.030000 0.007761
0.480000 0.040000 0.007398
0.480000 0.050000 0.007036
0.480000 0.060000 0.006674
0.480000 0.070000 0.006312
0.480000 0.080000 0.005950
0.480000 0.090000 0.005588
0.480000 0.100000 0.005226
0.480000 0.110000 0.004865
0.480000 0.120000 0.004503
0.480000 0.130000 0.004142
0.480000 0.140000 0.003781
0.480000 0.150000 0.003421
0.480000 0.160000 0.003060
0.480000 0.170000 0.002700
0.480000 0.180000 0.002340
0.480000 0.190000 0.001981
0.480000 0.200000 0.001621
0.480000 0.210000 0.001263
0.480000 0.220000 0.000905
0.480000 0.230000 0.000548
0.480000 0.240000 0.000191
0.480000 0.250000 -0.000165
0.480000 0.260000 -0.000520
0.480000 0.270000 -0.000875
0.480000 0.280000 -0.001228
0.480000 0.290000 -0.001581
0.480000 0.300000 -0.001932
0.480000 0.310000 -0.002283
0.480000 0.320000 -0.002632
0.480000 0.330000 -0.002980
0.480000 0.340000 -0.003328
0.480000 0.350000 -0.003675
0.480000 0.360000 -0.004020
0.480000 0.370000 -0.004366
0.480000 0.380000 -0.004710
0.480000 0.390000 -0.005055
0.480000 0.400000 -0.005400
0.480000 0.410000 -0.005745
0.480000 0.420000 -0.006090
0.480000 0.430000 -0.006437
0.480000 0.440000 -0.006786
0.480000 0.450000 -0.007136
0.480000 0.460000 -0.007488
0.480000 0.470000 -0.007842
0.480000 0.480000 -0.008199
0.480000 0.490000 -0.008559
0.490000 0.000000 0.008849
0.490000 0.010000 0.008486
0.490000 0.020000 0.008124
0.490000 0.030000 0.007761
0.490000 0.040000 0.007399
0.490000 0.050000 0.007036
0.490000 0.060000 0.006674
0.490000 0.070000 0.006312
0.490000 0.080000 0.005950
0.490000 0.090000 0.005588
0.490000 0.100000 0.005227
0.490000 0.110000 0.004865
0.490000 0.120000 0.004504
0.490000 0.130000 0.004142
0.490000 0.140000 0.003782
0.490000 0.150000 0.003421
0.490000 0.160000 0.003060
0.490000 0.170000 0.002700
0.490000 0.180000 0.002340
0.490000 0.190000 0.001981
0.490000 0.200000 0.001622
0.490000 0.210000 0.001264
0.490000 0.220000 0.000906
0.490000 0.230000 0.000548
0.490000 0.240000 0.000192
0.490000 0.250000 -0.000164
0.490000 0.260000 -0.000520
0.490000 0.270000 -0.000874
0.490000 0.280000 -0.001227
0.490000 0.290000 -0.001580
0.490000 0.300000 -0.001931
0.490000 0.310000 -0.002282
0.490000 0.320000 -0.002631
0.490000 0.330000 -0.002980
0.490000 0.340000 -0.003327
0.490000 0.350000 -0.003674
0.490000 0.360000 -0.004020
0.490000 0.370000 -0.004365
0.490000 0.380000 -0.004710
0.490000 0.390000 -0.005055
0.490000 0.400000 -0.005400
0.490000 0.410000 -0.005745
0.490000 0.420000 -0.006092
0.490000 0.430000 -0.006439
0.490000 0.440000 -0.006787
0.490000 0.450000 -0.007138
0.490000 0.460000 -0.007490
0.490000 0.470000 -0.007845
0.490000 0.480000 -0.008202
0.490000 0.490000 -0.008562
