0.000000 0.000000 0.000000
0.000000 0.010000 0.000000
0.000000 0.020000 0.000000
0.000000 0.030000 0.000000
0.000000 0.040000 0.000000
0.000000 0.050000 0.000000
0.000000 0.060000 0.000000
0.000000 0.070000 0.000000
0.000000 0.080000 0.000000
0.000000 0.090000 0.000000
0.000000 0.100000 0.000000
0.000000 0.110000 0.000000
0.000000 0.120000 0.000000
0.000000 0.130000 0.000000
0.000000 0.140000 0.000000
0.000000 0.150000 0.000000
0.000000 0.160000 0.000000
0.000000 0.170000 0.000000
0.000000 0.180000 0.000000
0.000000 0.190000 0.000000
0.000000 0.200000 0.000000
0.000000 0.210000 0.000000
0.000000 0.220000 0.000000
0.000000 0.230000 0.000000
0.000000 0.240000 0.000000
0.000000 0.250000 0.000000
0.000000 0.260000 0.000000
0.000000 0.270000 0.000000
0.000000 0.280000 0.000000
0.000000 0.290000 0.000000
0.000000 0.300000 0.000000
0.000000 0.310000 0.000000
0.000000 0.320000 0.000000
0.000000 0.330000 0.000000
0.000000 0.340000 0.000000
0.000000 0.350000 0.000000
0.000000 0.360000 0.000000
0.000000 0.370000 0.000000
0.000000 0.380000 0.000000
0.000000 0.390000 0.000000
0.000000 0.400000 0.000000
0.000000 0.410000 0.000000
0.000000 0.420000 0.000000
0.000000 0.430000 0.000000
0.000000 0.440000 0.000000
0.000000 0.450000 0.000000
0.000000 0.460000 0.000000
0.000000 0.470000 0.000000
0.000000 0.480000 0.000000
0.000000 0.490000 0.000000
0.010000 0.000000 0.000000
0.010000 0.010000 0.000000
0.010000 0.020000 0.000000
0.010000 0.030000 0.000000
0.010000 0.040000 0.000000
0.010000 0.050000 0.000000
0.010000 0.060000 0.000000
0.010000 0.070000 0.000000
0.010000 0.080000 0.000000
0.010000 0.090000 0.000000
0.010000 0.100000 0.000000
0.010000 0.110000 0.000000
0.010000 0.120000 0.000000
0.010000 0.130000 0.000000
0.010000 0.140000 0.000000
0.010000 0.150000 0.000000
0.010000 0.160000 0.000000
0.010000 0.170000 0.000000
0.010000 0.180000 0.000000
0.010000 0.190000 0.000000
0.010000 0.200000 0.000000
0.010000 0.210000 0.000000
0.010000 0.220000 0.000000
0.010000 0.230000 0.000000
0.010000 0.240000 0.000000
0.010000 0.250000 0.000000
0.010000 0.260000 0.000000
0.010000 0.270000 0.000000
0.010000 0.280000 0.000000
0.010000 0.290000 0.000000
0.010000 0.300000 0.000000
0.010000 0.310000 0.000000
0.010000 0.320000 0.000000
0.010000 0.330000 0.000000
0.010000 0.340000 0.000000
0.010000 0.350000 0.000000
0.010000 0.360000 0.000000
0.010000 0.370000 0.000000
0.010000 0.380000 0.000000
0.010000 0.390000 0.000000
0.010000 0.400000 0.000000
0.010000 0.410000 0.000000
0.010000 0.420000 0.000000
0.010000 0.430000 0.000000
0.010000 0.440000 0.000000
0.010000 0.450000 0.000000
0.010000 0.460000 0.000000
0.010000 0.470000 0.000000
0.010000 0.480000 0.000000
0.010000 0.490000 0.000000
0.020000 0.000000 0.000000
0.020000 0.010000 0.000000
0.020000 0.020000 0.000000
0.020000 0.030000 0.000000
0.020000 0.040000 0.000000
0.020000 0.050000 0.000000
0.020000 0.060000 0.000000
0.020000 0.070000 0.000000
0.020000 0.080000 0.000000
0.020000 0.090000 0.000000
0.020000 0.100000 0.000000
0.020000 0.110000 0.000000
0.020000 0.120000 0.000000
0.020000 0.130000 0.000000
0.020000 0.140000 0.000000
0.020000 0.150000 0.000000
0.020000 0.160000 0.000000
0.020000 0.170000 0.000000
0.020000 0.180000 0.000000
0.020000 0.190000 0.000000
0.020000 0.200000 0.000000
0.020000 0.210000 0.000000
0.020000 0.220000 0.000000
0.020000 0.230000 0.000000
0.020000 0.240000 0.000000
0.020000 0.250000 0.000000
0.020000 0.260000 0.000000
0.020000 0.270000 0.000000
0.020000 0.280000 0.000000
0.020000 0.290000 0.000000
0.020000 0.300000 0.000000
0.020000 0.310000 0.000000
0.020000 0.320000 0.000000
0.020000 0.330000 0.000000
0.020000 0.340000 0.000000
0.020000 0.350000 0.000000
0.020000 0.360000 0.000000
0.020000 0.370000 0.000000
0.020000 0.380000 0.000000
0.020000 0.390000 0.000000
0.020000 0.400000 0.000000
0.020000 0.410000 0.000000
0.020000 0.420000 0.000000
0.020000 0.430000 0.000000
0.020000 0.440000 0.000000
0.020000 0.450000 0.000000
0.020000 0.460000 0.000000
0.020000 0.470000 0.000000
0.020000 0.480000 0.000000
0.020000 0.490000 0.000000
0.030000 0.000000 0.000000
0.030000 0.010000 0.000000
0.030000 0.020000 0.000000
0.030000 0.030000 0.000000
0.030000 0.040000 0.000000
0.030000 0.050000 0.000000
0.030000 0.060000 0.000000
0.030000 0.070000 0.000000
0.030000 0.080000 0.000000
0.030000 0.090000 0.000000
0.030000 0.100000 0.000000
0.030000 0.110000 0.000000
0.030000 0.120000 0.000000
0.030000 0.130000 0.000000
0.030000 0.140000 0.000000
0.030000 0.150000 0.000000
0.030000 0.160000 0.000000
0.030000 0.170000 0.000000
0.030000 0.180000 0.000000
0.030000 0.190000 0.000000
0.030000 0.200000 0.000000
0.030000 0.210000 0.000000
0.030000 0.220000 0.000000
0.030000 0.230000 0.000000
0.030000 0.240000 0.000000
0.030000 0.250000 0.000000
0.030000 0.260000 0.000000
0.030000 0.270000 0.000000
0.030000 0.280000 0.000000
0.030000 0.290000 0.000000
0.030000 0.300000 0.000000
0.030000 0.310000 0.000000
0.030000 0.320000 0.000000
0.030000 0.330000 0.000000
0.030000 0.340000 0.000000
0.030000 0.350000 0.000000
0.030000 0.360000 0.000000
0.030000 0.370000 0.000000
0.030000 0.380000 0.000000
0.030000 0.390000 0.000000
0.030000 0.400000 0.000000
0.030000 0.410000 0.000000
0.030000 0.420000 0.000000
0.030000 0.430000 0.000000
0.030000 0.440000 0.000000
0.030000 0.450000 0.000000
0.030000 0.460000 0.000000
0.030000 0.470000 0.000000
0.030000 0.480000 0.000000
0.030000 0.490000 0.000000
0.040000 0.000000 0.000000
0.040000 0.010000 0.000000
0.040000 0.020000 0.000000
0.040000 0.030000 0.000000
0.040000 0.040000 0.000000
0.040000 0.050000 0.000000
0.040000 0.060000 0.000000
0.040000 0.070000 0.000000
0.040000 0.080000 0.000000
0.040000 0.090000 0.000000
0.040000 0.100000 0.000000
0.040000 0.110000 0.000000
0.040000 0.120000 0.000000
0.040000 0.130000 0.000000
0.040000 0.140000 0.000000
0.040000 0.150000 0.000000
0.040000 0.160000 0.000000
0.040000 0.170000 0.000000
0.040000 0.180000 0.000000
0.040000 0.190000 0.000000
0.040000 0.200000 0.000000
0.040000 0.210000 0.000000
0.040000 0.220000 0.000000
0.040000 0.230000 0.000000
0.040000 0.240000 0.000000
0.040000 0.250000 0.000000
0.040000 0.260000 0.000000
0.040000 0.270000 0.000000
0.040000 0.280000 0.000000
0.040000 0.290000 0.000000
0.040000 0.300000 0.000000
0.040000 0.310000 0.000000
0.040000 0.320000 0.000000
0.040000 0.330000 0.000000
0.040000 0.340000 0.000000
0.040000 0.350000 0.000000
0.040000 0.360000 0.000000
0.040000 0.370000 0.000000
0.040000 0.380000 0.000000
0.040000 0.390000 0.000000
0.040000 0.400000 0.000000
0.040000 0.410000 0.000000
0.040000 0.420000 0.000000
0.040000 0.430000 0.000000
0.040000 0.440000 0.000000
0.040000 0.450000 0.000000
0.040000 0.460000 0.000000
0.040000 0.470000 0.000000
0.040000 0.480000 0.000000
0.040000 0.490000 0.000000
0.050000 0.000000 0.000000
0.050000 0.010000 0.000000
0.050000 0.020000 0.000000
0.050000 0.030000 0.000000
0.050000 0.040000 0.000000
0.050000 0.050000 0.000000
0.050000 0.060000 0.000000
0.050000 0.070000 0.000000
0.050000 0.080000 0.000000
0.050000 0.090000 0.000000
0.050000 0.100000 0.000000
0.050000 0.110000 0.000000
0.050000 0.120000 0.000000
0.050000 0.130000 0.000000
0.050000 0.140000 0.000000
0.050000 0.150000 0.000000
0.050000 0.160000 0.000000
0.050000 0.170000 0.000000
0.050000 0.180000 0.000000
0.050000 0.190000 0.000000
0.050000 0.200000 0.000000
0.050000 0.210000 0.000000
0.050000 0.220000 0.000000
0.050000 0.230000 0.000000
0.050000 0.240000 0.000000
0.050000 0.250000 0.000000
0.050000 0.260000 0.000000
0.050000 0.270000 0.000000
0.050000 0.280000 0.000000
0.050000 0.290000 0.000000
0.050000 0.300000 0.000000
0.050000 0.310000 0.000000
0.050000 0.320000 0.000000
0.050000 0.330000 0.000000
0.050000 0.340000 0.000000
0.050000 0.350000 0.000000
0.050000 0.360000 0.000000
0.050000 0.370000 0.000000
0.050000 0.380000 0.000000
0.050000 0.390000 0.000000
0.050000 0.400000 0.000000
0.050000 0.410000 0.000000
0.050000 0.420000 0.000000
0.050000 0.430000 0.000000
0.050000 0.440000 0.000000
0.050000 0.450000 0.000000
0.050000 0.460000 0.000000
0.050000 0.470000 0.000000
0.050000 0.480000 0.000000
0.050000 0.490000 0.000000
0.060000 0.000000 0.000000
0.060000 0.010000 0.000000
0.060000 0.020000 0.000000
0.060000 0.030000 0.000000
0.060000 0.040000 0.000000
0.060000 0.050000 0.000000
0.060000 0.060000 0.000000
0.060000 0.070000 0.000000
0.060000 0.080000 0.000000
0.060000 0.090000 0.000000
0.060000 0.100000 0.000000
0.060000 0.110000 0.000000
0.060000 0.120000 0.000000
0.060000 0.130000 0.000000
0.060000 0.140000 0.000000
0.060000 0.150000 0.000000
0.060000 0.160000 0.000000
0.060000 0.170000 0.000000
0.060000 0.180000 0.000000
0.060000 0.190000 0.000000
0.060000 0.200000 0.000000
0.060000 0.210000 0.000000
0.060000 0.220000 0.000000
0.060000 0.230000 0.000000
0.060000 0.240000 0.000000
0.060000 0.250000 0.000000
0.060000 0.260000 0.000000
0.060000 0.270000 0.000000
0.060000 0.280000 0.000000
0.060000 0.290000 0.000000
0.060000 0.300000 0.000000
0.060000 0.310000 0.000000
0.060000 0.320000 0.000000
0.060000 0.330000 0.000000
0.060000 0.340000 0.000000
0.060000 0.350000 0.000000
0.060000 0.360000 0.000000
0.060000 0.370000 0.000000
0.060000 0.380000 0.000000
0.060000 0.390000 0.000000
0.060000 0.400000 0.000000
0.060000 0.410000 0.000000
0.060000 0.420000 0.000000
0.060000 0.430000 0.000000
0.060000 0.440000 0.000000
0.060000 0.450000 0.000000
0.060000 0.460000 0.000000
0.060000 0.470000 0.000000
0.060000 0.480000 0.000000
0.060000 0.490000 0.000000
0.070000 0.000000 0.000000
0.070000 0.010000 0.000000
0.070000 0.020000 0.000000
0.070000 0.030000 0.000000
0.070000 0.040000 0.000000
0.070000 0.050000 0.000000
0.070000 0.060000 0.000000
0.070000 0.070000 0.000000
0.070000 0.080000 0.000000
0.070000 0.090000 0.000000
0.070000 0.100000 0.000000
0.070000 0.110000 0.000000
0.070000 0.120000 0.000000
0.070000 0.130000 0.000000
0.070000 0.140000 0.000000
0.070000 0.150000 0.000000
0.070000 0.160000 0.000000
0.070000 0.170000 0.000000
0.070000 0.180000 0.000000
0.070000 0.190000 0.000000
0.070000 0.200000 0.000000
0.070000 0.210000 0.000000
0.070000 0.220000 0.000000
0.070000 0.230000 0.000000
0.070000 0.240000 0.000000
0.070000 0.250000 0.000000
0.070000 0.260000 0.000000
0.070000 0.270000 0.000000
0.070000 0.280000 0.000000
0.070000 0.290000 0.000000
0.070000 0.300000 0.000000
0.070000 0.310000 0.000000
0.070000 0.320000 0.000000
0.070000 0.330000 0.000000
0.070000 0.340000 0.000000
0.070000 0.350000 0.000000
0.070000 0.360000 0.000000
0.070000 0.370000 0.000000
0.070000 0.380000 0.000000
0.070000 0.390000 0.000000
0.070000 0.400000 0.000000
0.070000 0.410000 0.000000
0.070000 0.420000 0.000000
0.070000 0.430000 0.000000
0.070000 0.440000 0.000000
0.070000 0.450000 0.000000
0.070000 0.460000 0.000000
0.070000 0.470000 0.000000
0.070000 0.480000 0.000000
0.070000 0.490000 0.000000
0.080000 0.000000 0.000000
0.080000 0.010000 0.000000
0.080000 0.020000 0.000000
0.080000 0.030000 0.000000
0.080000 0.040000 0.000000
0.080000 0.050000 0.000000
0.080000 0.060000 0.000000
0.080000 0.070000 0.000000
0.080000 0.080000 0.000000
0.080000 0.090000 0.000000
0.080000 0.100000 0.000000
0.080000 0.110000 0.000000
0.080000 0.120000 0.000000
0.080000 0.130000 0.000000
0.080000 0.140000 0.000000
0.080000 0.150000 0.000000
0.080000 0.160000 0.000000
0.080000 0.170000 0.000000
0.080000 0.180000 0.000000
0.080000 0.190000 0.000000
0.080000 0.200000 0.000000
0.080000 0.210000 0.000000
0.080000 0.220000 0.000000
0.080000 0.230000 0.000000
0.080000 0.240000 0.000000
0.080000 0.250000 0.000000
0.080000 0.260000 0.000000
0.080000 0.270000 0.000000
0.080000 0.280000 0.000000
0.080000 0.290000 0.000000
0.080000 0.300000 0.000000
0.080000 0.310000 0.000000
0.080000 0.320000 0.000000
0.080000 0.330000 0.000000
0.080000 0.340000 0.000000
0.080000 0.350000 0.000000
0.080000 0.360000 0.000000
0.080000 0.370000 0.000000
0.080000 0.380000 0.000000
0.080000 0.390000 0.000000
0.080000 0.400000 0.000000
0.080000 0.410000 0.000000
0.080000 0.420000 0.000000
0.080000 0.430000 0.000000
0.080000 0.440000 0.000000
0.080000 0.450000 0.000000
0.080000 0.460000 0.000000
0.080000 0.470000 0.000000
0.080000 0.480000 0.000000
0.080000 0.490000 0.000000
0.090000 0.000000 0.000000
0.090000 0.010000 0.000000
0.090000 0.020000 0.000000
0.090000 0.030000 0.000000
0.090000 0.040000 0.000000
0.090000 0.050000 0.000000
0.090000 0.060000 0.000000
0.090000 0.070000 0.000000
0.090000 0.080000 0.000000
0.090000 0.090000 0.000000
0.090000 0.100000 0.000000
0.090000 0.110000 0.000000
0.090000 0.120000 0.000000
0.090000 0.130000 0.000000
0.090000 0.140000 0.000000
0.090000 0.150000 0.000000
0.090000 0.160000 0.000000
0.090000 0.170000 0.000000
0.090000 0.180000 0.000000
0.090000 0.190000 0.000000
0.090000 0.200000 0.000000
0.090000 0.210000 0.000000
0.090000 0.220000 0.000000
0.090000 0.230000 0.000000
0.090000 0.240000 0.000000
0.090000 0.250000 0.000000
0.090000 0.260000 0.000000
0.090000 0.270000 0.000000
0.090000 0.280000 0.000000
0.090000 0.290000 0.000000
0.090000 0.300000 0.000000
0.090000 0.310000 0.000000
0.090000 0.320000 0.000000
0.090000 0.330000 0.000000
0.090000 0.340000 0.000000
0.090000 0.350000 0.000000
0.090000 0.360000 0.000000
0.090000 0.370000 0.000000
0.090000 0.380000 0.000000
0.090000 0.390000 0.000000
0.090000 0.400000 0.000000
0.090000 0.410000 0.000000
0.090000 0.420000 0.000000
0.090000 0.430000 0.000000
0.090000 0.440000 0.000000
0.090000 0.450000 0.000000
0.090000 0.460000 0.000000
0.090000 0.470000 0.000000
0.090000 0.480000 0.000000
0.090000 0.490000 0.000000
0.100000 0.000000 0.000000
0.100000 0.010000 0.000000
0.100000 0.020000 0.000000
0.100000 0.030000 0.000000
0.100000 0.040000 0.000000
0.100000 0.050000 0.000000
0.100000 0.060000 0.000000
0.100000 0.070000 0.000000
0.100000 0.080000 0.000000
0.100000 0.090000 0.000000
0.100000 0.100000 0.000000
0.100000 0.110000 0.000000
0.100000 0.120000 0.000000
0.100000 0.130000 0.000000
0.100000 0.140000 0.000000
0.100000 0.150000 0.000000
0.100000 0.160000 0.000000
0.100000 0.170000 0.000000
0.100000 0.180000 0.000000
0.100000 0.190000 0.000000
0.100000 0.200000 0.000000
0.100000 0.210000 0.000000
0.100000 0.220000 0.000000
0.100000 0.230000 0.000000
0.100000 0.240000 0.000000
0.100000 0.250000 0.000000
0.100000 0.260000 0.000000
0.100000 0.270000 0.000000
0.100000 0.280000 0.000000
0.100000 0.290000 0.000000
0.100000 0.300000 0.000000
0.100000 0.310000 0.000000
0.100000 0.320000 0.000000
0.100000 0.330000 0.000000
0.100000 0.340000 0.000000
0.100000 0.350000 0.000000
0.100000 0.360000 0.000000
0.100000 0.370000 0.000000
0.100000 0.380000 0.000000
0.100000 0.390000 0.000000
0.100000 0.400000 0.000000
0.100000 0.410000 0.000000
0.100000 0.420000 0.000000
0.100000 0.430000 0.000000
0.100000 0.440000 0.000000
0.100000 0.450000 0.000000
0.100000 0.460000 0.000000
0.100000 0.470000 0.000000
0.100000 0.480000 0.000000
0.100000 0.490000 0.000000
0.110000 0.000000 0.000000
0.110000 0.010000 0.000000
0.110000 0.020000 0.000000
0.110000 0.030000 0.000000
0.110000 0.040000 0.000000
0.110000 0.050000 0.000000
0.110000 0.060000 0.000000
0.110000 0.070000 0.000000
0.110000 0.080000 0.000000
0.110000 0.090000 0.000000
0.110000 0.100000 0.000000
0.110000 0.110000 0.000000
0.110000 0.120000 0.000000
0.110000 0.130000 0.000000
0.110000 0.140000 0.000000
0.110000 0.150000 0.000000
0.110000 0.160000 0.000000
0.110000 0.170000 0.000000
0.110000 0.180000 0.000000
0.110000 0.190000 0.000000
0.110000 0.200000 0.000000
0.110000 0.210000 0.000000
0.110000 0.220000 0.000000
0.110000 0.230000 0.000000
0.110000 0.240000 0.000000
0.110000 0.250000 0.000000
0.110000 0.260000 0.000000
0.110000 0.270000 0.000000
0.110000 0.280000 0.000000
0.110000 0.290000 0.000000
0.110000 0.300000 0.000000
0.110000 0.310000 0.000000
0.110000 0.320000 0.000000
0.110000 0.330000 0.000000
0.110000 0.340000 0.000000
0.110000 0.350000 0.000000
0.110000 0.360000 0.000000
0.110000 0.370000 0.000000
0.110000 0.380000 0.000000
0.110000 0.390000 0.000000
0.110000 0.400000 0.000000
0.110000 0.410000 0.000000
0.110000 0.420000 0.000000
0.110000 0.430000 0.000000
0.110000 0.440000 0.000000
0.110000 0.450000 0.000000
0.110000 0.460000 0.000000
0.110000 0.470000 0.000000
0.110000 0.480000 0.000000
0.110000 0.490000 0.000000
0.120000 0.000000 0.000000
0.120000 0.010000 0.000000
0.120000 0.020000 0.000000
0.120000 0.030000 0.000000
0.120000 0.040000 0.000000
0.120000 0.050000 0.000000
0.120000 0.060000 0.000000
0.120000 0.070000 0.000000
0.120000 0.080000 0.000000
0.120000 0.090000 0.000000
0.120000 0.100000 0.000000
0.120000 0.110000 0.000000
0.120000 0.120000 0.000000
0.120000 0.130000 0.000000
0.120000 0.140000 0.000000
0.120000 0.150000 0.000000
0.120000 0.160000 0.000000
0.120000 0.170000 0.000000
0.120000 0.180000 0.000000
0.120000 0.190000 0.000000
0.120000 0.200000 0.000000
0.120000 0.210000 0.000000
0.120000 0.220000 0.000000
0.120000 0.230000 0.000000
0.120000 0.240000 0.000000
0.120000 0.250000 0.000000
0.120000 0.260000 0.000000
0.120000 0.270000 0.000000
0.120000 0.280000 0.000000
0.120000 0.290000 0.000000
0.120000 0.300000 0.000000
0.120000 0.310000 0.000000
0.120000 0.320000 0.000000
0.120000 0.330000 0.000000
0.120000 0.340000 0.000000
0.120000 0.350000 0.000000
0.120000 0.360000 0.000000
0.120000 0.370000 0.000000
0.120000 0.380000 0.000000
0.120000 0.390000 0.000000
0.120000 0.400000 0.000000
0.120000 0.410000 0.000000
0.120000 0.420000 0.000000
0.120000 0.430000 0.000000
0.120000 0.440000 0.000000
0.120000 0.450000 0.000000
0.120000 0.460000 0.000000
0.120000 0.470000 0.000000
0.120000 0.480000 0.000000
0.120000 0.490000 0.000000
0.130000 0.000000 0.000000
0.130000 0.010000 0.000000
0.130000 0.020000 0.000000
0.130000 0.030000 0.000000
0.130000 0.040000 0.000000
0.130000 0.050000 0.000000
0.130000 0.060000 0.000000
0.130000 0.070000 0.000000
0.130000 0.080000 0.000000
0.130000 0.090000 0.000000
0.130000 0.100000 0.000000
0.130000 0.110000 0.000000
0.130000 0.120000 0.000000
0.130000 0.130000 0.000000
0.130000 0.140000 0.000000
0.130000 0.150000 0.000000
0.130000 0.160000 0.000000
0.130000 0.170000 0.000000
0.130000 0.180000 0.000000
0.130000 0.190000 0.000000
0.130000 0.200000 0.000000
0.130000 0.210000 0.000000
0.130000 0.220000 0.000000
0.130000 0.230000 0.000000
0.130000 0.240000 0.000000
0.130000 0.250000 0.000000
0.130000 0.260000 0.000000
0.130000 0.270000 0.000000
0.130000 0.280000 0.000000
0.130000 0.290000 0.000000
0.130000 0.300000 0.000000
0.130000 0.310000 0.000000
0.130000 0.320000 0.000000
0.130000 0.330000 0.000000
0.130000 0.340000 0.000000
0.130000 0.350000 0.000000
0.130000 0.360000 0.000000
0.130000 0.370000 0.000000
0.130000 0.380000 0.000000
0.130000 0.390000 0.000000
0.130000 0.400000 0.000000
0.130000 0.410000 0.000000
0.130000 0.420000 0.000000
0.130000 0.430000 0.000000
0.130000 0.440000 0.000000
0.130000 0.450000 0.000000
0.130000 0.460000 0.000000
0.130000 0.470000 0.000000
0.130000 0.480000 0.000000
0.130000 0.490000 0.000000
0.140000 0.000000 0.000000
0.140000 0.010000 0.000000
0.140000 0.020000 0.000000
0.140000 0.030000 0.000000
0.140000 0.040000 0.000000
0.140000 0.050000 0.000000
0.140000 0.060000 0.000000
0.140000 0.070000 0.000000
0.140000 0.080000 0.000000
0.140000 0.090000 0.000000
0.140000 0.100000 0.000000
0.140000 0.110000 0.000000
0.140000 0.120000 0.000000
0.140000 0.130000 0.000000
0.140000 0.140000 0.000000
0.140000 0.150000 0.000000
0.140000 0.160000 0.000000
0.140000 0.170000 0.000000
0.140000 0.180000 0.000000
0.140000 0.190000 0.000000
0.140000 0.200000 0.000000
0.140000 0.210000 0.000000
0.140000 0.220000 0.000000
0.140000 0.230000 0.000000
0.140000 0.240000 0.000000
0.140000 0.250000 0.000000
0.140000 0.260000 0.000000
0.140000 0.270000 0.000000
0.140000 0.280000 0.000000
0.140000 0.290000 0.000000
0.140000 0.300000 0.000000
0.140000 0.310000 0.000000
0.140000 0.320000 0.000000
0.140000 0.330000 0.000000
0.140000 0.340000 0.000000
0.140000 0.350000 0.000000
0.140000 0.360000 0.000000
0.140000 0.370000 0.000000
0.140000 0.380000 0.000000
0.140000 0.390000 0.000000
0.140000 0.400000 0.000000
0.140000 0.410000 0.000000
0.140000 0.420000 0.000000
0.140000 0.430000 0.000000
0.140000 0.440000 0.000000
0.140000 0.450000 0.000000
0.140000 0.460000 0.000000
0.140000 0.470000 0.000000
0.140000 0.480000 0.000000
0.140000 0.490000 0.000000
0.150000 0.000000 0.000000
0.150000 0.010000 0.000000
0.150000 0.020000 0.000000
0.150000 0.030000 0.000000
0.150000 0.040000 0.000000
0.150000 0.050000 0.000000
0.150000 0.060000 0.000000
0.150000 0.070000 0.000000
0.150000 0.080000 0.000000
0.150000 0.090000 0.000000
0.150000 0.100000 0.000000
0.150000 0.110000 0.000000
0.150000 0.120000 0.000000
0.150000 0.130000 0.000000
0.150000 0.140000 0.000000
0.150000 0.150000 0.000000
0.150000 0.160000 0.000000
0.150000 0.170000 0.000000
0.150000 0.180000 0.000000
0.150000 0.190000 0.000000
0.150000 0.200000 0.000000
0.150000 0.210000 0.000000
0.150000 0.220000 0.000000
0.150000 0.230000 0.000000
0.150000 0.240000 0.000000
0.150000 0.250000 0.000000
0.150000 0.260000 0.000000
0.150000 0.270000 0.000000
0.150000 0.280000 0.000000
0.150000 0.290000 0.000000
0.150000 0.300000 0.000000
0.150000 0.310000 0.000000
0.150000 0.320000 0.000000
0.150000 0.330000 0.000000
0.150000 0.340000 0.000000
0.150000 0.350000 0.000000
0.150000 0.360000 0.000000
0.150000 0.370000 0.000000
0.150000 0.380000 0.000000
0.150000 0.390000 0.000000
0.150000 0.400000 0.000000
0.150000 0.410000 0.000000
0.150000 0.420000 0.000000
0.150000 0.430000 0.000000
0.150000 0.440000 0.000000
0.150000 0.450000 0.000000
0.150000 0.460000 0.000000
0.150000 0.470000 0.000000
0.150000 0.480000 0.000000
0.150000 0.490000 0.000000
0.160000 0.000000 0.000000
0.160000 0.010000 0.000000
0.160000 0.020000 0.000000
0.160000 0.030000 0.000000
0.160000 0.040000 0.000000
0.160000 0.050000 0.000000
0.160000 0.060000 0.000000
0.160000 0.070000 0.000000
0.160000 0.080000 0.000000
0.160000 0.090000 0.000000
0.160000 0.100000 0.000000
0.160000 0.110000 0.000000
0.160000 0.120000 0.000000
0.160000 0.130000 0.000000
0.160000 0.140000 0.000000
0.160000 0.150000 0.000000
0.160000 0.160000 0.000000
0.160000 0.170000 0.000000
0.160000 0.180000 0.000000
0.160000 0.190000 0.000000
0.160000 0.200000 0.000000
0.160000 0.210000 0.000000
0.160000 0.220000 0.000000
0.160000 0.230000 0.000000
0.160000 0.240000 0.000000
0.160000 0.250000 0.000000
0.160000 0.260000 0.000000
0.160000 0.270000 0.000000
0.160000 0.280000 0.000000
0.160000 0.290000 0.000000
0.160000 0.300000 0.000000
0.160000 0.310000 0.000000
0.160000 0.320000 0.000000
0.160000 0.330000 0.000000
0.160000 0.340000 0.000000
0.160000 0.350000 0.000000
0.160000 0.360000 0.000000
0.160000 0.370000 0.000000
0.160000 0.380000 0.000000
0.160000 0.390000 0.000000
0.160000 0.400000 0.000000
0.160000 0.410000 0.000000
0.160000 0.420000 0.000000
0.160000 0.430000 0.000000
0.160000 0.440000 0.000000
0.160000 0.450000 0.000000
0.160000 0.460000 0.000000
0.160000 0.470000 0.000000
0.160000 0.480000 0.000000
0.160000 0.490000 0.000000
0.170000 0.000000 0.000000
0.170000 0.010000 0.000000
0.170000 0.020000 0.000000
0.170000 0.030000 0.000000
0.170000 0.040000 0.000000
0.170000 0.050000 0.000000
0.170000 0.060000 0.000000
0.170000 0.070000 0.000000
0.170000 0.080000 0.000000
0.170000 0.090000 0.000000
0.170000 0.100000 0.000000
0.170000 0.110000 0.000000
0.170000 0.120000 0.000000
0.170000 0.130000 0.000000
0.170000 0.140000 0.000000
0.170000 0.150000 0.000000
0.170000 0.160000 0.000000
0.170000 0.170000 0.000000
0.170000 0.180000 0.000000
0.170000 0.190000 0.000000
0.170000 0.200000 0.000000
0.170000 0.210000 0.000000
0.170000 0.220000 0.000000
0.170000 0.230000 0.000000
0.170000 0.240000 0.000000
0.170000 0.250000 0.000000
0.170000 0.260000 0.000000
0.170000 0.270000 0.000000
0.170000 0.280000 0.000000
0.170000 0.290000 0.000000
0.170000 0.300000 0.000000
0.170000 0.310000 0.000000
0.170000 0.320000 0.000000
0.170000 0.330000 0.000000
0.170000 0.340000 0.000000
0.170000 0.350000 0.000000
0.170000 0.360000 0.000000
0.170000 0.370000 0.000000
0.170000 0.380000 0.000000
0.170000 0.390000 0.000000
0.170000 0.400000 0.000000
0.170000 0.410000 0.000000
0.170000 0.420000 0.000000
0.170000 0.430000 0.000000
0.170000 0.440000 0.000000
0.170000 0.450000 0.000000
0.170000 0.460000 0.000000
0.170000 0.470000 0.000000
0.170000 0.480000 0.000000
0.170000 0.490000 0.000000
0.180000 0.000000 0.000000
0.180000 0.010000 0.000000
0.180000 0.020000 0.000000
0.180000 0.030000 0.000000
0.180000 0.040000 0.000000
0.180000 0.050000 0.000000
0.180000 0.060000 0.000000
0.180000 0.070000 0.000000
0.180000 0.080000 0.000000
0.180000 0.090000 0.000000
0.180000 0.100000 0.000000
0.180000 0.110000 0.000000
0.180000 0.120000 0.000000
0.180000 0.130000 0.000000
0.180000 0.140000 0.000000
0.180000 0.150000 0.000000
0.180000 0.160000 0.000000
0.180000 0.170000 0.000000
0.180000 0.180000 0.000000
0.180000 0.190000 0.000000
0.180000 0.200000 0.000000
0.180000 0.210000 0.000000
0.180000 0.220000 0.000000
0.180000 0.230000 0.000000
0.180000 0.240000 0.000000
0.180000 0.250000 0.000000
0.180000 0.260000 0.000000
0.180000 0.270000 0.000000
0.180000 0.280000 0.000000
0.180000 0.290000 0.000000
0.180000 0.300000 0.000000
0.180000 0.310000 0.000000
0.180000 0.320000 0.000000
0.180000 0.330000 0.000000
0.180000 0.340000 0.000000
0.180000 0.350000 0.000000
0.180000 0.360000 0.000000
0.180000 0.370000 0.000000
0.180000 0.380000 0.000000
0.180000 0.390000 0.000000
0.180000 0.400000 0.000000
0.180000 0.410000 0.000000
0.180000 0.420000 0.000000
0.180000 0.430000 0.000000
0.180000 0.440000 0.000000
0.180000 0.450000 0.000000
0.180000 0.460000 0.000000
0.180000 0.470000 0.000000
0.180000 0.480000 0.000000
0.180000 0.490000 0.000000
0.190000 0.000000 0.000000
0.190000 0.010000 0.000000
0.190000 0.020000 0.000000
0.190000 0.030000 0.000000
0.190000 0.040000 0.000000
0.190000 0.050000 0.000000
0.190000 0.060000 0.000000
0.190000 0.070000 0.000000
0.190000 0.080000 0.000000
0.190000 0.090000 0.000000
0.190000 0.100000 0.000000
0.190000 0.110000 0.000000
0.190000 0.120000 0.000000
0.190000 0.130000 0.000000
0.190000 0.140000 0.000000
0.190000 0.150000 0.000000
0.190000 0.160000 0.000000
0.190000 0.170000 0.000000
0.190000 0.180000 0.000000
0.190000 0.190000 0.000000
0.190000 0.200000 0.000000
0.190000 0.210000 0.000000
0.190000 0.220000 0.000000
0.190000 0.230000 0.000000
0.190000 0.240000 0.000000
0.190000 0.250000 0.000000
0.190000 0.260000 0.000000
0.190000 0.270000 0.000000
0.190000 0.280000 0.000000
0.190000 0.290000 0.000000
0.190000 0.300000 0.000000
0.190000 0.310000 0.000000
0.190000 0.320000 0.000000
0.190000 0.330000 0.000000
0.190000 0.340000 0.000000
0.190000 0.350000 0.000000
0.190000 0.360000 0.000000
0.190000 0.370000 0.000000
0.190000 0.380000 0.000000
0.190000 0.390000 0.000000
0.190000 0.400000 0.000000
0.190000 0.410000 0.000000
0.190000 0.420000 0.000000
0.190000 0.430000 0.000000
0.190000 0.440000 0.000000
0.190000 0.450000 0.000000
0.190000 0.460000 0.000000
0.190000 0.470000 0.000000
0.190000 0.480000 0.000000
0.190000 0.490000 0.000000
0.200000 0.000000 0.000000
0.200000 0.010000 0.000000
0.200000 0.020000 0.000000
0.200000 0.030000 0.000000
0.200000 0.040000 0.000000
0.200000 0.050000 0.000000
0.200000 0.060000 0.000000
0.200000 0.070000 0.000000
0.200000 0.080000 0.000000
0.200000 0.090000 0.000000
0.200000 0.100000 0.000000
0.200000 0.110000 0.000000
0.200000 0.120000 0.000000
0.200000 0.130000 0.000000
0.200000 0.140000 0.000000
0.200000 0.150000 0.000000
0.200000 0.160000 0.000000
0.200000 0.170000 0.000000
0.200000 0.180000 0.000000
0.200000 0.190000 0.000000
0.200000 0.200000 0.000000
0.200000 0.210000 0.000000
0.200000 0.220000 0.000000
0.200000 0.230000 0.000000
0.200000 0.240000 0.000000
0.200000 0.250000 0.000000
0.200000 0.260000 0.000000
0.200000 0.270000 0.000000
0.200000 0.280000 0.000000
0.200000 0.290000 0.000000
0.200000 0.300000 0.000000
0.200000 0.310000 0.000000
0.200000 0.320000 0.000000
0.200000 0.330000 0.000000
0.200000 0.340000 0.000000
0.200000 0.350000 0.000000
0.200000 0.360000 0.000000
0.200000 0.370000 0.000000
0.200000 0.380000 0.000000
0.200000 0.390000 0.000000
0.200000 0.400000 0.000000
0.200000 0.410000 0.000000
0.200000 0.420000 0.000000
0.200000 0.430000 0.000000
0.200000 0.440000 0.000000
0.200000 0.450000 0.000000
0.200000 0.460000 0.000000
0.200000 0.470000 0.000000
0.200000 0.480000 0.000000
0.200000 0.490000 0.000000
0.210000 0.000000 0.000000
0.210000 0.010000 0.000000
0.210000 0.020000 0.000000
0.210000 0.030000 0.000000
0.210000 0.040000 0.000000
0.210000 0.050000 0.000000
0.210000 0.060000 0.000000
0.210000 0.070000 0.000000
0.210000 0.080000 0.000000
0.210000 0.090000 0.000000
0.210000 0.100000 0.000000
0.210000 0.110000 0.000000
0.210000 0.120000 0.000000
0.210000 0.130000 0.000000
0.210000 0.140000 0.000000
0.210000 0.150000 0.000000
0.210000 0.160000 0.000000
0.210000 0.170000 0.000000
0.210000 0.180000 0.000000
0.210000 0.190000 0.000000
0.210000 0.200000 0.000000
0.210000 0.210000 0.000000
0.210000 0.220000 0.000000
0.210000 0.230000 0.000000
0.210000 0.240000 0.000000
0.210000 0.250000 0.000000
0.210000 0.260000 0.000000
0.210000 0.270000 0.000000
0.210000 0.280000 0.000000
0.210000 0.290000 0.000000
0.210000 0.300000 0.000000
0.210000 0.310000 0.000000
0.210000 0.320000 0.000000
0.210000 0.330000 0.000000
0.210000 0.340000 0.000000
0.210000 0.350000 0.000000
0.210000 0.360000 0.000000
0.210000 0.370000 0.000000
0.210000 0.380000 0.000000
0.210000 0.390000 0.000000
0.210000 0.400000 0.000000
0.210000 0.410000 0.000000
0.210000 0.420000 0.000000
0.210000 0.430000 0.000000
0.210000 0.440000 0.000000
0.210000 0.450000 0.000000
0.210000 0.460000 0.000000
0.210000 0.470000 0.000000
0.210000 0.480000 0.000000
0.210000 0.490000 0.000000
0.220000 0.000000 0.000000
0.220000 0.010000 0.000000
0.220000 0.020000 0.000000
0.220000 0.030000 0.000000
0.220000 0.040000 0.000000
0.220000 0.050000 0.000000
0.220000 0.060000 0.000000
0.220000 0.070000 0.000000
0.220000 0.080000 0.000000
0.220000 0.090000 0.000000
0.220000 0.100000 0.000000
0.220000 0.110000 0.000000
0.220000 0.120000 0.000000
0.220000 0.130000 0.000000
0.220000 0.140000 0.000000
0.220000 0.150000 0.000000
0.220000 0.160000 0.000000
0.220000 0.170000 0.000000
0.220000 0.180000 0.000000
0.220000 0.190000 0.000000
0.220000 0.200000 0.000000
0.220000 0.210000 0.000000
0.220000 0.220000 0.000000
0.220000 0.230000 0.000000
0.220000 0.240000 0.000000
0.220000 0.250000 0.000000
0.220000 0.260000 0.000000
0.220000 0.270000 0.000000
0.220000 0.280000 0.000000
0.220000 0.290000 0.000000
0.220000 0.300000 0.000000
0.220000 0.310000 0.000000
0.220000 0.320000 0.000000
0.220000 0.330000 0.000000
0.220000 0.340000 0.000000
0.220000 0.350000 0.000000
0.220000 0.360000 0.000000
0.220000 0.370000 0.000000
0.220000 0.380000 0.000000
0.220000 0.390000 0.000000
0.220000 0.400000 0.000000
0.220000 0.410000 0.000000
0.220000 0.420000 0.000000
0.220000 0.430000 0.000000
0.220000 0.440000 0.000000
0.220000 0.450000 0.000000
0.220000 0.460000 0.000000
0.220000 0.470000 0.000000
0.220000 0.480000 0.000000
0.220000 0.490000 0.000000
0.230000 0.000000 0.010128
0.230000 0.010000 0.009961
0.230000 0.020000 0.000000
0.230000 0.030000 0.000000
0.230000 0.040000 0.000000
0.230000 0.050000 0.000000
0.230000 0.060000 0.000000
0.230000 0.070000 0.000000
0.230000 0.080000 0.000000
0.230000 0.090000 0.000000
0.230000 0.100000 0.000000
0.230000 0.110000 0.000000
0.230000 0.120000 0.000000
0.230000 0.130000 0.000000
0.230000 0.140000 0.000000
0.230000 0.150000 0.000000
0.230000 0.160000 0.000000
0.230000 0.170000 0.000000
0.230000 0.180000 0.000000
0.230000 0.190000 0.000000
0.230000 0.200000 0.000000
0.230000 0.210000 0.000000
0.230000 0.220000 0.000000
0.230000 0.230000 0.000000
0.230000 0.240000 0.000000
0.230000 0.250000 0.000000
0.230000 0.260000 0.000000
0.230000 0.270000 0.000000
0.230000 0.280000 0.000000
0.230000 0.290000 0.000000
0.230000 0.300000 0.000000
0.230000 0.310000 0.000000
0.230000 0.320000 0.000000
0.230000 0.330000 0.000000
0.230000 0.340000 0.000000
0.230000 0.350000 0.000000
0.230000 0.360000 0.000000
0.230000 0.370000 0.000000
0.230000 0.380000 0.000000
0.230000 0.390000 0.000000
0.230000 0.400000 0.000000
0.230000 0.410000 0.000000
0.230000 0.420000 0.000000
0.230000 0.430000 0.000000
0.230000 0.440000 0.000000
0.230000 0.450000 0.000000
0.230000 0.460000 0.000000
0.230000 0.470000 0.000000
0.230000 0.480000 0.000000
0.230000 0.490000 0.000000
0.240000 0.000000 0.000000
0.240000 0.010000 0.008656
0.240000 0.020000 0.008321
0.240000 0.030000 0.007965
0.240000 0.040000 0.007599
0.240000 0.050000 0.007230
0.240000 0.060000 0.006863
0.240000 0.070000 0.006506
0.240000 0.080000 0.006162
0.240000 0.090000 0.005803
0.240000 0.100000 0.005433
0.240000 0.110000 0.005055
0.240000 0.120000 0.004675
0.240000 0.130000 0.004294
0.240000 0.140000 0.003916
0.240000 0.150000 0.003550
0.240000 0.160000 0.003214
0.240000 0.170000 0.002969
0.240000 0.180000 0.003241
0.240000 0.190000 0.003110
0.240000 0.200000 0.002887
0.240000 0.210000 0.000000
0.240000 0.220000 0.000000
0.240000 0.230000 0.000000
0.240000 0.240000 0.000000
0.240000 0.250000 0.000000
0.240000 0.260000 0.000000
0.240000 0.270000 0.000000
0.240000 0.280000 0.000000
0.240000 0.290000 0.000000
0.240000 0.300000 0.000000
0.240000 0.310000 0.000000
0.240000 0.320000 0.000000
0.240000 0.330000 0.000000
0.240000 0.340000 0.000000
0.240000 0.350000 0.000000
0.240000 0.360000 0.000000
0.240000 0.370000 0.000000
0.240000 0.380000 0.000000
0.240000 0.390000 0.000000
0.240000 0.400000 0.000000
0.240000 0.410000 0.000000
0.240000 0.420000 0.000000
0.240000 0.430000 0.000000
0.240000 0.440000 0.000000
0.240000 0.450000 0.000000
0.240000 0.460000 0.000000
0.240000 0.470000 0.000000
0.240000 0.480000 0.000000
0.240000 0.490000 0.000000
0.250000 0.000000 0.009082
0.250000 0.010000 0.008689
0.250000 0.020000 0.008322
0.250000 0.030000 0.007957
0.250000 0.040000 0.007590
0.250000 0.050000 0.007224
0.250000 0.060000 0.006866
0.250000 0.070000 0.006540
0.250000 0.080000 0.006186
0.250000 0.090000 0.005816
0.250000 0.100000 0.005439
0.250000 0.110000 0.005059
0.250000 0.120000 0.004677
0.250000 0.130000 0.004294
0.250000 0.140000 0.003912
0.250000 0.150000 0.003530
0.250000 0.160000 0.003140
0.250000 0.170000 0.002702
0.250000 0.180000 0.002179
0.250000 0.190000 0.001930
0.250000 0.200000 0.001725
0.250000 0.210000 0.001343
0.250000 0.220000 0.000972
0.250000 0.230000 0.000604
0.250000 0.240000 0.000234
0.250000 0.250000 -0.000138
0.250000 0.260000 -0.000517
0.250000 0.270000 -0.000911
0.250000 0.280000 -0.001349
0.250000 0.290000 -0.001861
0.250000 0.300000 -0.002379
0.250000 0.310000 -0.002802
0.250000 0.320000 -0.003096
0.250000 0.330000 -0.003227
0.250000 0.340000 -0.003506
0.250000 0.350000 -0.003852
0.250000 0.360000 -0.004278
0.250000 0.370000 -0.004812
0.250000 0.380000 0.000000
0.250000 0.390000 0.000000
0.250000 0.400000 0.000000
0.250000 0.410000 0.000000
0.250000 0.420000 0.000000
0.250000 0.430000 0.000000
0.250000 0.440000 0.000000
0.250000 0.450000 0.000000
0.250000 0.460000 0.000000
0.250000 0.470000 0.000000
0.250000 0.480000 0.000000
0.250000 0.490000 0.000000
0.260000 0.000000 0.009065
0.260000 0.010000 0.008692
0.260000 0.020000 0.008324
0.260000 0.030000 0.007958
0.260000 0.040000 0.007592
0.260000 0.050000 0.007229
0.260000 0.060000 0.006871
0.260000 0.070000 0.006521
0.260000 0.080000 0.006162
0.260000 0.090000 0.005795
0.260000 0.100000 0.005422
0.260000 0.110000 0.005046
0.260000 0.120000 0.004667
0.260000 0.130000 0.004287
0.260000 0.140000 0.003906
0.260000 0.150000 0.003522
0.260000 0.160000 0.003130
0.260000 0.170000 0.002723
0.260000 0.180000 0.002313
0.260000 0.190000 0.001984
0.260000 0.200000 0.001677
0.260000 0.210000 0.001327
0.260000 0.220000 0.000966
0.260000 0.230000 0.000602
0.260000 0.240000 0.000236
0.260000 0.250000 -0.000131
0.260000 0.260000 -0.000498
0.260000 0.270000 -0.000862
0.260000 0.280000 -0.001201
0.260000 0.290000 -0.001484
0.260000 0.300000 -0.001755
0.260000 0.310000 -0.002066
0.260000 0.320000 -0.002425
0.260000 0.330000 -0.003002
0.260000 0.340000 -0.003401
0.260000 0.350000 -0.003749
0.260000 0.360000 -0.004033
0.260000 0.370000 -0.004193
0.260000 0.380000 -0.004726
0.260000 0.390000 -0.005212
0.260000 0.400000 -0.005686
0.260000 0.410000 -0.006165
0.260000 0.420000 -0.006645
0.260000 0.430000 -0.007030
0.260000 0.440000 -0.007471
0.260000 0.450000 -0.008106
0.260000 0.460000 -0.009248
0.260000 0.470000 -0.010578
0.260000 0.480000 -0.011411
0.260000 0.490000 -0.012016
0.270000 0.000000 0.009058
0.270000 0.010000 0.008690
0.270000 0.020000 0.008323
0.270000 0.030000 0.007957
0.270000 0.040000 0.007592
0.270000 0.050000 0.007229
0.270000 0.060000 0.006868
0.270000 0.070000 0.006509
0.270000 0.080000 0.006147
0.270000 0.090000 0.005780
0.270000 0.100000 0.005410
0.270000 0.110000 0.005036
0.270000 0.120000 0.004660
0.270000 0.130000 0.004282
0.270000 0.140000 0.003903
0.270000 0.150000 0.003521
0.270000 0.160000 0.003136
0.270000 0.170000 0.002748
0.270000 0.180000 0.002367
0.270000 0.190000 0.002014
0.270000 0.200000 0.001673
0.270000 0.210000 0.001322
0.270000 0.220000 0.000964
0.270000 0.230000 0.000602
0.270000 0.240000 0.000240
0.270000 0.250000 -0.000123
0.270000 0.260000 -0.000483
0.270000 0.270000 -0.000837
0.270000 0.280000 -0.001177
0.270000 0.290000 -0.001497
0.270000 0.300000 -0.001814
0.270000 0.310000 -0.002153
0.270000 0.320000 -0.002530
0.270000 0.330000 -0.002964
0.270000 0.340000 -0.003358
0.270000 0.350000 -0.003719
0.270000 0.360000 -0.004049
0.270000 0.370000 -0.004368
0.270000 0.380000 -0.004792
0.270000 0.390000 -0.005235
0.270000 0.400000 -0.005683
0.270000 0.410000 -0.006132
0.270000 0.420000 -0.006573
0.270000 0.430000 -0.006991
0.270000 0.440000 -0.007423
0.270000 0.450000 -0.007889
0.270000 0.460000 -0.008296
0.270000 0.470000 -0.008123
0.270000 0.480000 -0.008369
0.270000 0.490000 -0.008706
0.280000 0.000000 0.009053
0.280000 0.010000 0.008687
0.280000 0.020000 0.008321
0.280000 0.030000 0.007955
0.280000 0.040000 0.007591
0.280000 0.050000 0.007227
0.280000 0.060000 0.006864
0.280000 0.070000 0.006501
0.280000 0.080000 0.006137
0.280000 0.090000 0.005770
0.280000 0.100000 0.005400
0.280000 0.110000 0.005028
0.280000 0.120000 0.004654
0.280000 0.130000 0.004278
0.280000 0.140000 0.003901
0.280000 0.150000 0.003523
0.280000 0.160000 0.003144
0.280000 0.170000 0.002766
0.280000 0.180000 0.002394
0.280000 0.190000 0.002033
0.280000 0.200000 0.001678
0.280000 0.210000 0.001323
0.280000 0.220000 0.000964
0.280000 0.230000 0.000604
0.280000 0.240000 0.000243
0.280000 0.250000 -0.000117
0.280000 0.260000 -0.000474
0.280000 0.270000 -0.000828
0.280000 0.280000 -0.001173
0.280000 0.290000 -0.001512
0.280000 0.300000 -0.001851
0.280000 0.310000 -0.002204
0.280000 0.320000 -0.002576
0.280000 0.330000 -0.002968
0.280000 0.340000 -0.003350
0.280000 0.350000 -0.003718
0.280000 0.360000 -0.004076
0.280000 0.370000 -0.004438
0.280000 0.380000 -0.004837
0.280000 0.390000 -0.005254
0.280000 0.400000 -0.005679
0.280000 0.410000 -0.006105
0.280000 0.420000 -0.006526
0.280000 0.430000 -0.006936
0.280000 0.440000 -0.007341
0.280000 0.450000 -0.007732
0.280000 0.460000 -0.008057
0.280000 0.470000 -0.008231
0.280000 0.480000 -0.008493
0.280000 0.490000 -0.008817
0.290000 0.000000 0.009049
0.290000 0.010000 0.008684
0.290000 0.020000 0.008318
0.290000 0.030000 0.007953
0.290000 0.040000 0.007588
0.290000 0.050000 0.007224
0.290000 0.060000 0.006859
0.290000 0.070000 0.006495
0.290000 0.080000 0.006129
0.290000 0.090000 0.005762
0.290000 0.100000 0.005393
0.290000 0.110000 0.005022
0.290000 0.120000 0.004649
0.290000 0.130000 0.004276
0.290000 0.140000 0.003901
0.290000 0.150000 0.003526
0.290000 0.160000 0.003152
0.290000 0.170000 0.002778
0.290000 0.180000 0.002409
0.290000 0.190000 0.002045
0.290000 0.200000 0.001685
0.290000 0.210000 0.001326
0.290000 0.220000 0.000966
0.290000 0.230000 0.000606
0.290000 0.240000 0.000246
0.290000 0.250000 -0.000113
0.290000 0.260000 -0.000471
0.290000 0.270000 -0.000825
0.290000 0.280000 -0.001176
0.290000 0.290000 -0.001525
0.290000 0.300000 -0.001876
0.290000 0.310000 -0.002234
0.290000 0.320000 -0.002603
0.290000 0.330000 -0.002980
0.290000 0.340000 -0.003356
0.290000 0.350000 -0.003728
0.290000 0.360000 -0.004098
0.290000 0.370000 -0.004473
0.290000 0.380000 -0.004864
0.290000 0.390000 -0.005266
0.290000 0.400000 -0.005674
0.290000 0.410000 -0.006084
0.290000 0.420000 -0.006489
0.290000 0.430000 -0.006886
0.290000 0.440000 -0.007273
0.290000 0.450000 -0.007640
0.290000 0.460000 -0.007969
0.290000 0.470000 -0.008252
0.290000 0.480000 -0.008554
0.290000 0.490000 -0.008888
0.300000 0.000000 0.009046
0.300000 0.010000 0.008681
0.300000 0.020000 0.008315
0.300000 0.030000 0.007950
0.300000 0.040000 0.007585
0.300000 0.050000 0.007220
0.300000 0.060000 0.006855
0.300000 0.070000 0.006490
0.300000 0.080000 0.006123
0.300000 0.090000 0.005756
0.300000 0.100000 0.005387
0.300000 0.110000 0.005017
0.300000 0.120000 0.004646
0.300000 0.130000 0.004274
0.300000 0.140000 0.003902
0.300000 0.150000 0.003529
0.300000 0.160000 0.003157
0.300000 0.170000 0.002787
0.300000 0.180000 0.002419
0.300000 0.190000 0.002054
0.300000 0.200000 0.001691
0.300000 0.210000 0.001330
0.300000 0.220000 0.000969
0.300000 0.230000 0.000609
0.300000 0.240000 0.000248
0.300000 0.250000 -0.000111
0.300000 0.260000 -0.000470
0.300000 0.270000 -0.000826
0.300000 0.280000 -0.001182
0.300000 0.290000 -0.001536
0.300000 0.300000 -0.001893
0.300000 0.310000 -0.002255
0.300000 0.320000 -0.002622
0.300000 0.330000 -0.002994
0.300000 0.340000 -0.003367
0.300000 0.350000 -0.003740
0.300000 0.360000 -0.004114
0.300000 0.370000 -0.004493
0.300000 0.380000 -0.004879
0.300000 0.390000 -0.005272
0.300000 0.400000 -0.005669
0.300000 0.410000 -0.006066
0.300000 0.420000 -0.006460
0.300000 0.430000 -0.006847
0.300000 0.440000 -0.007224
0.300000 0.450000 -0.007587
0.300000 0.460000 -0.007928
0.300000 0.470000 -0.008253
0.300000 0.480000 -0.008582
0.300000 0.490000 -0.008928
0.310000 0.000000 0.009043
0.310000 0.010000 0.008678
0.310000 0.020000 0.008313
0.310000 0.030000 0.007947
0.310000 0.040000 0.007582
0.310000 0.050000 0.007217
0.310000 0.060000 0.006851
0.310000 0.070000 0.006485
0.310000 0.080000 0.006119
0.310000 0.090000 0.005751
0.310000 0.100000 0.005383
0.310000 0.110000 0.005014
0.310000 0.120000 0.004644
0.310000 0.130000 0.004273
0.310000 0.140000 0.003902
0.310000 0.150000 0.003532
0.310000 0.160000 0.003161
0.310000 0.170000 0.002792
0.310000 0.180000 0.002425
0.310000 0.190000 0.002060
0.310000 0.200000 0.001696
0.310000 0.210000 0.001334
0.310000 0.220000 0.000972
0.310000 0.230000 0.000610
0.310000 0.240000 0.000249
0.310000 0.250000 -0.000111
0.310000 0.260000 -0.000470
0.310000 0.270000 -0.000829
0.310000 0.280000 -0.001187
0.310000 0.290000 -0.001546
0.310000 0.300000 -0.001906
0.310000 0.310000 -0.002269
0.310000 0.320000 -0.002636
0.310000 0.330000 -0.003006
0.310000 0.340000 -0.003378
0.310000 0.350000 -0.003751
0.310000 0.360000 -0.004126
0.310000 0.370000 -0.004505
0.310000 0.380000 -0.004887
0.310000 0.390000 -0.005274
0.310000 0.400000 -0.005663
0.310000 0.410000 -0.006052
0.310000 0.420000 -0.006437
0.310000 0.430000 -0.006818
0.310000 0.440000 -0.007191
0.310000 0.450000 -0.007554
0.310000 0.460000 -0.007905
0.310000 0.470000 -0.008249
0.310000 0.480000 -0.008594
0.310000 0.490000 -0.008948
0.320000 0.000000 0.009040
0.320000 0.010000 0.008675
0.320000 0.020000 0.008310
0.320000 0.030000 0.007944
0.320000 0.040000 0.007579
0.320000 0.050000 0.007213
0.320000 0.060000 0.006848
0.320000 0.070000 0.006481
0.320000 0.080000 0.006115
0.320000 0.090000 0.005748
0.320000 0.100000 0.005380
0.320000 0.110000 0.005011
0.320000 0.120000 0.004642
0.320000 0.130000 0.004273
0.320000 0.140000 0.003903
0.320000 0.150000 0.003533
0.320000 0.160000 0.003165
0.320000 0.170000 0.002796
0.320000 0.180000 0.002430
0.320000 0.190000 0.002064
0.320000 0.200000 0.001700
0.320000 0.210000 0.001336
0.320000 0.220000 0.000974
0.320000 0.230000 0.000612
0.320000 0.240000 0.000250
0.320000 0.250000 -0.000111
0.320000 0.260000 -0.000472
0.320000 0.270000 -0.000832
0.320000 0.280000 -0.001193
0.320000 0.290000 -0.001554
0.320000 0.300000 -0.001916
0.320000 0.310000 -0.002280
0.320000 0.320000 -0.002647
0.320000 0.330000 -0.003016
0.320000 0.340000 -0.003387
0.320000 0.350000 -0.003760
0.320000 0.360000 -0.004135
0.320000 0.370000 -0.004512
0.320000 0.380000 -0.004892
0.320000 0.390000 -0.005274
0.320000 0.400000 -0.005657
0.320000 0.410000 -0.006040
0.320000 0.420000 -0.006420
0.320000 0.430000 -0.006797
0.320000 0.440000 -0.007168
0.320000 0.450000 -0.007532
0.320000 0.460000 -0.007890
0.320000 0.470000 -0.008243
0.320000 0.480000 -0.008598
0.320000 0.490000 -0.008956
0.330000 0.000000 0.009038
0.330000 0.010000 0.008672
0.330000 0.020000 0.008307
0.330000 0.030000 0.007942
0.330000 0.040000 0.007576
0.330000 0.050000 0.007211
0.330000 0.060000 0.006845
0.330000 0.070000 0.006478
0.330000 0.080000 0.006112
0.330000 0.090000 0.005745
0.330000 0.100000 0.005377
0.330000 0.110000 0.005009
0.330000 0.120000 0.004641
0.330000 0.130000 0.004272
0.330000 0.140000 0.003903
0.330000 0.150000 0.003535
0.330000 0.160000 0.003167
0.330000 0.170000 0.002799
0.330000 0.180000 0.002433
0.330000 0.190000 0.002067
0.330000 0.200000 0.001703
0.330000 0.210000 0.001339
0.330000 0.220000 0.000975
0.330000 0.230000 0.000613
0.330000 0.240000 0.000250
0.330000 0.250000 -0.000112
0.330000 0.260000 -0.000474
0.330000 0.270000 -0.000835
0.330000 0.280000 -0.001197
0.330000 0.290000 -0.001560
0.330000 0.300000 -0.001924
0.330000 0.310000 -0.002289
0.330000 0.320000 -0.002656
0.330000 0.330000 -0.003025
0.330000 0.340000 -0.003395
0.330000 0.350000 -0.003767
0.330000 0.360000 -0.004141
0.330000 0.370000 -0.004517
0.330000 0.380000 -0.004894
0.330000 0.390000 -0.005273
0.330000 0.400000 -0.005652
0.330000 0.410000 -0.006031
0.330000 0.420000 -0.006408
0.330000 0.430000 -0.006781
0.330000 0.440000 -0.007151
0.330000 0.450000 -0.007517
0.330000 0.460000 -0.007878
0.330000 0.470000 -0.008238
0.330000 0.480000 -0.008597
0.330000 0.490000 -0.008959
0.340000 0.000000 0.009035
0.340000 0.010000 0.008670
0.340000 0.020000 0.008305
0.340000 0.030000 0.007939
0.340000 0.040000 0.007574
0.340000 0.050000 0.007208
0.340000 0.060000 0.006842
0.340000 0.070000 0.006476
0.340000 0.080000 0.006109
0.340000 0.090000 0.005742
0.340000 0.100000 0.005375
0.340000 0.110000 0.005007
0.340000 0.120000 0.004639
0.340000 0.130000 0.004272
0.340000 0.140000 0.003904
0.340000 0.150000 0.003536
0.340000 0.160000 0.003168
0.340000 0.170000 0.002801
0.340000 0.180000 0.002435
0.340000 0.190000 0.002069
0.340000 0.200000 0.001705
0.340000 0.210000 0.001340
0.340000 0.220000 0.000976
0.340000 0.230000 0.000613
0.340000 0.240000 0.000250
0.340000 0.250000 -0.000113
0.340000 0.260000 -0.000476
0.340000 0.270000 -0.000838
0.340000 0.280000 -0.001202
0.340000 0.290000 -0.001565
0.340000 0.300000 -0.001930
0.340000 0.310000 -0.002296
0.340000 0.320000 -0.002663
0.340000 0.330000 -0.003032
0.340000 0.340000 -0.003402
0.340000 0.350000 -0.003773
0.340000 0.360000 -0.004146
0.340000 0.370000 -0.004520
0.340000 0.380000 -0.004895
0.340000 0.390000 -0.005271
0.340000 0.400000 -0.005648
0.340000 0.410000 -0.006023
0.340000 0.420000 -0.006398
0.340000 0.430000 -0.006770
0.340000 0.440000 -0.007139
0.340000 0.450000 -0.007505
0.340000 0.460000 -0.007869
0.340000 0.470000 -0.008232
0.340000 0.480000 -0.008594
0.340000 0.490000 -0.008957
0.350000 0.000000 0.009033
0.350000 0.010000 0.008668
0.350000 0.020000 0.008302
0.350000 0.030000 0.007937
0.350000 0.040000 0.007571
0.350000 0.050000 0.007205
0.350000 0.060000 0.006840
0.350000 0.070000 0.006473
0.350000 0.080000 0.006107
0.350000 0.090000 0.005740
0.350000 0.100000 0.005373
0.350000 0.110000 0.005006
0.350000 0.120000 0.004639
0.350000 0.130000 0.004271
0.350000 0.140000 0.003904
0.350000 0.150000 0.003536
0.350000 0.160000 0.003169
0.350000 0.170000 0.002803
0.350000 0.180000 0.002437
0.350000 0.190000 0.002071
0.350000 0.200000 0.001706
0.350000 0.210000 0.001341
0.350000 0.220000 0.000977
0.350000 0.230000 0.000613
0.350000 0.240000 0.000249
0.350000 0.250000 -0.000114
0.350000 0.260000 -0.000478
0.350000 0.270000 -0.000841
0.350000 0.280000 -0.001205
0.350000 0.290000 -0.001570
0.350000 0.300000 -0.001935
0.350000 0.310000 -0.002301
0.350000 0.320000 -0.002668
0.350000 0.330000 -0.003037
0.350000 0.340000 -0.003407
0.350000 0.350000 -0.003777
0.350000 0.360000 -0.004149
0.350000 0.370000 -0.004522
0.350000 0.380000 -0.004896
0.350000 0.390000 -0.005270
0.350000 0.400000 -0.005644
0.350000 0.410000 -0.006017
0.350000 0.420000 -0.006390
0.350000 0.430000 -0.006761
0.350000 0.440000 -0.007130
0.350000 0.450000 -0.007497
0.350000 0.460000 -0.007862
0.350000 0.470000 -0.008226
0.350000 0.480000 -0.008590
0.350000 0.490000 -0.008955
0.360000 0.000000 0.009031
0.360000 0.010000 0.008666
0.360000 0.020000 0.008300
0.360000 0.030000 0.007935
0.360000 0.040000 0.007569
0.360000 0.050000 0.007203
0.360000 0.060000 0.006837
0.360000 0.070000 0.006471
0.360000 0.080000 0.006105
0.360000 0.090000 0.005738
0.360000 0.100000 0.005372
0.360000 0.110000 0.005005
0.360000 0.120000 0.004638
0.360000 0.130000 0.004271
0.360000 0.140000 0.003904
0.360000 0.150000 0.003537
0.360000 0.160000 0.003170
0.360000 0.170000 0.002804
0.360000 0.180000 0.002438
0.360000 0.190000 0.002072
0.360000 0.200000 0.001707
0.360000 0.210000 0.001342
0.360000 0.220000 0.000977
0.360000 0.230000 0.000613
0.360000 0.240000 0.000249
0.360000 0.250000 -0.000115
0.360000 0.260000 -0.000479
0.360000 0.270000 -0.000844
0.360000 0.280000 -0.001208
0.360000 0.290000 -0.001573
0.360000 0.300000 -0.001939
0.360000 0.310000 -0.002306
0.360000 0.320000 -0.002673
0.360000 0.330000 -0.003041
0.360000 0.340000 -0.003410
0.360000 0.350000 -0.003781
0.360000 0.360000 -0.004152
0.360000 0.370000 -0.004523
0.360000 0.380000 -0.004896
0.360000 0.390000 -0.005268
0.360000 0.400000 -0.005641
0.360000 0.410000 -0.006013
0.360000 0.420000 -0.006384
0.360000 0.430000 -0.006754
0.360000 0.440000 -0.007123
0.360000 0.450000 -0.007490
0.360000 0.460000 -0.007856
0.360000 0.470000 -0.008221
0.360000 0.480000 -0.008586
0.360000 0.490000 -0.008951
0.370000 0.000000 0.009029
0.370000 0.010000 0.008664
0.370000 0.020000 0.008298
0.370000 0.030000 0.007933
0.370000 0.040000 0.007567
0.370000 0.050000 0.007201
0.370000 0.060000 0.006836
0.370000 0.070000 0.006469
0.370000 0.080000 0.006103
0.370000 0.090000 0.005737
0.370000 0.100000 0.005370
0.370000 0.110000 0.005004
0.370000 0.120000 0.004637
0.370000 0.130000 0.004270
0.370000 0.140000 0.003904
0.370000 0.150000 0.003537
0.370000 0.160000 0.003170
0.370000 0.170000 0.002804
0.370000 0.180000 0.002438
0.370000 0.190000 0.002073
0.370000 0.200000 0.001707
0.370000 0.210000 0.001342
0.370000 0.220000 0.000977
0.370000 0.230000 0.000613
0.370000 0.240000 0.000248
0.370000 0.250000 -0.000116
0.370000 0.260000 -0.000481
0.370000 0.270000 -0.000846
0.370000 0.280000 -0.001211
0.370000 0.290000 -0.001576
0.370000 0.300000 -0.001942
0.370000 0.310000 -0.002309
0.370000 0.320000 -0.002676
0.370000 0.330000 -0.003045
0.370000 0.340000 -0.003413
0.370000 0.350000 -0.003783
0.370000 0.360000 -0.004153
0.370000 0.370000 -0.004524
0.370000 0.380000 -0.004895
0.370000 0.390000 -0.005267
0.370000 0.400000 -0.005638
0.370000 0.410000 -0.006009
0.370000 0.420000 -0.006379
0.370000 0.430000 -0.006748
0.370000 0.440000 -0.007117
0.370000 0.450000 -0.007484
0.370000 0.460000 -0.007851
0.370000 0.470000 -0.008216
0.370000 0.480000 -0.008582
0.370000 0.490000 -0.008947
0.380000 0.000000 0.009027
0.380000 0.010000 0.008662
0.380000 0.020000 0.008296
0.380000 0.030000 0.007931
0.380000 0.040000 0.007565
0.380000 0.050000 0.007200
0.380000 0.060000 0.006834
0.380000 0.070000 0.006468
0.380000 0.080000 0.006102
0.380000 0.090000 0.005736
0.380000 0.100000 0.005369
0.380000 0.110000 0.005003
0.380000 0.120000 0.004636
0.380000 0.130000 0.004270
0.380000 0.140000 0.003903
0.380000 0.150000 0.003537
0.380000 0.160000 0.003171
0.380000 0.170000 0.002805
0.380000 0.180000 0.002439
0.380000 0.190000 0.002073
0.380000 0.200000 0.001708
0.380000 0.210000 0.001342
0.380000 0.220000 0.000977
0.380000 0.230000 0.000612
0.380000 0.240000 0.000247
0.380000 0.250000 -0.000117
0.380000 0.260000 -0.000482
0.380000 0.270000 -0.000848
0.380000 0.280000 -0.001213
0.380000 0.290000 -0.001579
0.380000 0.300000 -0.001945
0.380000 0.310000 -0.002312
0.380000 0.320000 -0.002679
0.380000 0.330000 -0.003047
0.380000 0.340000 -0.003416
0.380000 0.350000 -0.003785
0.380000 0.360000 -0.004155
0.380000 0.370000 -0.004525
0.380000 0.380000 -0.004895
0.380000 0.390000 -0.005265
0.380000 0.400000 -0.005636
0.380000 0.410000 -0.006006
0.380000 0.420000 -0.006375
0.380000 0.430000 -0.006744
0.380000 0.440000 -0.007112
0.380000 0.450000 -0.007479
0.380000 0.460000 -0.007846
0.380000 0.470000 -0.008212
0.380000 0.480000 -0.008578
0.380000 0.490000 -0.008943
0.390000 0.000000 0.009025
0.390000 0.010000 0.008660
0.390000 0.020000 0.008295
0.390000 0.030000 0.007929
0.390000 0.040000 0.007564
0.390000 0.050000 0.007198
0.390000 0.060000 0.006832
0.390000 0.070000 0.006467
0.390000 0.080000 0.006101
0.390000 0.090000 0.005734
0.390000 0.100000 0.005368
0.390000 0.110000 0.005002
0.390000 0.120000 0.004636
0.390000 0.130000 0.004269
0.390000 0.140000 0.003903
0.390000 0.150000 0.003537
0.390000 0.160000 0.003171
0.390000 0.170000 0.002805
0.390000 0.180000 0.002439
0.390000 0.190000 0.002073
0.390000 0.200000 0.001708
0.390000 0.210000 0.001342
0.390000 0.220000 0.000977
0.390000 0.230000 0.000612
0.390000 0.240000 0.000247
0.390000 0.250000 -0.000118
0.390000 0.260000 -0.000484
0.390000 0.270000 -0.000849
0.390000 0.280000 -0.001215
0.390000 0.290000 -0.001581
0.390000 0.300000 -0.001947
0.390000 0.310000 -0.002314
0.390000 0.320000 -0.002681
0.390000 0.330000 -0.003049
0.390000 0.340000 -0.003418
0.390000 0.350000 -0.003786
0.390000 0.360000 -0.004155
0.390000 0.370000 -0.004525
0.390000 0.380000 -0.004894
0.390000 0.390000 -0.005264
0.390000 0.400000 -0.005634
0.390000 0.410000 -0.006003
0.390000 0.420000 -0.006372
0.390000 0.430000 -0.006740
0.390000 0.440000 -0.007108
0.390000 0.450000 -0.007475
0.390000 0.460000 -0.007842
0.390000 0.470000 -0.008208
0.390000 0.480000 -0.008574
0.390000 0.490000 -0.008939
0.400000 0.000000 0.009024
0.400000 0.010000 0.008659
0.400000 0.020000 0.008293
0.400000 0.030000 0.007928
0.400000 0.040000 0.007563
0.400000 0.050000 0.007197
0.400000 0.060000 0.006831
0.400000 0.070000 0.006465
0.400000 0.080000 0.006099
0.400000 0.090000 0.005733
0.400000 0.100000 0.005367
0.400000 0.110000 0.005001
0.400000 0.120000 0.004635
0.400000 0.130000 0.004269
0.400000 0.140000 0.003903
0.400000 0.150000 0.003537
0.400000 0.160000 0.003171
0.400000 0.170000 0.002805
0.400000 0.180000 0.002439
0.400000 0.190000 0.002073
0.400000 0.200000 0.001708
0.400000 0.210000 0.001342
0.400000 0.220000 0.000977
0.400000 0.230000 0.000611
0.400000 0.240000 0.000246
0.400000 0.250000 -0.000119
0.400000 0.260000 -0.000485
0.400000 0.270000 -0.000851
0.400000 0.280000 -0.001216
0.400000 0.290000 -0.001583
0.400000 0.300000 -0.001949
0.400000 0.310000 -0.002316
0.400000 0.320000 -0.002683
0.400000 0.330000 -0.003051
0.400000 0.340000 -0.003419
0.400000 0.350000 -0.003787
0.400000 0.360000 -0.004156
0.400000 0.370000 -0.004525
0.400000 0.380000 -0.004894
0.400000 0.390000 -0.005263
0.400000 0.400000 -0.005632
0.400000 0.410000 -0.006001
0.400000 0.420000 -0.006369
0.400000 0.430000 -0.006737
0.400000 0.440000 -0.007105
0.400000 0.450000 -0.007472
0.400000 0.460000 -0.007839
0.400000 0.470000 -0.008205
0.400000 0.480000 -0.008571
0.400000 0.490000 -0.008936
0.410000 0.000000 0.009023
0.410000 0.010000 0.008657
0.410000 0.020000 0.008292
0.410000 0.030000 0.007927
0.410000 0.040000 0.007561
0.410000 0.050000 0.007196
0.410000 0.060000 0.006830
0.410000 0.070000 0.006464
0.410000 0.080000 0.006098
0.410000 0.090000 0.005733
0.410000 0.100000 0.005367
0.410000 0.110000 0.005001
0.410000 0.120000 0.004635
0.410000 0.130000 0.004268
0.410000 0.140000 0.003902
0.410000 0.150000 0.003536
0.410000 0.160000 0.003171
0.410000 0.170000 0.002805
0.410000 0.180000 0.002439
0.410000 0.190000 0.002073
0.410000 0.200000 0.001708
0.410000 0.210000 0.001342
0.410000 0.220000 0.000976
0.410000 0.230000 0.000611
0.410000 0.240000 0.000245
0.410000 0.250000 -0.000120
0.410000 0.260000 -0.000486
0.410000 0.270000 -0.000852
0.410000 0.280000 -0.001218
0.410000 0.290000 -0.001584
0.410000 0.300000 -0.001951
0.410000 0.310000 -0.002317
0.410000 0.320000 -0.002685
0.410000 0.330000 -0.003052
0.410000 0.340000 -0.003420
0.410000 0.350000 -0.003788
0.410000 0.360000 -0.004156
0.410000 0.370000 -0.004525
0.410000 0.380000 -0.004893
0.410000 0.390000 -0.005262
0.410000 0.400000 -0.005631
0.410000 0.410000 -0.005999
0.410000 0.420000 -0.006367
0.410000 0.430000 -0.006735
0.410000 0.440000 -0.007102
0.410000 0.450000 -0.007469
0.410000 0.460000 -0.007836
0.410000 0.470000 -0.008202
0.410000 0.480000 -0.008568
0.410000 0.490000 -0.008933
0.420000 0.000000 0.009022
0.420000 0.010000 0.008656
0.420000 0.020000 0.008291
0.420000 0.030000 0.007926
0.420000 0.040000 0.007560
0.420000 0.050000 0.007195
0.420000 0.060000 0.006829
0.420000 0.070000 0.006463
0.420000 0.080000 0.006098
0.420000 0.090000 0.005732
0.420000 0.100000 0.005366
0.420000 0.110000 0.005000
0.420000 0.120000 0.004634
0.420000 0.130000 0.004268
0.420000 0.140000 0.003902
0.420000 0.150000 0.003536
0.420000 0.160000 0.003170
0.420000 0.170000 0.002805
0.420000 0.180000 0.002439
0.420000 0.190000 0.002073
0.420000 0.200000 0.001707
0.420000 0.210000 0.001342
0.420000 0.220000 0.000976
0.420000 0.230000 0.000610
0.420000 0.240000 0.000245
0.420000 0.250000 -0.000121
0.420000 0.260000 -0.000487
0.420000 0.270000 -0.000853
0.420000 0.280000 -0.001219
0.420000 0.290000 -0.001585
0.420000 0.300000 -0.001952
0.420000 0.310000 -0.002319
0.420000 0.320000 -0.002686
0.420000 0.330000 -0.003053
0.420000 0.340000 -0.003421
0.420000 0.350000 -0.003789
0.420000 0.360000 -0.004157
0.420000 0.370000 -0.004525
0.420000 0.380000 -0.004893
0.420000 0.390000 -0.005261
0.420000 0.400000 -0.005629
0.420000 0.410000 -0.005997
0.420000 0.420000 -0.006365
0.420000 0.430000 -0.006733
0.420000 0.440000 -0.007100
0.420000 0.450000 -0.007467
0.420000 0.460000 -0.007833
0.420000 0.470000 -0.008199
0.420000 0.480000 -0.008565
0.420000 0.490000 -0.008930
0.430000 0.000000 0.009021
0.430000 0.010000 0.008655
0.430000 0.020000 0.008290
0.430000 0.030000 0.007925
0.430000 0.040000 0.007559
0.430000 0.050000 0.007194
0.430000 0.060000 0.006828
0.430000 0.070000 0.006463
0.430000 0.080000 0.006097
0.430000 0.090000 0.005731
0.430000 0.100000 0.005365
0.430000 0.110000 0.004999
0.430000 0.120000 0.004634
0.430000 0.130000 0.004268
0.430000 0.140000 0.003902
0.430000 0.150000 0.003536
0.430000 0.160000 0.003170
0.430000 0.170000 0.002804
0.430000 0.180000 0.002439
0.430000 0.190000 0.002073
0.430000 0.200000 0.001707
0.430000 0.210000 0.001341
0.430000 0.220000 0.000976
0.430000 0.230000 0.000610
0.430000 0.240000 0.000244
0.430000 0.250000 -0.000122
0.430000 0.260000 -0.000487
0.430000 0.270000 -0.000854
0.430000 0.280000 -0.001220
0.430000 0.290000 -0.001586
0.430000 0.300000 -0.001953
0.430000 0.310000 -0.002320
0.430000 0.320000 -0.002687
0.430000 0.330000 -0.003054
0.430000 0.340000 -0.003421
0.430000 0.350000 -0.003789
0.430000 0.360000 -0.004157
0.430000 0.370000 -0.004525
0.430000 0.380000 -0.004893
0.430000 0.390000 -0.005260
0.430000 0.400000 -0.005628
0.430000 0.410000 -0.005996
0.430000 0.420000 -0.006364
0.430000 0.430000 -0.006731
0.430000 0.440000 -0.007098
0.430000 0.450000 -0.007465
0.430000 0.460000 -0.007831
0.430000 0.470000 -0.008197
0.430000 0.480000 -0.008563
0.430000 0.490000 -0.008928
0.440000 0.000000 0.009020
0.440000 0.010000 0.008655
0.440000 0.020000 0.008289
0.440000 0.030000 0.007924
0.440000 0.040000 0.007559
0.440000 0.050000 0.007193
0.440000 0.060000 0.006828
0.440000 0.070000 0.006462
0.440000 0.080000 0.006096
0.440000 0.090000 0.005731
0.440000 0.100000 0.005365
0.440000 0.110000 0.004999
0.440000 0.120000 0.004633
0.440000 0.130000 0.004267
0.440000 0.140000 0.003902
0.440000 0.150000 0.003536
0.440000 0.160000 0.003170
0.440000 0.170000 0.002804
0.440000 0.180000 0.002438
0.440000 0.190000 0.002073
0.440000 0.200000 0.001707
0.440000 0.210000 0.001341
0.440000 0.220000 0.000975
0.440000 0.230000 0.000610
0.440000 0.240000 0.000244
0.440000 0.250000 -0.000122
0.440000 0.260000 -0.000488
0.440000 0.270000 -0.000854
0.440000 0.280000 -0.001220
0.440000 0.290000 -0.001587
0.440000 0.300000 -0.001954
0.440000 0.310000 -0.002320
0.440000 0.320000 -0.002687
0.440000 0.330000 -0.003054
0.440000 0.340000 -0.003422
0.440000 0.350000 -0.003789
0.440000 0.360000 -0.004157
0.440000 0.370000 -0.004524
0.440000 0.380000 -0.004892
0.440000 0.390000 -0.005260
0.440000 0.400000 -0.005627
0.440000 0.410000 -0.005995
0.440000 0.420000 -0.006362
0.440000 0.430000 -0.006729
0.440000 0.440000 -0.007096
0.440000 0.450000 -0.007463
0.440000 0.460000 -0.007829
0.440000 0.470000 -0.008195
0.440000 0.480000 -0.008561
0.440000 0.490000 -0.008926
0.450000 0.000000 0.009019
0.450000 0.010000 0.008654
0.450000 0.020000 0.008289
0.450000 0.030000 0.007923
0.450000 0.040000 0.007558
0.450000 0.050000 0.007193
0.450000 0.060000 0.006827
0.450000 0.070000 0.006461
0.450000 0.080000 0.006096
0.450000 0.090000 0.005730
0.450000 0.100000 0.005364
0.450000 0.110000 0.004999
0.450000 0.120000 0.004633
0.450000 0.130000 0.004267
0.450000 0.140000 0.003901
0.450000 0.150000 0.003536
0.450000 0.160000 0.003170
0.450000 0.170000 0.002804
0.450000 0.180000 0.002438
0.450000 0.190000 0.002072
0.450000 0.200000 0.001707
0.450000 0.210000 0.001341
0.450000 0.220000 0.000975
0.450000 0.230000 0.000609
0.450000 0.240000 0.000243
0.450000 0.250000 -0.000123
0.450000 0.260000 -0.000489
0.450000 0.270000 -0.000855
0.450000 0.280000 -0.001221
0.450000 0.290000 -0.001588
0.450000 0.300000 -0.001954
0.450000 0.310000 -0.002321
0.450000 0.320000 -0.002688
0.450000 0.330000 -0.003055
0.450000 0.340000 -0.003422
0.450000 0.350000 -0.003789
0.450000 0.360000 -0.004157
0.450000 0.370000 -0.004524
0.450000 0.380000 -0.004892
0.450000 0.390000 -0.005259
0.450000 0.400000 -0.005627
0.450000 0.410000 -0.005994
0.450000 0.420000 -0.006361
0.450000 0.430000 -0.006728
0.450000 0.440000 -0.007095
0.450000 0.450000 -0.007461
0.450000 0.460000 -0.007828
0.450000 0.470000 -0.008194
0.450000 0.480000 -0.008559
0.450000 0.490000 -0.008925
0.460000 0.000000 0.009019
0.460000 0.010000 0.008653
0.460000 0.020000 0.008288
0.460000 0.030000 0.007923
0.460000 0.040000 0.007558
0.460000 0.050000 0.007192
0.460000 0.060000 0.006827
0.460000 0.070000 0.006461
0.460000 0.080000 0.006095
0.460000 0.090000 0.005730
0.460000 0.100000 0.005364
0.460000 0.110000 0.004998
0.460000 0.120000 0.004633
0.460000 0.130000 0.004267
0.460000 0.140000 0.003901
0.460000 0.150000 0.003535
0.460000 0.160000 0.003170
0.460000 0.170000 0.002804
0.460000 0.180000 0.002438
0.460000 0.190000 0.002072
0.460000 0.200000 0.001707
0.460000 0.210000 0.001341
0.460000 0.220000 0.000975
0.460000 0.230000 0.000609
0.460000 0.240000 0.000243
0.460000 0.250000 -0.000123
0.460000 0.260000 -0.000489
0.460000 0.270000 -0.000855
0.460000 0.280000 -0.001222
0.460000 0.290000 -0.001588
0.460000 0.300000 -0.001955
0.460000 0.310000 -0.002321
0.460000 0.320000 -0.002688
0.460000 0.330000 -0.003055
0.460000 0.340000 -0.003422
0.460000 0.350000 -0.003790
0.460000 0.360000 -0.004157
0.460000 0.370000 -0.004524
0.460000 0.380000 -0.004892
0.460000 0.390000 -0.005259
0.460000 0.400000 -0.005626
0.460000 0.410000 -0.005993
0.460000 0.420000 -0.006360
0.460000 0.430000 -0.006727
0.460000 0.440000 -0.007094
0.460000 0.450000 -0.007460
0.460000 0.460000 -0.007827
0.460000 0.470000 -0.008193
0.460000 0.480000 -0.008558
0.460000 0.490000 -0.008924
0.470000 0.000000 0.009018
0.470000 0.010000 0.008653
0.470000 0.020000 0.008288
0.470000 0.030000 0.007923
0.470000 0.040000 0.007557
0.470000 0.050000 0.007192
0.470000 0.060000 0.006826
0.470000 0.070000 0.006461
0.470000 0.080000 0.006095
0.470000 0.090000 0.005730
0.470000 0.100000 0.005364
0.470000 0.110000 0.004998
0.470000 0.120000 0.004633
0.470000 0.130000 0.004267
0.470000 0.140000 0.003901
0.470000 0.150000 0.003535
0.470000 0.160000 0.003170
0.470000 0.170000 0.002804
0.470000 0.180000 0.002438
0.470000 0.190000 0.002072
0.470000 0.200000 0.001706
0.470000 0.210000 0.001341
0.470000 0.220000 0.000975
0.470000 0.230000 0.000609
0.470000 0.240000 0.000243
0.470000 0.250000 -0.000123
0.470000 0.260000 -0.000489
0.470000 0.270000 -0.000855
0.470000 0.280000 -0.001222
0.470000 0.290000 -0.001588
0.470000 0.300000 -0.001955
0.470000 0.310000 -0.002322
0.470000 0.320000 -0.002688
0.470000 0.330000 -0.003055
0.470000 0.340000 -0.003423
0.470000 0.350000 -0.003790
0.470000 0.360000 -0.004157
0.470000 0.370000 -0.004524
0.470000 0.380000 -0.004891
0.470000 0.390000 -0.005259
0.470000 0.400000 -0.005626
0.470000 0.410000 -0.005993
0.470000 0.420000 -0.006360
0.470000 0.430000 -0.006727
0.470000 0.440000 -0.007093
0.470000 0.450000 -0.007460
0.470000 0.460000 -0.007826
0.470000 0.470000 -0.008192
0.470000 0.480000 -0.008557
0.470000 0.490000 -0.008923
0.480000 0.000000 0.009018
0.480000 0.010000 0.008653
0.480000 0.020000 0.008288
0.480000 0.030000 0.007922
0.480000 0.040000 0.007557
0.480000 0.050000 0.007192
0.480000 0.060000 0.006826
0.480000 0.070000 0.006461
0.480000 0.080000 0.006095
0.480000 0.090000 0.005729
0.480000 0.100000 0.005364
0.480000 0.110000 0.004998
0.480000 0.120000 0.004632
0.480000 0.130000 0.004267
0.480000 0.140000 0.003901
0.480000 0.150000 0.003535
0.480000 0.160000 0.003169
0.480000 0.170000 0.002804
0.480000 0.180000 0.002438
0.480000 0.190000 0.002072
0.480000 0.200000 0.001706
0.480000 0.210000 0.001341
0.480000 0.220000 0.000975
0.480000 0.230000 0.000609
0.480000 0.240000 0.000243
0.480000 0.250000 -0.000123
0.480000 0.260000 -0.000489
0.480000 0.270000 -0.000856
0.480000 0.280000 -0.001222
0.480000 0.290000 -0.001589
0.480000 0.300000 -0.001955
0.480000 0.310000 -0.002322
0.480000 0.320000 -0.002689
0.480000 0.330000 -0.003056
0.480000 0.340000 -0.003423
0.480000 0.350000 -0.003790
0.480000 0.360000 -0.004157
0.480000 0.370000 -0.004524
0.480000 0.380000 -0.004891
0.480000 0.390000 -0.005258
0.480000 0.400000 -0.005626
0.480000 0.410000 -0.005993
0.480000 0.420000 -0.006359
0.480000 0.430000 -0.006726
0.480000 0.440000 -0.007093
0.480000 0.450000 -0.007459
0.480000 0.460000 -0.007825
0.480000 0.470000 -0.008191
0.480000 0.480000 -0.008557
0.480000 0.490000 -0.008922
0.490000 0.000000 0.009018
0.490000 0.010000 0.008653
0.490000 0.020000 0.008288
0.490000 0.030000 0.007922
0.490000 0.040000 0.007557
0.490000 0.050000 0.007191
0.490000 0.060000 0.006826
0.490000 0.070000 0.006460
0.490000 0.080000 0.006095
0.490000 0.090000 0.005729
0.490000 0.100000 0.005364
0.490000 0.110000 0.004998
0.490000 0.120000 0.004632
0.490000 0.130000 0.004267
0.490000 0.140000 0.003901
0.490000 0.150000 0.003535
0.490000 0.160000 0.003169
0.490000 0.170000 0.002804
0.490000 0.180000 0.002438
0.490000 0.190000 0.002072
0.490000 0.200000 0.001706
0.490000 0.210000 0.001340
0.490000 0.220000 0.000975
0.490000 0.230000 0.000609
0.490000 0.240000 0.000243
0.490000 0.250000 -0.000123
0.490000 0.260000 -0.000490
0.490000 0.270000 -0.000856
0.490000 0.280000 -0.001222
0.490000 0.290000 -0.001589
0.490000 0.300000 -0.001955
0.490000 0.310000 -0.002322
0.490000 0.320000 -0.002689
0.490000 0.330000 -0.003056
0.490000 0.340000 -0.003423
0.490000 0.350000 -0.003790
0.490000 0.360000 -0.004157
0.490000 0.370000 -0.004524
0.490000 0.380000 -0.004891
0.490000 0.390000 -0.005258
0.490000 0.400000 -0.005625
0.490000 0.410000 -0.005992
0.490000 0.420000 -0.006359
0.490000 0.430000 -0.006726
0.490000 0.440000 -0.007093
0.490000 0.450000 -0.007459
0.490000 0.460000 -0.007825
0.490000 0.470000 -0.008191
0.490000 0.480000 -0.008557
0.490000 0.490000 -0.008922
