0 0 0.008601
0 1 0.007621
0 2 0.006648
0 3 0.005694
0 4 0.004782
0 5 0.003950
0 6 0.003246
0 7 0.002690
0 8 0.002255
0 9 0.001891
0 10 0.001555
0 11 0.001191
0 12 0.000707
0 13 0.000000
0 14 0.000386
0 15 0.000553
0 16 0.000579
0 17 0.000555
0 18 0.000532
0 19 0.000509
0 20 0.000507
0 21 0.000385
0 22 0.000328
0 23 0.000283
0 24 0.000248
0 25 0.000244
0 26 0.000248
0 27 0.000240
0 28 0.000226
0 29 0.000171
0 30 0.000075
0 31 0.000007
0 32 -0.000034
0 33 -0.000026
0 34 -0.000082
0 35 -0.000094
0 36 -0.000082
0 37 -0.000059
0 38 -0.000037
0 39 -0.000025
0 40 -0.000039
0 41 -0.000135
0 42 -0.000166
0 43 -0.000156
0 44 -0.000144
0 45 -0.000129
0 46 -0.000113
0 47 -0.000100
0 48 -0.000090
0 49 -0.000085
0 50 -0.000080
0 51 -0.000073
0 52 -0.000064
0 53 -0.000053
0 54 -0.000040
0 55 -0.000028
0 56 -0.000016
0 57 -0.000005
0 58 0.000000
0 59 0.000000
0 60 0.000000
0 61 0.000000
0 62 0.000000
0 63 0.000000
1 0 0.008600
1 1 0.007615
1 2 0.006629
1 3 0.005652
1 4 0.004703
1 5 0.003823
1 6 0.003097
1 7 0.002570
1 8 0.002184
1 9 0.001864
1 10 0.001569
1 11 0.001266
1 12 0.000924
1 13 0.000596
1 14 0.000605
1 15 0.000643
1 16 0.000617
1 17 0.000574
1 18 0.000550
1 19 0.000514
1 20 0.000478
1 21 0.000427
1 22 0.000357
1 23 0.000274
1 24 0.000217
1 25 0.000235
1 26 0.000261
1 27 0.000247
1 28 0.000199
1 29 0.000225
1 30 0.000080
1 31 -0.000068
1 32 -0.000073
1 33 -0.000026
1 34 -0.000047
1 35 -0.000073
1 36 -0.000093
1 37 -0.000057
1 38 -0.000028
1 39 0.000000
1 40 -0.000042
1 41 -0.000155
1 42 -0.000168
1 43 -0.000159
1 44 -0.000147
1 45 -0.000129
1 46 -0.000112
1 47 -0.000096
1 48 -0.000084
1 49 -0.000086
1 50 -0.000082
1 51 -0.000076
1 52 -0.000066
1 53 -0.000054
1 54 -0.000041
1 55 -0.000028
1 56 -0.000015
1 57 0.000000
1 58 0.000000
1 59 0.000000
1 60 0.000000
1 61 0.000000
1 62 0.000000
1 63 0.000000
2 0 0.008603
2 1 0.007609
2 2 0.006600
2 3 0.005575
2 4 0.004551
2 5 0.003556
2 6 0.002727
2 7 0.002317
2 8 0.002052
2 9 0.001824
2 10 0.001591
2 11 0.001358
2 12 0.001114
2 13 0.000876
2 14 0.000779
2 15 0.000749
2 16 0.000701
2 17 0.000626
2 18 0.000585
2 19 0.000520
2 20 0.000449
2 21 0.000403
2 22 0.000373
2 23 0.000270
2 24 0.000208
2 25 0.000217
2 26 0.000233
2 27 0.000236
2 28 0.000229
2 29 0.000236
2 30 -0.000002
2 31 -0.000066
2 32 -0.000082
2 33 -0.000050
2 34 -0.000041
2 35 -0.000041
2 36 -0.000053
2 37 -0.000048
2 38 -0.000018
2 39 0.000034
2 40 0.000040
2 41 -0.000229
2 42 -0.000192
2 43 -0.000163
2 44 -0.000157
2 45 -0.000130
2 46 -0.000108
2 47 -0.000089
2 48 -0.000065
2 49 -0.000093
2 50 -0.000087
2 51 -0.000083
2 52 -0.000069
2 53 -0.000055
2 54 -0.000041
2 55 -0.000027
2 56 -0.000015
2 57 -0.000004
2 58 0.000000
2 59 0.000000
2 60 0.000000
2 61 0.000000
2 62 0.000000
2 63 0.000000
3 0 0.008620
3 1 0.007617
3 2 0.006584
3 3 0.005500
3 4 0.004358
3 5 0.003130
3 6 0.001942
3 7 0.001897
3 8 0.001891
3 9 0.001794
3 10 0.001629
3 11 0.001459
3 12 0.001264
3 13 0.001044
3 14 0.000916
3 15 0.000839
3 16 0.000758
3 17 0.000675
3 18 0.000613
3 19 0.000527
3 20 0.000449
3 21 0.000400
3 22 0.000366
3 23 0.000290
3 24 0.000199
3 25 0.000194
3 26 0.000216
3 27 0.000233
3 28 0.000191
3 29 0.000128
3 30 0.000026
3 31 -0.000032
3 32 -0.000073
3 33 -0.000051
3 34 -0.000027
3 35 0.000005
3 36 -0.000029
3 37 -0.000066
3 38 -0.000030
3 39 -0.000004
3 40 -0.000035
3 41 -0.000138
3 42 -0.000162
3 43 -0.000162
3 44 -0.000146
3 45 -0.000123
3 46 -0.000103
3 47 -0.000086
3 48 -0.000070
3 49 -0.000065
3 50 -0.000083
3 51 -0.000098
3 52 -0.000073
3 53 -0.000057
3 54 -0.000041
3 55 -0.000026
3 56 -0.000013
3 57 0.000000
3 58 0.000000
3 59 0.000000
3 60 0.000000
3 61 0.000000
3 62 0.000000
3 63 0.000000
4 0 0.008660
4 1 0.007655
4 2 0.006612
4 3 0.005508
4 4 0.004262
4 5 0.002665
4 6 0.000000
4 7 0.001440
4 8 0.001811
4 9 0.001832
4 10 0.001703
4 11 0.001535
4 12 0.001364
4 13 0.001184
4 14 0.001012
4 15 0.000916
4 16 0.000826
4 17 0.000727
4 18 0.000609
4 19 0.000497
4 20 0.000434
4 21 0.000392
4 22 0.000337
4 23 0.000281
4 24 0.000212
4 25 0.000196
4 26 0.000205
4 27 0.000184
4 28 0.000163
4 29 0.000101
4 30 0.000024
4 31 -0.000023
4 32 -0.000041
4 33 -0.000054
4 34 -0.000021
4 35 0.000011
4 36 0.000016
4 37 -0.000070
4 38 -0.000047
4 39 -0.000011
4 40 0.000010
4 41 -0.000131
4 42 -0.000157
4 43 -0.000178
4 44 -0.000143
4 45 -0.000115
4 46 -0.000095
4 47 -0.000082
4 48 -0.000066
4 49 -0.000067
4 50 -0.000101
4 51 -0.000081
4 52 -0.000068
4 53 -0.000059
4 54 -0.000041
4 55 -0.000024
4 56 -0.000009
4 57 0.000000
4 58 0.000000
4 59 0.000000
4 60 0.000000
4 61 0.000000
4 62 0.000000
4 63 0.000000
5 0 0.008725
5 1 0.007729
5 2 0.006707
5 3 0.005644
5 4 0.004515
5 5 0.003299
5 6 0.002115
5 7 0.002075
5 8 0.002078
5 9 0.001994
5 10 0.001836
5 11 0.001639
5 12 0.001464
5 13 0.001266
5 14 0.001094
5 15 0.000986
5 16 0.000870
5 17 0.000788
5 18 0.000637
5 19 0.000481
5 20 0.000399
5 21 0.000357
5 22 0.000311
5 23 0.000281
5 24 0.000231
5 25 0.000182
5 26 0.000167
5 27 0.000145
5 28 0.000147
5 29 0.000091
5 30 0.000008
5 31 -0.000031
5 32 -0.000032
5 33 -0.000033
5 34 -0.000013
5 35 0.000002
5 36 0.000002
5 37 -0.000032
5 38 -0.000034
5 39 -0.000032
5 40 -0.000032
5 41 -0.000076
5 42 -0.000140
5 43 -0.000151
5 44 -0.000132
5 45 -0.000100
5 46 -0.000078
5 47 -0.000082
5 48 -0.000088
5 49 -0.000085
5 50 -0.000081
5 51 -0.000056
5 52 -0.000061
5 53 -0.000069
5 54 -0.000040
5 55 -0.000020
5 56 0.000000
5 57 0.000000
5 58 0.000000
5 59 0.000000
5 60 0.000000
5 61 0.000000
5 62 0.000000
5 63 0.000000
6 0 0.008807
6 1 0.007824
6 2 0.006835
6 3 0.005834
6 4 0.004834
6 5 0.003882
6 6 0.003069
6 7 0.002665
6 8 0.002433
6 9 0.002212
6 10 0.001994
6 11 0.001768
6 12 0.001576
6 13 0.001316
6 14 0.001149
6 15 0.001022
6 16 0.000893
6 17 0.000778
6 18 0.000649
6 19 0.000500
6 20 0.000400
6 21 0.000358
6 22 0.000276
6 23 0.000222
6 24 0.000180
6 25 0.000139
6 26 0.000153
6 27 0.000105
6 28 0.000140
6 29 0.000091
6 30 0.000019
6 31 0.000016
6 32 -0.000020
6 33 -0.000036
6 34 0.000001
6 35 0.000006
6 36 0.000021
6 37 -0.000028
6 38 -0.000027
6 39 -0.000047
6 40 -0.000082
6 41 -0.000066
6 42 -0.000090
6 43 -0.000119
6 44 -0.000134
6 45 -0.000074
6 46 -0.000038
6 47 -0.000078
6 48 -0.000120
6 49 -0.000103
6 50 -0.000081
6 51 -0.000063
6 52 -0.000055
6 53 -0.000048
6 54 -0.000031
6 55 -0.000015
6 56 0.000000
6 57 0.000000
6 58 0.000000
6 59 0.000000
6 60 0.000000
6 61 0.000000
6 62 0.000000
6 63 0.000000
7 0 0.008890
7 1 0.007922
7 2 0.006966
7 3 0.006033
7 4 0.005131
7 5 0.004300
7 6 0.003608
7 7 0.003096
7 8 0.002734
7 9 0.002433
7 10 0.002162
7 11 0.001888
7 12 0.001643
7 13 0.001397
7 14 0.001197
7 15 0.001031
7 16 0.000898
7 17 0.000774
7 18 0.000636
7 19 0.000512
7 20 0.000410
7 21 0.000346
7 22 0.000251
7 23 0.000201
7 24 0.000142
7 25 0.000000
7 26 0.000094
7 27 0.000105
7 28 0.000108
7 29 0.000079
7 30 0.000040
7 31 0.000011
7 32 -0.000017
7 33 -0.000020
7 34 -0.000002
7 35 0.000014
7 36 0.000038
7 37 -0.000010
7 38 -0.000041
7 39 -0.000034
7 40 -0.000075
7 41 -0.000083
7 42 -0.000094
7 43 -0.000099
7 44 -0.000091
7 45 -0.000055
7 46 -0.000005
7 47 -0.000065
7 48 -0.000131
7 49 -0.000102
7 50 -0.000078
7 51 -0.000061
7 52 -0.000048
7 53 -0.000036
7 54 -0.000022
7 55 -0.000009
7 56 0.000000
7 57 0.000000
7 58 0.000000
7 59 0.000000
7 60 0.000000
7 61 0.000000
7 62 0.000000
7 63 0.000000
8 0 0.008961
8 1 0.008009
8 2 0.007078
8 3 0.006194
8 4 0.005357
8 5 0.004592
8 6 0.003937
8 7 0.003395
8 8 0.002959
8 9 0.002603
8 10 0.002286
8 11 0.001981
8 12 0.001717
8 13 0.001451
8 14 0.001205
8 15 0.001024
8 16 0.000864
8 17 0.000723
8 18 0.000591
8 19 0.000453
8 20 0.000389
8 21 0.000316
8 22 0.000237
8 23 0.000205
8 24 0.000161
8 25 0.000101
8 26 0.000116
8 27 0.000111
8 28 0.000108
8 29 0.000072
8 30 0.000048
8 31 0.000011
8 32 -0.000042
8 33 -0.000023
8 34 -0.000005
8 35 0.000014
8 36 0.000034
8 37 0.000040
8 38 -0.000049
8 39 -0.000068
8 40 -0.000053
8 41 -0.000054
8 42 -0.000104
8 43 -0.000089
8 44 -0.000075
8 45 -0.000049
8 46 -0.000017
8 47 -0.000038
8 48 -0.000088
8 49 -0.000095
8 50 -0.000069
8 51 -0.000053
8 52 -0.000040
8 53 -0.000027
8 54 -0.000012
8 55 0.000000
8 56 0.000000
8 57 0.000000
8 58 0.000000
8 59 0.000000
8 60 0.000000
8 61 0.000000
8 62 0.000000
8 63 0.000000
9 0 0.009015
9 1 0.008071
9 2 0.007169
9 3 0.006307
9 4 0.005510
9 5 0.004778
9 6 0.004144
9 7 0.003598
9 8 0.003121
9 9 0.002722
9 10 0.002379
9 11 0.002055
9 12 0.001749
9 13 0.001469
9 14 0.001216
9 15 0.001008
9 16 0.000809
9 17 0.000640
9 18 0.000485
9 19 0.000380
9 20 0.000337
9 21 0.000269
9 22 0.000215
9 23 0.000198
9 24 0.000189
9 25 0.000152
9 26 0.000156
9 27 0.000120
9 28 0.000093
9 29 0.000073
9 30 0.000043
9 31 -0.000014
9 32 -0.000045
9 33 -0.000027
9 34 -0.000008
9 35 0.000013
9 36 0.000044
9 37 0.000029
9 38 -0.000035
9 39 -0.000070
9 40 -0.000072
9 41 -0.000051
9 42 -0.000043
9 43 -0.000075
9 44 -0.000074
9 45 -0.000047
9 46 -0.000031
9 47 -0.000035
9 48 -0.000048
9 49 -0.000056
9 50 -0.000049
9 51 -0.000043
9 52 -0.000034
9 53 -0.000018
9 54 0.000000
9 55 0.000000
9 56 0.000000
9 57 0.000000
9 58 0.000000
9 59 0.000000
9 60 0.000000
9 61 0.000000
9 62 0.000000
9 63 0.000000
10 0 0.009025
10 1 0.008089
10 2 0.007207
10 3 0.006375
10 4 0.005599
10 5 0.004871
10 6 0.004249
10 7 0.003707
10 8 0.003222
10 9 0.002807
10 10 0.002452
10 11 0.002106
10 12 0.001773
10 13 0.001463
10 14 0.001191
10 15 0.000984
10 16 0.000761
10 17 0.000541
10 18 0.000337
10 19 0.000265
10 20 0.000247
10 21 0.000226
10 22 0.000200
10 23 0.000185
10 24 0.000173
10 25 0.000160
10 26 0.000160
10 27 0.000160
10 28 0.000111
10 29 0.000083
10 30 0.000001
10 31 -0.000057
10 32 -0.000047
10 33 -0.000030
10 34 -0.000014
10 35 0.000003
10 36 0.000021
10 37 0.000016
10 38 -0.000042
10 39 -0.000047
10 40 -0.000049
10 41 -0.000043
10 42 -0.000041
10 43 -0.000048
10 44 -0.000046
10 45 -0.000035
10 46 -0.000026
10 47 -0.000023
10 48 -0.000015
10 49 -0.000031
10 50 -0.000030
10 51 -0.000037
10 52 -0.000032
10 53 -0.000014
10 54 -0.000004
10 55 0.000000
10 56 0.000000
10 57 0.000000
10 58 0.000000
10 59 0.000000
10 60 0.000000
10 61 0.000000
10 62 0.000000
10 63 0.000000
11 0 0.008985
11 1 0.008054
11 2 0.007183
11 3 0.006381
11 4 0.005624
11 5 0.004930
11 6 0.004293
11 7 0.003723
11 8 0.003249
11 9 0.002831
11 10 0.002468
11 11 0.002110
11 12 0.001756
11 13 0.001432
11 14 0.001162
11 15 0.000924
11 16 0.000696
11 17 0.000424
11 18 0.000000
11 19 0.000166
11 20 0.000198
11 21 0.000174
11 22 0.000176
11 23 0.000167
11 24 0.000160
11 25 0.000156
11 26 0.000165
11 27 0.000144
11 28 0.000121
11 29 0.000125
11 30 0.000011
11 31 -0.000125
11 32 -0.000058
11 33 -0.000033
11 34 -0.000021
11 35 -0.000009
11 36 -0.000000
11 37 -0.000004
11 38 -0.000023
11 39 -0.000031
11 40 -0.000033
11 41 -0.000031
11 42 -0.000031
11 43 -0.000032
11 44 -0.000028
11 45 -0.000020
11 46 -0.000017
11 47 -0.000013
11 48 -0.000007
11 49 0.000005
11 50 0.000016
11 51 -0.000043
11 52 -0.000045
11 53 0.000000
11 54 -0.000001
11 55 0.000000
11 56 0.000000
11 57 0.000000
11 58 0.000000
11 59 0.000000
11 60 0.000000
11 61 0.000000
11 62 0.000000
11 63 0.000000
12 0 0.008897
12 1 0.007956
12 2 0.007106
12 3 0.006312
12 4 0.005574
12 5 0.004902
12 6 0.004283
12 7 0.003727
12 8 0.003245
12 9 0.002809
12 10 0.002431
12 11 0.002083
12 12 0.001722
12 13 0.001384
12 14 0.001101
12 15 0.000860
12 16 0.000654
12 17 0.000460
12 18 0.000227
12 19 0.000192
12 20 0.000179
12 21 0.000166
12 22 0.000162
12 23 0.000148
12 24 0.000142
12 25 0.000140
12 26 0.000125
12 27 0.000109
12 28 0.000109
12 29 0.000086
12 30 0.000001
12 31 -0.000037
12 32 -0.000026
12 33 -0.000022
12 34 -0.000028
12 35 -0.000017
12 36 -0.000009
12 37 -0.000008
12 38 -0.000014
12 39 -0.000020
12 40 -0.000021
12 41 -0.000018
12 42 -0.000019
12 43 -0.000019
12 44 -0.000014
12 45 0.000000
12 46 -0.000007
12 47 -0.000007
12 48 -0.000005
12 49 -0.000000
12 50 -0.000001
12 51 -0.000016
12 52 -0.000016
12 53 -0.000004
12 54 0.000000
12 55 0.000000
12 56 0.000000
12 57 0.000000
12 58 0.000000
12 59 0.000000
12 60 0.000000
12 61 0.000000
12 62 0.000000
12 63 0.000000
13 0 0.008786
13 1 0.007868
13 2 0.007011
13 3 0.006202
13 4 0.005458
13 5 0.004798
13 6 0.004186
13 7 0.003649
13 8 0.003173
13 9 0.002749
13 10 0.002383
13 11 0.002034
13 12 0.001692
13 13 0.001342
13 14 0.001039
13 15 0.000808
13 16 0.000616
13 17 0.000465
13 18 0.000320
13 19 0.000238
13 20 0.000171
13 21 0.000149
13 22 0.000157
13 23 0.000137
13 24 0.000120
13 25 0.000136
13 26 0.000089
13 27 0.000057
13 28 0.000066
13 29 0.000053
13 30 0.000018
13 31 0.000000
13 32 0.000012
13 33 -0.000001
13 34 -0.000051
13 35 -0.000024
13 36 -0.000012
13 37 -0.000007
13 38 -0.000005
13 39 -0.000014
13 40 -0.000015
13 41 0.000000
13 42 -0.000010
13 43 -0.000011
13 44 -0.000009
13 45 -0.000004
13 46 -0.000005
13 47 -0.000005
13 48 -0.000003
13 49 -0.000002
13 50 -0.000002
13 51 -0.000005
13 52 0.000000
13 53 0.000000
13 54 0.000000
13 55 0.000000
13 56 0.000000
13 57 0.000000
13 58 0.000000
13 59 0.000000
13 60 0.000000
13 61 0.000000
13 62 0.000000
13 63 0.000000
14 0 0.008631
14 1 0.007720
14 2 0.006847
14 3 0.006036
14 4 0.005288
14 5 0.004642
14 6 0.004030
14 7 0.003495
14 8 0.003029
14 9 0.002619
14 10 0.002257
14 11 0.001924
14 12 0.001626
14 13 0.001309
14 14 0.000981
14 15 0.000741
14 16 0.000570
14 17 0.000427
14 18 0.000320
14 19 0.000238
14 20 0.000170
14 21 0.000134
14 22 0.000130
14 23 0.000123
14 24 0.000114
14 25 0.000098
14 26 0.000056
14 27 0.000048
14 28 0.000045
14 29 0.000035
14 30 0.000019
14 31 0.000008
14 32 0.000005
14 33 -0.000004
14 34 -0.000019
14 35 -0.000015
14 36 -0.000008
14 37 -0.000001
14 38 0.000014
14 39 -0.000016
14 40 -0.000023
14 41 -0.000010
14 42 -0.000008
14 43 -0.000007
14 44 -0.000006
14 45 -0.000004
14 46 -0.000003
14 47 -0.000003
14 48 -0.000002
14 49 -0.000001
14 50 -0.000001
14 51 0.000000
14 52 0.000000
14 53 0.000000
14 54 0.000000
14 55 0.000000
14 56 0.000000
14 57 0.000000
14 58 0.000000
14 59 0.000000
14 60 0.000000
14 61 0.000000
14 62 0.000000
14 63 0.000000
15 0 0.008381
15 1 0.007463
15 2 0.006584
15 3 0.005764
15 4 0.005028
15 5 0.004376
15 6 0.003794
15 7 0.003281
15 8 0.002828
15 9 0.002440
15 10 0.002102
15 11 0.001775
15 12 0.001460
15 13 0.001183
15 14 0.000903
15 15 0.000672
15 16 0.000494
15 17 0.000355
15 18 0.000254
15 19 0.000195
15 20 0.000148
15 21 0.000117
15 22 0.000104
15 23 0.000098
15 24 0.000084
15 25 0.000061
15 26 0.000044
15 27 0.000035
15 28 0.000029
15 29 0.000022
15 30 0.000014
15 31 0.000008
15 32 0.000003
15 33 -0.000002
15 34 -0.000008
15 35 -0.000008
15 36 -0.000005
15 37 -0.000001
15 38 0.000001
15 39 -0.000007
15 40 -0.000010
15 41 -0.000007
15 42 -0.000006
15 43 -0.000005
15 44 -0.000003
15 45 -0.000002
15 46 -0.000002
15 47 -0.000001
15 48 -0.000001
15 49 0.000000
15 50 -0.000000
15 51 0.000000
15 52 0.000000
15 53 0.000000
15 54 0.000000
15 55 0.000000
15 56 0.000000
15 57 0.000000
15 58 0.000000
15 59 0.000000
15 60 0.000000
15 61 0.000000
15 62 0.000000
15 63 0.000000
16 0 0.008055
16 1 0.007125
16 2 0.006237
16 3 0.005449
16 4 0.004732
16 5 0.004037
16 6 0.003491
16 7 0.003007
16 8 0.002577
16 9 0.002212
16 10 0.001897
16 11 0.001612
16 12 0.001300
16 13 0.001021
16 14 0.000771
16 15 0.000551
16 16 0.000381
16 17 0.000243
16 18 0.000177
16 19 0.000124
16 20 0.000105
16 21 0.000081
16 22 0.000072
16 23 0.000079
16 24 0.000069
16 25 0.000013
16 26 0.000022
16 27 0.000020
16 28 0.000015
16 29 0.000012
16 30 0.000008
16 31 0.000005
16 32 0.000002
16 33 -0.000001
16 34 -0.000003
16 35 -0.000003
16 36 -0.000002
16 37 -0.000001
16 38 -0.000001
16 39 -0.000003
16 40 -0.000004
16 41 -0.000004
16 42 -0.000003
16 43 -0.000002
16 44 0.000000
16 45 -0.000001
16 46 0.000000
16 47 0.000000
16 48 0.000000
16 49 0.000000
16 50 0.000000
16 51 0.000000
16 52 0.000000
16 53 0.000000
16 54 0.000000
16 55 0.000000
16 56 0.000000
16 57 0.000000
16 58 0.000000
16 59 0.000000
16 60 0.000000
16 61 0.000000
16 62 0.000000
16 63 0.000000
17 0 0.007679
17 1 0.006743
17 2 0.005875
17 3 0.005093
17 4 0.004365
17 5 0.003701
17 6 0.003137
17 7 0.002663
17 8 0.002278
17 9 0.001941
17 10 0.001645
17 11 0.001380
17 12 0.001131
17 13 0.000842
17 14 0.000591
17 15 0.000414
17 16 0.000234
17 17 0.000000
17 18 0.000075
17 19 0.000073
17 20 0.000065
17 21 0.000046
17 22 0.000024
17 23 0.000034
17 24 0.000031
17 25 0.000014
17 26 0.000011
17 27 0.000008
17 28 0.000000
17 29 0.000000
17 30 0.000003
17 31 0.000002
17 32 0.000001
17 33 0.000000
17 34 0.000000
17 35 0.000000
17 36 0.000000
17 37 0.000000
17 38 0.000000
17 39 0.000000
17 40 0.000000
17 41 0.000000
17 42 0.000000
17 43 0.000000
17 44 0.000000
17 45 0.000000
17 46 0.000000
17 47 0.000000
17 48 0.000000
17 49 0.000000
17 50 0.000000
17 51 0.000000
17 52 0.000000
17 53 0.000000
17 54 0.000000
17 55 0.000000
17 56 0.000000
17 57 0.000000
17 58 0.000000
17 59 0.000000
17 60 0.000000
17 61 0.000000
17 62 0.000000
17 63 0.000000
18 0 0.007258
18 1 0.006331
18 2 0.005478
18 3 0.004641
18 4 0.003873
18 5 0.003244
18 6 0.002701
18 7 0.002280
18 8 0.001925
18 9 0.001628
18 10 0.001361
18 11 0.001120
18 12 0.000903
18 13 0.000642
18 14 0.000437
18 15 0.000281
18 16 0.000140
18 17 0.000044
18 18 0.000037
18 19 0.000027
18 20 0.000000
18 21 0.000000
18 22 0.000000
18 23 0.000000
18 24 0.000000
18 25 0.000000
18 26 0.000000
18 27 0.000000
18 28 0.000000
18 29 0.000000
18 30 0.000000
18 31 0.000000
18 32 0.000000
18 33 0.000000
18 34 0.000000
18 35 0.000000
18 36 0.000000
18 37 0.000000
18 38 0.000000
18 39 0.000000
18 40 0.000000
18 41 0.000000
18 42 0.000000
18 43 0.000000
18 44 0.000000
18 45 0.000000
18 46 0.000000
18 47 0.000000
18 48 0.000000
18 49 0.000000
18 50 0.000000
18 51 0.000000
18 52 0.000000
18 53 0.000000
18 54 0.000000
18 55 0.000000
18 56 0.000000
18 57 0.000000
18 58 0.000000
18 59 0.000000
18 60 0.000000
18 61 0.000000
18 62 0.000000
18 63 0.000000
19 0 0.006812
19 1 0.005832
19 2 0.004919
19 3 0.004079
19 4 0.003242
19 5 0.002554
19 6 0.002107
19 7 0.001818
19 8 0.001539
19 9 0.001286
19 10 0.001051
19 11 0.000834
19 12 0.000634
19 13 0.000458
19 14 0.000257
19 15 0.000135
19 16 0.000000
19 17 0.000000
19 18 0.000000
19 19 0.000000
19 20 0.000000
19 21 0.000000
19 22 0.000000
19 23 0.000000
19 24 0.000000
19 25 0.000000
19 26 0.000000
19 27 0.000000
19 28 0.000000
19 29 0.000000
19 30 0.000000
19 31 0.000000
19 32 0.000000
19 33 0.000000
19 34 0.000000
19 35 0.000000
19 36 0.000000
19 37 0.000000
19 38 0.000000
19 39 0.000000
19 40 0.000000
19 41 0.000000
19 42 0.000000
19 43 0.000000
19 44 0.000000
19 45 0.000000
19 46 0.000000
19 47 0.000000
19 48 0.000000
19 49 0.000000
19 50 0.000000
19 51 0.000000
19 52 0.000000
19 53 0.000000
19 54 0.000000
19 55 0.000000
19 56 0.000000
19 57 0.000000
19 58 0.000000
19 59 0.000000
19 60 0.000000
19 61 0.000000
19 62 0.000000
19 63 0.000000
20 0 0.006353
20 1 0.005421
20 2 0.004460
20 3 0.003513
20 4 0.002536
20 5 0.001623
20 6 0.001395
20 7 0.001305
20 8 0.001127
20 9 0.000927
20 10 0.000722
20 11 0.000531
20 12 0.000341
20 13 0.000200
20 14 0.000000
20 15 0.000000
20 16 0.000000
20 17 0.000000
20 18 0.000000
20 19 0.000000
20 20 0.000000
20 21 0.000000
20 22 0.000000
20 23 0.000000
20 24 0.000000
20 25 0.000000
20 26 0.000000
20 27 0.000000
20 28 0.000000
20 29 0.000000
20 30 0.000000
20 31 0.000000
20 32 0.000000
20 33 0.000000
20 34 0.000000
20 35 0.000000
20 36 0.000000
20 37 0.000000
20 38 0.000000
20 39 0.000000
20 40 0.000000
20 41 0.000000
20 42 0.000000
20 43 0.000000
20 44 0.000000
20 45 0.000000
20 46 0.000000
20 47 0.000000
20 48 0.000000
20 49 0.000000
20 50 0.000000
20 51 0.000000
20 52 0.000000
20 53 0.000000
20 54 0.000000
20 55 0.000000
20 56 0.000000
20 57 0.000000
20 58 0.000000
20 59 0.000000
20 60 0.000000
20 61 0.000000
20 62 0.000000
20 63 0.000000
21 0 0.005892
21 1 0.004980
21 2 0.004036
21 3 0.002983
21 4 0.001824
21 5 0.000000
21 6 0.000734
21 7 0.000870
21 8 0.000738
21 9 0.000571
21 10 0.000380
21 11 0.000228
21 12 0.000000
21 13 0.000000
21 14 0.000000
21 15 0.000000
21 16 0.000000
21 17 0.000000
21 18 0.000000
21 19 0.000000
21 20 0.000000
21 21 0.000000
21 22 0.000000
21 23 0.000000
21 24 0.000000
21 25 0.000000
21 26 0.000000
21 27 0.000000
21 28 0.000000
21 29 0.000000
21 30 0.000000
21 31 0.000000
21 32 0.000000
21 33 0.000000
21 34 0.000000
21 35 0.000000
21 36 0.000000
21 37 0.000000
21 38 0.000000
21 39 0.000000
21 40 0.000000
21 41 0.000000
21 42 0.000000
21 43 0.000000
21 44 0.000000
21 45 0.000000
21 46 0.000000
21 47 0.000000
21 48 0.000000
21 49 0.000000
21 50 0.000000
21 51 0.000000
21 52 0.000000
21 53 0.000000
21 54 0.000000
21 55 0.000000
21 56 0.000000
21 57 0.000000
21 58 0.000000
21 59 0.000000
21 60 0.000000
21 61 0.000000
21 62 0.000000
21 63 0.000000
22 0 0.005453
22 1 0.004499
22 2 0.003577
22 3 0.002620
22 4 0.001686
22 5 0.000805
22 6 0.000689
22 7 0.000555
22 8 0.000383
22 9 0.000238
22 10 0.000000
22 11 0.000000
22 12 0.000000
22 13 0.000000
22 14 0.000000
22 15 0.000000
22 16 0.000000
22 17 0.000000
22 18 0.000000
22 19 0.000000
22 20 0.000000
22 21 0.000000
22 22 0.000000
22 23 0.000000
22 24 0.000000
22 25 0.000000
22 26 0.000000
22 27 0.000000
22 28 0.000000
22 29 0.000000
22 30 0.000000
22 31 0.000000
22 32 0.000000
22 33 0.000000
22 34 0.000000
22 35 0.000000
22 36 0.000000
22 37 0.000000
22 38 0.000000
22 39 0.000000
22 40 0.000000
22 41 0.000000
22 42 0.000000
22 43 0.000000
22 44 0.000000
22 45 0.000000
22 46 0.000000
22 47 0.000000
22 48 0.000000
22 49 0.000000
22 50 0.000000
22 51 0.000000
22 52 0.000000
22 53 0.000000
22 54 0.000000
22 55 0.000000
22 56 0.000000
22 57 0.000000
22 58 0.000000
22 59 0.000000
22 60 0.000000
22 61 0.000000
22 62 0.000000
22 63 0.000000
23 0 0.004915
23 1 0.003965
23 2 0.003073
23 3 0.002230
23 4 0.001461
23 5 0.000845
23 6 0.000563
23 7 0.000279
23 8 0.000000
23 9 0.000000
23 10 0.000000
23 11 0.000000
23 12 0.000000
23 13 0.000000
23 14 0.000000
23 15 0.000000
23 16 0.000000
23 17 0.000000
23 18 0.000000
23 19 0.000000
23 20 0.000000
23 21 0.000000
23 22 0.000000
23 23 0.000000
23 24 0.000000
23 25 0.000000
23 26 0.000000
23 27 0.000000
23 28 0.000000
23 29 0.000000
23 30 0.000000
23 31 0.000000
23 32 0.000000
23 33 0.000000
23 34 0.000000
23 35 0.000000
23 36 0.000000
23 37 0.000000
23 38 0.000000
23 39 0.000000
23 40 0.000000
23 41 0.000000
23 42 0.000000
23 43 0.000000
23 44 0.000000
23 45 0.000000
23 46 0.000000
23 47 0.000000
23 48 0.000000
23 49 0.000000
23 50 0.000000
23 51 0.000000
23 52 0.000000
23 53 0.000000
23 54 0.000000
23 55 0.000000
23 56 0.000000
23 57 0.000000
23 58 0.000000
23 59 0.000000
23 60 0.000000
23 61 0.000000
23 62 0.000000
23 63 0.000000
24 0 0.004269
24 1 0.003356
24 2 0.002517
24 3 0.001762
24 4 0.001086
24 5 0.000553
24 6 0.000279
24 7 0.000000
24 8 0.000000
24 9 0.000000
24 10 0.000000
24 11 0.000000
24 12 0.000000
24 13 0.000000
24 14 0.000000
24 15 0.000000
24 16 0.000000
24 17 0.000000
24 18 0.000000
24 19 0.000000
24 20 0.000000
24 21 0.000000
24 22 0.000000
24 23 0.000000
24 24 0.000000
24 25 0.000000
24 26 0.000000
24 27 0.000000
24 28 0.000000
24 29 0.000000
24 30 0.000000
24 31 0.000000
24 32 0.000000
24 33 0.000000
24 34 0.000000
24 35 0.000000
24 36 0.000000
24 37 0.000000
24 38 0.000000
24 39 0.000000
24 40 0.000000
24 41 0.000000
24 42 0.000000
24 43 0.000000
24 44 0.000000
24 45 0.000000
24 46 0.000000
24 47 0.000000
24 48 0.000000
24 49 0.000000
24 50 0.000000
24 51 0.000000
24 52 0.000000
24 53 0.000000
24 54 0.000000
24 55 0.000000
24 56 0.000000
24 57 0.000000
24 58 0.000000
24 59 0.000000
24 60 0.000000
24 61 0.000000
24 62 0.000000
24 63 0.000000
25 0 0.003554
25 1 0.002659
25 2 0.001869
25 3 0.001214
25 4 0.000575
25 5 0.000000
25 6 0.000000
25 7 0.000000
25 8 0.000000
25 9 0.000000
25 10 0.000000
25 11 0.000000
25 12 0.000000
25 13 0.000000
25 14 0.000000
25 15 0.000000
25 16 0.000000
25 17 0.000000
25 18 0.000000
25 19 0.000000
25 20 0.000000
25 21 0.000000
25 22 0.000000
25 23 0.000000
25 24 0.000000
25 25 0.000000
25 26 0.000000
25 27 0.000000
25 28 0.000000
25 29 0.000000
25 30 0.000000
25 31 0.000000
25 32 0.000000
25 33 0.000000
25 34 0.000000
25 35 0.000000
25 36 0.000000
25 37 0.000000
25 38 0.000000
25 39 0.000000
25 40 0.000000
25 41 0.000000
25 42 0.000000
25 43 0.000000
25 44 0.000000
25 45 0.000000
25 46 0.000000
25 47 0.000000
25 48 0.000000
25 49 0.000000
25 50 0.000000
25 51 0.000000
25 52 0.000000
25 53 0.000000
25 54 0.000000
25 55 0.000000
25 56 0.000000
25 57 0.000000
25 58 0.000000
25 59 0.000000
25 60 0.000000
25 61 0.000000
25 62 0.000000
25 63 0.000000
26 0 0.002755
26 1 0.001858
26 2 0.001085
26 3 0.000613
26 4 0.000000
26 5 0.000000
26 6 0.000000
26 7 0.000000
26 8 0.000000
26 9 0.000000
26 10 0.000000
26 11 0.000000
26 12 0.000000
26 13 0.000000
26 14 0.000000
26 15 0.000000
26 16 0.000000
26 17 0.000000
26 18 0.000000
26 19 0.000000
26 20 0.000000
26 21 0.000000
26 22 0.000000
26 23 0.000000
26 24 0.000000
26 25 0.000000
26 26 0.000000
26 27 0.000000
26 28 0.000000
26 29 0.000000
26 30 0.000000
26 31 0.000000
26 32 0.000000
26 33 0.000000
26 34 0.000000
26 35 0.000000
26 36 0.000000
26 37 0.000000
26 38 0.000000
26 39 0.000000
26 40 0.000000
26 41 0.000000
26 42 0.000000
26 43 0.000000
26 44 0.000000
26 45 0.000000
26 46 0.000000
26 47 0.000000
26 48 0.000000
26 49 0.000000
26 50 0.000000
26 51 0.000000
26 52 0.000000
26 53 0.000000
26 54 0.000000
26 55 0.000000
26 56 0.000000
26 57 0.000000
26 58 0.000000
26 59 0.000000
26 60 0.000000
26 61 0.000000
26 62 0.000000
26 63 0.000000
27 0 0.001873
27 1 0.000933
27 2 0.000000
27 3 0.000153
27 4 0.000000
27 5 0.000000
27 6 0.000000
27 7 0.000000
27 8 0.000000
27 9 0.000000
27 10 0.000000
27 11 0.000000
27 12 0.000000
27 13 0.000000
27 14 0.000000
27 15 0.000000
27 16 0.000000
27 17 0.000000
27 18 0.000000
27 19 0.000000
27 20 0.000000
27 21 0.000000
27 22 0.000000
27 23 0.000000
27 24 0.000000
27 25 0.000000
27 26 0.000000
27 27 0.000000
27 28 0.000000
27 29 0.000000
27 30 0.000000
27 31 0.000000
27 32 0.000000
27 33 0.000000
27 34 0.000000
27 35 0.000000
27 36 0.000000
27 37 0.000000
27 38 0.000000
27 39 0.000000
27 40 0.000000
27 41 0.000000
27 42 0.000000
27 43 0.000000
27 44 0.000000
27 45 0.000000
27 46 0.000000
27 47 0.000000
27 48 0.000000
27 49 0.000000
27 50 0.000000
27 51 0.000000
27 52 0.000000
27 53 0.000000
27 54 0.000000
27 55 0.000000
27 56 0.000000
27 57 0.000000
27 58 0.000000
27 59 0.000000
27 60 0.000000
27 61 0.000000
27 62 0.000000
27 63 0.000000
28 0 0.000951
28 1 0.000000
28 2 0.000000
28 3 0.000000
28 4 0.000000
28 5 0.000000
28 6 0.000000
28 7 0.000000
28 8 0.000000
28 9 0.000000
28 10 0.000000
28 11 0.000000
28 12 0.000000
28 13 0.000000
28 14 0.000000
28 15 0.000000
28 16 0.000000
28 17 0.000000
28 18 0.000000
28 19 0.000000
28 20 0.000000
28 21 0.000000
28 22 0.000000
28 23 0.000000
28 24 0.000000
28 25 0.000000
28 26 0.000000
28 27 0.000000
28 28 0.000000
28 29 0.000000
28 30 0.000000
28 31 0.000000
28 32 0.000000
28 33 0.000000
28 34 0.000000
28 35 0.000000
28 36 0.000000
28 37 0.000000
28 38 0.000000
28 39 0.000000
28 40 0.000000
28 41 0.000000
28 42 0.000000
28 43 0.000000
28 44 0.000000
28 45 0.000000
28 46 0.000000
28 47 0.000000
28 48 0.000000
28 49 0.000000
28 50 0.000000
28 51 0.000000
28 52 0.000000
28 53 0.000000
28 54 0.000000
28 55 0.000000
28 56 0.000000
28 57 0.000000
28 58 0.000000
28 59 0.000000
28 60 0.000000
28 61 0.000000
28 62 0.000000
28 63 0.000000
29 0 0.000000
29 1 0.000000
29 2 0.000000
29 3 0.000000
29 4 0.000000
29 5 0.000000
29 6 0.000000
29 7 0.000000
29 8 0.000000
29 9 0.000000
29 10 0.000000
29 11 0.000000
29 12 0.000000
29 13 0.000000
29 14 0.000000
29 15 0.000000
29 16 0.000000
29 17 0.000000
29 18 0.000000
29 19 0.000000
29 20 0.000000
29 21 0.000000
29 22 0.000000
29 23 0.000000
29 24 0.000000
29 25 0.000000
29 26 0.000000
29 27 0.000000
29 28 0.000000
29 29 0.000000
29 30 0.000000
29 31 0.000000
29 32 0.000000
29 33 0.000000
29 34 0.000000
29 35 0.000000
29 36 0.000000
29 37 0.000000
29 38 0.000000
29 39 0.000000
29 40 0.000000
29 41 0.000000
29 42 0.000000
29 43 0.000000
29 44 0.000000
29 45 0.000000
29 46 0.000000
29 47 0.000000
29 48 0.000000
29 49 0.000000
29 50 0.000000
29 51 0.000000
29 52 0.000000
29 53 0.000000
29 54 0.000000
29 55 0.000000
29 56 0.000000
29 57 0.000000
29 58 0.000000
29 59 0.000000
29 60 0.000000
29 61 0.000000
29 62 0.000000
29 63 0.000000
30 0 0.000000
30 1 0.000000
30 2 0.000000
30 3 0.000000
30 4 0.000000
30 5 0.000000
30 6 0.000000
30 7 0.000000
30 8 0.000000
30 9 0.000000
30 10 0.000000
30 11 0.000000
30 12 0.000000
30 13 0.000000
30 14 0.000000
30 15 0.000000
30 16 0.000000
30 17 0.000000
30 18 0.000000
30 19 0.000000
30 20 0.000000
30 21 0.000000
30 22 0.000000
30 23 0.000000
30 24 0.000000
30 25 0.000000
30 26 0.000000
30 27 0.000000
30 28 0.000000
30 29 0.000000
30 30 0.000000
30 31 0.000000
30 32 0.000000
30 33 0.000000
30 34 0.000000
30 35 0.000000
30 36 0.000000
30 37 0.000000
30 38 0.000000
30 39 0.000000
30 40 0.000000
30 41 0.000000
30 42 0.000000
30 43 0.000000
30 44 0.000000
30 45 0.000000
30 46 0.000000
30 47 0.000000
30 48 0.000000
30 49 0.000000
30 50 0.000000
30 51 0.000000
30 52 0.000000
30 53 0.000000
30 54 0.000000
30 55 0.000000
30 56 0.000000
30 57 0.000000
30 58 0.000000
30 59 0.000000
30 60 0.000000
30 61 0.000000
30 62 0.000000
30 63 0.000000
31 0 0.000000
31 1 0.000000
31 2 0.000000
31 3 0.000000
31 4 0.000000
31 5 0.000000
31 6 0.000000
31 7 0.000000
31 8 0.000000
31 9 0.000000
31 10 0.000000
31 11 0.000000
31 12 0.000000
31 13 0.000000
31 14 0.000000
31 15 0.000000
31 16 0.000000
31 17 0.000000
31 18 0.000000
31 19 0.000000
31 20 0.000000
31 21 0.000000
31 22 0.000000
31 23 0.000000
31 24 0.000000
31 25 0.000000
31 26 0.000000
31 27 0.000000
31 28 0.000000
31 29 0.000000
31 30 0.000000
31 31 0.000000
31 32 0.000000
31 33 0.000000
31 34 0.000000
31 35 0.000000
31 36 0.000000
31 37 0.000000
31 38 0.000000
31 39 0.000000
31 40 0.000000
31 41 0.000000
31 42 0.000000
31 43 0.000000
31 44 0.000000
31 45 0.000000
31 46 0.000000
31 47 0.000000
31 48 0.000000
31 49 0.000000
31 50 0.000000
31 51 0.000000
31 52 0.000000
31 53 0.000000
31 54 0.000000
31 55 0.000000
31 56 0.000000
31 57 0.000000
31 58 0.000000
31 59 0.000000
31 60 0.000000
31 61 0.000000
31 62 0.000000
31 63 0.000000
32 0 0.000000
32 1 0.000000
32 2 0.000000
32 3 0.000000
32 4 0.000000
32 5 0.000000
32 6 0.000000
32 7 0.000000
32 8 0.000000
32 9 0.000000
32 10 0.000000
32 11 0.000000
32 12 0.000000
32 13 0.000000
32 14 0.000000
32 15 0.000000
32 16 0.000000
32 17 0.000000
32 18 0.000000
32 19 0.000000
32 20 0.000000
32 21 0.000000
32 22 0.000000
32 23 0.000000
32 24 0.000000
32 25 0.000000
32 26 0.000000
32 27 0.000000
32 28 0.000000
32 29 0.000000
32 30 0.000000
32 31 0.000000
32 32 0.000000
32 33 0.000000
32 34 0.000000
32 35 0.000000
32 36 0.000000
32 37 0.000000
32 38 0.000000
32 39 0.000000
32 40 0.000000
32 41 0.000000
32 42 0.000000
32 43 0.000000
32 44 0.000000
32 45 0.000000
32 46 0.000000
32 47 0.000000
32 48 0.000000
32 49 0.000000
32 50 0.000000
32 51 0.000000
32 52 0.000000
32 53 0.000000
32 54 0.000000
32 55 0.000000
32 56 0.000000
32 57 0.000000
32 58 0.000000
32 59 0.000000
32 60 0.000000
32 61 0.000000
32 62 0.000000
32 63 0.000000
33 0 0.000000
33 1 0.000000
33 2 0.000000
33 3 0.000000
33 4 0.000000
33 5 0.000000
33 6 0.000000
33 7 0.000000
33 8 0.000000
33 9 0.000000
33 10 0.000000
33 11 0.000000
33 12 0.000000
33 13 0.000000
33 14 0.000000
33 15 0.000000
33 16 0.000000
33 17 0.000000
33 18 0.000000
33 19 0.000000
33 20 0.000000
33 21 0.000000
33 22 0.000000
33 23 0.000000
33 24 0.000000
33 25 0.000000
33 26 0.000000
33 27 0.000000
33 28 0.000000
33 29 0.000000
33 30 0.000000
33 31 0.000000
33 32 0.000000
33 33 0.000000
33 34 0.000000
33 35 0.000000
33 36 0.000000
33 37 0.000000
33 38 0.000000
33 39 0.000000
33 40 0.000000
33 41 0.000000
33 42 0.000000
33 43 0.000000
33 44 0.000000
33 45 0.000000
33 46 0.000000
33 47 0.000000
33 48 0.000000
33 49 0.000000
33 50 0.000000
33 51 0.000000
33 52 0.000000
33 53 0.000000
33 54 0.000000
33 55 0.000000
33 56 0.000000
33 57 0.000000
33 58 0.000000
33 59 0.000000
33 60 0.000000
33 61 0.000000
33 62 0.000000
33 63 0.000000
34 0 0.000000
34 1 0.000000
34 2 0.000000
34 3 0.000000
34 4 0.000000
34 5 0.000000
34 6 0.000000
34 7 0.000000
34 8 0.000000
34 9 0.000000
34 10 0.000000
34 11 0.000000
34 12 0.000000
34 13 0.000000
34 14 0.000000
34 15 0.000000
34 16 0.000000
34 17 0.000000
34 18 0.000000
34 19 0.000000
34 20 0.000000
34 21 0.000000
34 22 0.000000
34 23 0.000000
34 24 0.000000
34 25 0.000000
34 26 0.000000
34 27 0.000000
34 28 0.000000
34 29 0.000000
34 30 0.000000
34 31 0.000000
34 32 0.000000
34 33 0.000000
34 34 0.000000
34 35 0.000000
34 36 0.000000
34 37 0.000000
34 38 0.000000
34 39 0.000000
34 40 0.000000
34 41 0.000000
34 42 0.000000
34 43 0.000000
34 44 0.000000
34 45 0.000000
34 46 0.000000
34 47 0.000000
34 48 0.000000
34 49 0.000000
34 50 0.000000
34 51 0.000000
34 52 0.000000
34 53 0.000000
34 54 0.000000
34 55 0.000000
34 56 0.000000
34 57 0.000000
34 58 0.000000
34 59 0.000000
34 60 0.000000
34 61 0.000000
34 62 0.000000
34 63 0.000000
35 0 0.000000
35 1 0.000000
35 2 0.000000
35 3 0.000000
35 4 0.000000
35 5 0.000000
35 6 0.000000
35 7 0.000000
35 8 0.000000
35 9 0.000000
35 10 0.000000
35 11 0.000000
35 12 0.000000
35 13 0.000000
35 14 0.000000
35 15 0.000000
35 16 0.000000
35 17 0.000000
35 18 0.000000
35 19 0.000000
35 20 0.000000
35 21 0.000000
35 22 0.000000
35 23 0.000000
35 24 0.000000
35 25 0.000000
35 26 0.000000
35 27 0.000000
35 28 0.000000
35 29 0.000000
35 30 0.000000
35 31 0.000000
35 32 0.000000
35 33 0.000000
35 34 0.000000
35 35 0.000000
35 36 0.000000
35 37 0.000000
35 38 0.000000
35 39 0.000000
35 40 0.000000
35 41 0.000000
35 42 0.000000
35 43 0.000000
35 44 0.000000
35 45 0.000000
35 46 0.000000
35 47 0.000000
35 48 0.000000
35 49 0.000000
35 50 0.000000
35 51 0.000000
35 52 0.000000
35 53 0.000000
35 54 0.000000
35 55 0.000000
35 56 0.000000
35 57 0.000000
35 58 0.000000
35 59 0.000000
35 60 0.000000
35 61 0.000000
35 62 0.000000
35 63 0.000000
36 0 0.000878
36 1 0.000219
36 2 0.000000
36 3 0.000000
36 4 0.000000
36 5 0.000000
36 6 0.000000
36 7 0.000000
36 8 0.000000
36 9 0.000000
36 10 0.000000
36 11 0.000000
36 12 0.000000
36 13 0.000000
36 14 0.000000
36 15 0.000000
36 16 0.000000
36 17 0.000000
36 18 0.000000
36 19 0.000000
36 20 0.000000
36 21 0.000000
36 22 0.000000
36 23 0.000000
36 24 0.000000
36 25 0.000000
36 26 0.000000
36 27 0.000000
36 28 0.000000
36 29 0.000000
36 30 0.000000
36 31 0.000000
36 32 0.000000
36 33 0.000000
36 34 0.000000
36 35 0.000000
36 36 0.000000
36 37 0.000000
36 38 0.000000
36 39 0.000000
36 40 0.000000
36 41 0.000000
36 42 0.000000
36 43 0.000000
36 44 0.000000
36 45 0.000000
36 46 0.000000
36 47 0.000000
36 48 0.000000
36 49 0.000000
36 50 0.000000
36 51 0.000000
36 52 0.000000
36 53 0.000000
36 54 0.000000
36 55 0.000000
36 56 0.000000
36 57 0.000000
36 58 0.000000
36 59 0.000000
36 60 0.000000
36 61 0.000000
36 62 0.000000
36 63 0.000000
37 0 0.001433
37 1 0.000000
37 2 0.000350
37 3 0.000289
37 4 0.000000
37 5 0.000000
37 6 0.000000
37 7 0.000000
37 8 0.000000
37 9 0.000000
37 10 0.000000
37 11 0.000000
37 12 0.000000
37 13 0.000000
37 14 0.000000
37 15 0.000000
37 16 0.000000
37 17 0.000000
37 18 0.000000
37 19 0.000000
37 20 0.000000
37 21 0.000000
37 22 0.000000
37 23 0.000000
37 24 0.000000
37 25 0.000000
37 26 0.000000
37 27 0.000000
37 28 0.000000
37 29 0.000000
37 30 0.000000
37 31 0.000000
37 32 0.000000
37 33 0.000000
37 34 0.000000
37 35 0.000000
37 36 0.000000
37 37 0.000000
37 38 0.000000
37 39 0.000000
37 40 0.000000
37 41 0.000000
37 42 0.000000
37 43 0.000000
37 44 0.000000
37 45 0.000000
37 46 0.000000
37 47 0.000000
37 48 0.000000
37 49 0.000000
37 50 0.000000
37 51 0.000000
37 52 0.000000
37 53 0.000000
37 54 0.000000
37 55 0.000000
37 56 0.000000
37 57 0.000000
37 58 0.000000
37 59 0.000000
37 60 0.000000
37 61 0.000000
37 62 0.000000
37 63 0.000000
38 0 0.002443
38 1 0.001495
38 2 0.001110
38 3 0.000774
38 4 0.000402
38 5 0.000000
38 6 0.000000
38 7 0.000000
38 8 0.000000
38 9 0.000000
38 10 0.000000
38 11 0.000000
38 12 0.000000
38 13 0.000000
38 14 0.000000
38 15 0.000000
38 16 0.000000
38 17 0.000000
38 18 0.000000
38 19 0.000000
38 20 0.000000
38 21 0.000000
38 22 0.000000
38 23 0.000000
38 24 0.000000
38 25 0.000000
38 26 0.000000
38 27 0.000000
38 28 0.000000
38 29 0.000000
38 30 0.000000
38 31 0.000000
38 32 0.000000
38 33 0.000000
38 34 0.000000
38 35 0.000000
38 36 0.000000
38 37 0.000000
38 38 0.000000
38 39 0.000000
38 40 0.000000
38 41 0.000000
38 42 0.000000
38 43 0.000000
38 44 0.000000
38 45 0.000000
38 46 0.000000
38 47 0.000000
38 48 0.000000
38 49 0.000000
38 50 0.000000
38 51 0.000000
38 52 0.000000
38 53 0.000000
38 54 0.000000
38 55 0.000000
38 56 0.000000
38 57 0.000000
38 58 0.000000
38 59 0.000000
38 60 0.000000
38 61 0.000000
38 62 0.000000
38 63 0.000000
39 0 0.003244
39 1 0.002428
39 2 0.001817
39 3 0.001288
39 4 0.000843
39 5 0.000441
39 6 0.000116
39 7 0.000000
39 8 0.000000
39 9 0.000000
39 10 0.000000
39 11 0.000000
39 12 0.000000
39 13 0.000000
39 14 0.000000
39 15 0.000000
39 16 0.000000
39 17 0.000000
39 18 0.000000
39 19 0.000000
39 20 0.000000
39 21 0.000000
39 22 0.000000
39 23 0.000000
39 24 0.000000
39 25 0.000000
39 26 0.000000
39 27 0.000000
39 28 0.000000
39 29 0.000000
39 30 0.000000
39 31 0.000000
39 32 0.000000
39 33 0.000000
39 34 0.000000
39 35 0.000000
39 36 0.000000
39 37 0.000000
39 38 0.000000
39 39 0.000000
39 40 0.000000
39 41 0.000000
39 42 0.000000
39 43 0.000000
39 44 0.000000
39 45 0.000000
39 46 0.000000
39 47 0.000000
39 48 0.000000
39 49 0.000000
39 50 0.000000
39 51 0.000000
39 52 0.000000
39 53 0.000000
39 54 0.000000
39 55 0.000000
39 56 0.000000
39 57 0.000000
39 58 0.000000
39 59 0.000000
39 60 0.000000
39 61 0.000000
39 62 0.000000
39 63 0.000000
40 0 0.003982
40 1 0.003155
40 2 0.002441
40 3 0.001755
40 4 0.001164
40 5 0.000616
40 6 0.000175
40 7 0.000000
40 8 0.000000
40 9 0.000000
40 10 0.000000
40 11 0.000000
40 12 0.000000
40 13 0.000000
40 14 0.000000
40 15 0.000000
40 16 0.000000
40 17 0.000000
40 18 0.000000
40 19 0.000000
40 20 0.000000
40 21 0.000000
40 22 0.000000
40 23 0.000000
40 24 0.000000
40 25 0.000000
40 26 0.000000
40 27 0.000000
40 28 0.000000
40 29 0.000000
40 30 0.000000
40 31 0.000000
40 32 0.000000
40 33 0.000000
40 34 0.000000
40 35 0.000000
40 36 0.000000
40 37 0.000000
40 38 0.000000
40 39 0.000000
40 40 0.000000
40 41 0.000000
40 42 0.000000
40 43 0.000000
40 44 0.000000
40 45 0.000000
40 46 0.000000
40 47 0.000000
40 48 0.000000
40 49 0.000000
40 50 0.000000
40 51 0.000000
40 52 0.000000
40 53 0.000000
40 54 0.000000
40 55 0.000000
40 56 0.000000
40 57 0.000000
40 58 0.000000
40 59 0.000000
40 60 0.000000
40 61 0.000000
40 62 0.000000
40 63 0.000000
41 0 0.004641
41 1 0.003771
41 2 0.002932
41 3 0.002089
41 4 0.001356
41 5 0.000712
41 6 0.000000
41 7 0.000000
41 8 0.000000
41 9 0.000054
41 10 0.000000
41 11 0.000000
41 12 0.000000
41 13 0.000000
41 14 0.000000
41 15 0.000000
41 16 0.000000
41 17 0.000000
41 18 0.000000
41 19 0.000000
41 20 0.000000
41 21 0.000000
41 22 0.000000
41 23 0.000000
41 24 0.000000
41 25 0.000000
41 26 0.000000
41 27 0.000000
41 28 0.000000
41 29 0.000000
41 30 0.000000
41 31 0.000000
41 32 0.000000
41 33 0.000000
41 34 0.000000
41 35 0.000000
41 36 0.000000
41 37 0.000000
41 38 0.000000
41 39 0.000000
41 40 0.000000
41 41 0.000000
41 42 0.000000
41 43 0.000000
41 44 0.000000
41 45 0.000000
41 46 0.000000
41 47 0.000000
41 48 0.000000
41 49 0.000000
41 50 0.000000
41 51 0.000000
41 52 0.000000
41 53 0.000000
41 54 0.000000
41 55 0.000000
41 56 0.000000
41 57 0.000000
41 58 0.000000
41 59 0.000000
41 60 0.000000
41 61 0.000000
41 62 0.000000
41 63 0.000000
42 0 0.005191
42 1 0.004216
42 2 0.003217
42 3 0.002296
42 4 0.001423
42 5 0.000913
42 6 0.000468
42 7 0.000000
42 8 0.000228
42 9 0.000215
42 10 0.000000
42 11 0.000000
42 12 0.000000
42 13 0.000000
42 14 0.000000
42 15 0.000000
42 16 0.000000
42 17 0.000000
42 18 0.000000
42 19 0.000000
42 20 0.000000
42 21 0.000000
42 22 0.000000
42 23 0.000000
42 24 0.000000
42 25 0.000000
42 26 0.000000
42 27 0.000000
42 28 0.000000
42 29 0.000000
42 30 0.000000
42 31 0.000000
42 32 0.000000
42 33 0.000000
42 34 0.000000
42 35 0.000000
42 36 0.000000
42 37 0.000000
42 38 0.000000
42 39 0.000000
42 40 0.000000
42 41 0.000000
42 42 0.000000
42 43 0.000000
42 44 0.000000
42 45 0.000000
42 46 0.000000
42 47 0.000000
42 48 0.000000
42 49 0.000000
42 50 0.000000
42 51 0.000000
42 52 0.000000
42 53 0.000000
42 54 0.000000
42 55 0.000000
42 56 0.000000
42 57 0.000000
42 58 0.000000
42 59 0.000000
42 60 0.000000
42 61 0.000000
42 62 0.000000
42 63 0.000000
43 0 0.005731
43 1 0.004667
43 2 0.003577
43 3 0.002374
43 4 0.001218
43 5 0.001086
43 6 0.000966
43 7 0.000762
43 8 0.000718
43 9 0.000604
43 10 0.000368
43 11 0.000000
43 12 0.000000
43 13 0.000000
43 14 0.000000
43 15 0.000000
43 16 0.000000
43 17 0.000000
43 18 0.000000
43 19 0.000000
43 20 0.000000
43 21 0.000000
43 22 0.000000
43 23 0.000000
43 24 0.000000
43 25 0.000000
43 26 0.000000
43 27 0.000000
43 28 0.000000
43 29 0.000000
43 30 0.000000
43 31 0.000000
43 32 0.000000
43 33 0.000000
43 34 0.000000
43 35 0.000000
43 36 0.000000
43 37 0.000000
43 38 0.000000
43 39 0.000000
43 40 0.000000
43 41 0.000000
43 42 0.000000
43 43 0.000000
43 44 0.000000
43 45 0.000000
43 46 0.000000
43 47 0.000000
43 48 0.000000
43 49 0.000000
43 50 0.000000
43 51 0.000000
43 52 0.000000
43 53 0.000000
43 54 0.000000
43 55 0.000000
43 56 0.000000
43 57 0.000000
43 58 0.000000
43 59 0.000000
43 60 0.000000
43 61 0.000000
43 62 0.000000
43 63 0.000000
44 0 0.006356
44 1 0.005261
44 2 0.004020
44 3 0.002505
44 4 0.000000
44 5 0.001228
44 6 0.001477
44 7 0.001403
44 8 0.001291
44 9 0.001116
44 10 0.000870
44 11 0.000593
44 12 0.000367
44 13 0.000000
44 14 0.000000
44 15 0.000000
44 16 0.000000
44 17 0.000000
44 18 0.000000
44 19 0.000000
44 20 0.000000
44 21 0.000000
44 22 0.000000
44 23 0.000000
44 24 0.000000
44 25 0.000000
44 26 0.000000
44 27 0.000000
44 28 0.000000
44 29 0.000000
44 30 0.000000
44 31 0.000000
44 32 0.000000
44 33 0.000000
44 34 0.000000
44 35 0.000000
44 36 0.000000
44 37 0.000000
44 38 0.000000
44 39 0.000000
44 40 0.000000
44 41 0.000000
44 42 0.000000
44 43 0.000000
44 44 0.000000
44 45 0.000000
44 46 0.000000
44 47 0.000000
44 48 0.000000
44 49 0.000000
44 50 0.000000
44 51 0.000000
44 52 0.000000
44 53 0.000000
44 54 0.000000
44 55 0.000000
44 56 0.000000
44 57 0.000000
44 58 0.000000
44 59 0.000000
44 60 0.000000
44 61 0.000000
44 62 0.000000
44 63 0.000000
45 0 0.007031
45 1 0.005964
45 2 0.004837
45 3 0.003660
45 4 0.002516
45 5 0.002360
45 6 0.002245
45 7 0.002107
45 8 0.001928
45 9 0.001678
45 10 0.001401
45 11 0.001137
45 12 0.000873
45 13 0.000591
45 14 0.000367
45 15 0.000000
45 16 0.000132
45 17 0.000000
45 18 0.000000
45 19 0.000000
45 20 0.000000
45 21 0.000000
45 22 0.000000
45 23 0.000000
45 24 0.000000
45 25 0.000000
45 26 0.000000
45 27 0.000000
45 28 0.000000
45 29 0.000000
45 30 0.000000
45 31 0.000000
45 32 0.000000
45 33 0.000000
45 34 0.000000
45 35 0.000000
45 36 0.000000
45 37 0.000000
45 38 0.000000
45 39 0.000000
45 40 0.000000
45 41 0.000000
45 42 0.000000
45 43 0.000000
45 44 0.000000
45 45 0.000000
45 46 0.000000
45 47 0.000000
45 48 0.000000
45 49 0.000000
45 50 0.000000
45 51 0.000000
45 52 0.000000
45 53 0.000000
45 54 0.000000
45 55 0.000000
45 56 0.000000
45 57 0.000000
45 58 0.000000
45 59 0.000000
45 60 0.000000
45 61 0.000000
45 62 0.000000
45 63 0.000000
46 0 0.007705
46 1 0.006726
46 2 0.005732
46 3 0.004771
46 4 0.003961
46 5 0.003467
46 6 0.003122
46 7 0.002850
46 8 0.002576
46 9 0.002269
46 10 0.001971
46 11 0.001682
46 12 0.001398
46 13 0.001125
46 14 0.000877
46 15 0.000644
46 16 0.000530
46 17 0.000406
46 18 0.000315
46 19 0.000208
46 20 0.000000
46 21 0.000000
46 22 0.000000
46 23 0.000042
46 24 0.000000
46 25 0.000000
46 26 0.000000
46 27 0.000000
46 28 0.000000
46 29 0.000000
46 30 0.000000
46 31 0.000000
46 32 0.000000
46 33 0.000000
46 34 0.000000
46 35 0.000000
46 36 0.000000
46 37 0.000000
46 38 0.000000
46 39 0.000000
46 40 0.000000
46 41 0.000000
46 42 0.000000
46 43 0.000000
46 44 0.000000
46 45 0.000000
46 46 0.000000
46 47 0.000000
46 48 0.000000
46 49 0.000000
46 50 0.000000
46 51 0.000000
46 52 0.000000
46 53 0.000000
46 54 0.000000
46 55 0.000000
46 56 0.000000
46 57 0.000000
46 58 0.000000
46 59 0.000000
46 60 0.000000
46 61 0.000000
46 62 0.000000
46 63 0.000000
47 0 0.008444
47 1 0.007503
47 2 0.006589
47 3 0.005734
47 4 0.004975
47 5 0.004410
47 6 0.003966
47 7 0.003594
47 8 0.003256
47 9 0.002877
47 10 0.002532
47 11 0.002221
47 12 0.001913
47 13 0.001633
47 14 0.001371
47 15 0.001130
47 16 0.000937
47 17 0.000780
47 18 0.000647
47 19 0.000515
47 20 0.000366
47 21 0.000291
47 22 0.000233
47 23 0.000167
47 24 0.000000
47 25 0.000000
47 26 0.000000
47 27 0.000000
47 28 0.000030
47 29 0.000000
47 30 0.000000
47 31 0.000016
47 32 0.000000
47 33 0.000000
47 34 0.000000
47 35 0.000000
47 36 0.000007
47 37 0.000000
47 38 0.000000
47 39 0.000000
47 40 0.000000
47 41 0.000000
47 42 0.000000
47 43 0.000000
47 44 0.000000
47 45 0.000000
47 46 0.000000
47 47 0.000000
47 48 0.000000
47 49 0.000000
47 50 0.000000
47 51 0.000000
47 52 0.000000
47 53 0.000000
47 54 0.000000
47 55 0.000000
47 56 0.000000
47 57 0.000000
47 58 0.000000
47 59 0.000000
47 60 0.000000
47 61 0.000000
47 62 0.000000
47 63 0.000000
48 0 0.009231
48 1 0.008298
48 2 0.007411
48 3 0.006592
48 4 0.005867
48 5 0.005264
48 6 0.004736
48 7 0.004306
48 8 0.003830
48 9 0.003425
48 10 0.003061
48 11 0.002719
48 12 0.002399
48 13 0.002101
48 14 0.001819
48 15 0.001570
48 16 0.001320
48 17 0.001130
48 18 0.000976
48 19 0.000825
48 20 0.000660
48 21 0.000563
48 22 0.000476
48 23 0.000392
48 24 0.000279
48 25 0.000205
48 26 0.000174
48 27 0.000134
48 28 0.000118
48 29 0.000093
48 30 0.000075
48 31 0.000062
48 32 0.000046
48 33 0.000037
48 34 0.000032
48 35 0.000029
48 36 0.000027
48 37 0.000023
48 38 0.000020
48 39 0.000016
48 40 0.000011
48 41 0.000000
48 42 0.000005
48 43 0.000005
48 44 0.000003
48 45 0.000000
48 46 0.000000
48 47 0.000000
48 48 -0.000001
48 49 0.000000
48 50 0.000000
48 51 0.000000
48 52 0.000000
48 53 0.000000
48 54 0.000000
48 55 0.000000
48 56 0.000000
48 57 0.000000
48 58 0.000000
48 59 0.000000
48 60 0.000000
48 61 0.000000
48 62 0.000000
48 63 0.000000
49 0 0.009971
49 1 0.009063
49 2 0.008169
49 3 0.007361
49 4 0.006606
49 5 0.005973
49 6 0.005423
49 7 0.004988
49 8 0.004431
49 9 0.003959
49 10 0.003563
49 11 0.003197
49 12 0.002860
49 13 0.002540
49 14 0.002257
49 15 0.001972
49 16 0.001682
49 17 0.001463
49 18 0.001277
49 19 0.001104
49 20 0.000951
49 21 0.000825
49 22 0.000715
49 23 0.000622
49 24 0.000487
49 25 0.000404
49 26 0.000350
49 27 0.000245
49 28 0.000217
49 29 0.000179
49 30 0.000144
49 31 0.000112
49 32 0.000086
49 33 0.000071
49 34 0.000063
49 35 0.000056
49 36 0.000051
49 37 0.000045
49 38 0.000039
49 39 0.000033
49 40 0.000027
49 41 0.000020
49 42 0.000016
49 43 0.000012
49 44 0.000008
49 45 0.000003
49 46 -0.000000
49 47 -0.000003
49 48 -0.000004
49 49 -0.000004
49 50 -0.000003
49 51 -0.000001
49 52 0.000000
49 53 0.000000
49 54 0.000000
49 55 0.000000
49 56 0.000000
49 57 0.000000
49 58 0.000000
49 59 0.000000
49 60 0.000000
49 61 0.000000
49 62 0.000000
49 63 0.000000
50 0 0.010638
50 1 0.009722
50 2 0.008840
50 3 0.007994
50 4 0.007217
50 5 0.006572
50 6 0.006002
50 7 0.005470
50 8 0.004939
50 9 0.004469
50 10 0.004046
50 11 0.003652
50 12 0.003274
50 13 0.002945
50 14 0.002642
50 15 0.002355
50 16 0.002024
50 17 0.001761
50 18 0.001566
50 19 0.001383
50 20 0.001217
50 21 0.001071
50 22 0.000935
50 23 0.000802
50 24 0.000673
50 25 0.000585
50 26 0.000494
50 27 0.000386
50 28 0.000324
50 29 0.000264
50 30 0.000209
50 31 0.000155
50 32 0.000113
50 33 0.000099
50 34 0.000092
50 35 0.000083
50 36 0.000074
50 37 0.000067
50 38 0.000059
50 39 0.000052
50 40 0.000044
50 41 0.000035
50 42 0.000028
50 43 0.000020
50 44 0.000012
50 45 0.000005
50 46 -0.000002
50 47 -0.000006
50 48 -0.000008
50 49 -0.000008
50 50 -0.000007
50 51 0.000000
50 52 -0.000001
50 53 0.000000
50 54 0.000000
50 55 0.000000
50 56 0.000000
50 57 0.000000
50 58 0.000000
50 59 0.000000
50 60 0.000000
50 61 0.000000
50 62 0.000000
50 63 0.000000
51 0 0.011221
51 1 0.010258
51 2 0.009381
51 3 0.008559
51 4 0.007820
51 5 0.007142
51 6 0.006513
51 7 0.005875
51 8 0.005373
51 9 0.004899
51 10 0.004476
51 11 0.004072
51 12 0.003677
51 13 0.003319
51 14 0.002992
51 15 0.002693
51 16 0.002326
51 17 0.002054
51 18 0.001845
51 19 0.001643
51 20 0.001463
51 21 0.001308
51 22 0.001139
51 23 0.000978
51 24 0.000858
51 25 0.000749
51 26 0.000643
51 27 0.000524
51 28 0.000429
51 29 0.000344
51 30 0.000274
51 31 0.000174
51 32 0.000112
51 33 0.000121
51 34 0.000122
51 35 0.000109
51 36 0.000096
51 37 0.000088
51 38 0.000080
51 39 0.000071
51 40 0.000060
51 41 0.000050
51 42 0.000039
51 43 0.000029
51 44 0.000017
51 45 0.000005
51 46 -0.000006
51 47 -0.000013
51 48 -0.000013
51 49 -0.000014
51 50 -0.000017
51 51 -0.000010
51 52 -0.000004
51 53 0.000000
51 54 0.000000
51 55 0.000000
51 56 0.000000
51 57 0.000000
51 58 0.000000
51 59 0.000000
51 60 0.000000
51 61 0.000000
51 62 0.000000
51 63 0.000000
52 0 0.011793
52 1 0.010797
52 2 0.009920
52 3 0.009110
52 4 0.008335
52 5 0.007636
52 6 0.007005
52 7 0.006395
52 8 0.005848
52 9 0.005347
52 10 0.004906
52 11 0.004478
52 12 0.004023
52 13 0.003660
52 14 0.003316
52 15 0.002962
52 16 0.002632
52 17 0.002379
52 18 0.002120
52 19 0.001883
52 20 0.001685
52 21 0.001516
52 22 0.001322
52 23 0.001156
52 24 0.001033
52 25 0.000910
52 26 0.000803
52 27 0.000639
52 28 0.000522
52 29 0.000411
52 30 0.000282
52 31 0.000146
52 32 0.000137
52 33 0.000151
52 34 0.000166
52 35 0.000131
52 36 0.000112
52 37 0.000111
52 38 0.000102
52 39 0.000090
52 40 0.000077
52 41 0.000065
52 42 0.000051
52 43 0.000038
52 44 0.000023
52 45 0.000004
52 46 -0.000014
52 47 -0.000025
52 48 -0.000019
52 49 -0.000017
52 50 -0.000039
52 51 -0.000018
52 52 -0.000006
52 53 0.000000
52 54 0.000000
52 55 0.000000
52 56 0.000000
52 57 0.000000
52 58 0.000000
52 59 0.000000
52 60 0.000000
52 61 0.000000
52 62 0.000000
52 63 0.000000
53 0 0.012219
53 1 0.011290
53 2 0.010431
53 3 0.009603
53 4 0.008822
53 5 0.008101
53 6 0.007447
53 7 0.006850
53 8 0.006281
53 9 0.005781
53 10 0.005260
53 11 0.004773
53 12 0.004358
53 13 0.004005
53 14 0.003604
53 15 0.003229
53 16 0.002927
53 17 0.002650
53 18 0.002377
53 19 0.002093
53 20 0.001868
53 21 0.001675
53 22 0.001501
53 23 0.001353
53 24 0.001187
53 25 0.001028
53 26 0.000947
53 27 0.000782
53 28 0.000606
53 29 0.000487
53 30 0.000290
53 31 0.000000
53 32 0.000140
53 33 0.000179
53 34 0.000186
53 35 0.000170
53 36 0.000154
53 37 0.000142
53 38 0.000127
53 39 0.000111
53 40 0.000095
53 41 0.000080
53 42 0.000062
53 43 0.000050
53 44 0.000030
53 45 0.000003
53 46 -0.000030
53 47 -0.000055
53 48 -0.000051
53 49 -0.000036
53 50 -0.000032
53 51 -0.000019
53 52 0.000000
53 53 -0.000002
53 54 0.000000
53 55 0.000000
53 56 0.000000
53 57 0.000000
53 58 0.000000
53 59 0.000000
53 60 0.000000
53 61 0.000000
53 62 0.000000
53 63 0.000000
54 0 0.012650
54 1 0.011738
54 2 0.010866
54 3 0.010051
54 4 0.009278
54 5 0.008547
54 6 0.007857
54 7 0.007220
54 8 0.006646
54 9 0.006106
54 10 0.005571
54 11 0.005082
54 12 0.004688
54 13 0.004300
54 14 0.003848
54 15 0.003476
54 16 0.003165
54 17 0.002861
54 18 0.002583
54 19 0.002316
54 20 0.002077
54 21 0.001862
54 22 0.001665
54 23 0.001490
54 24 0.001324
54 25 0.001169
54 26 0.001030
54 27 0.000863
54 28 0.000709
54 29 0.000573
54 30 0.000433
54 31 0.000269
54 32 0.000244
54 33 0.000238
54 34 0.000229
54 35 0.000212
54 36 0.000193
54 37 0.000174
54 38 0.000153
54 39 0.000131
54 40 0.000110
54 41 0.000100
54 42 0.000065
54 43 0.000011
54 44 0.000010
54 45 -0.000002
54 46 -0.000057
54 47 -0.000051
54 48 -0.000050
54 49 -0.000042
54 50 -0.000035
54 51 -0.000024
54 52 -0.000013
54 53 -0.000007
54 54 0.000000
54 55 0.000000
54 56 0.000000
54 57 0.000000
54 58 0.000000
54 59 0.000000
54 60 0.000000
54 61 0.000000
54 62 0.000000
54 63 0.000000
55 0 0.013042
55 1 0.012143
55 2 0.011264
55 3 0.010456
55 4 0.009681
55 5 0.008950
55 6 0.008252
55 7 0.007600
55 8 0.007004
55 9 0.006427
55 10 0.005880
55 11 0.005397
55 12 0.004964
55 13 0.004541
55 14 0.004104
55 15 0.003723
55 16 0.003397
55 17 0.003087
55 18 0.002779
55 19 0.002521
55 20 0.002269
55 21 0.002032
55 22 0.001807
55 23 0.001616
55 24 0.001462
55 25 0.001289
55 26 0.001139
55 27 0.000938
55 28 0.000798
55 29 0.000674
55 30 0.000544
55 31 0.000444
55 32 0.000353
55 33 0.000302
55 34 0.000280
55 35 0.000255
55 36 0.000232
55 37 0.000208
55 38 0.000182
55 39 0.000149
55 40 0.000116
55 41 0.000111
55 42 0.000069
55 43 -0.000025
55 44 -0.000033
55 45 -0.000032
55 46 -0.000042
55 47 -0.000045
55 48 -0.000053
55 49 -0.000050
55 50 -0.000041
55 51 -0.000031
55 52 -0.000021
55 53 -0.000012
55 54 -0.000005
55 55 0.000000
55 56 0.000000
55 57 0.000000
55 58 0.000000
55 59 0.000000
55 60 0.000000
55 61 0.000000
55 62 0.000000
55 63 0.000000
56 0 0.013395
56 1 0.012483
56 2 0.011619
56 3 0.010801
56 4 0.010013
56 5 0.009279
56 6 0.008580
56 7 0.007933
56 8 0.007287
56 9 0.006681
56 10 0.006144
56 11 0.005669
56 12 0.005231
56 13 0.004781
56 14 0.004326
56 15 0.003918
56 16 0.003585
56 17 0.003272
56 18 0.002972
56 19 0.002709
56 20 0.002427
56 21 0.002166
56 22 0.001913
56 23 0.001706
56 24 0.001547
56 25 0.001386
56 26 0.001233
56 27 0.001049
56 28 0.000908
56 29 0.000778
56 30 0.000626
56 31 0.000566
56 32 0.000437
56 33 0.000364
56 34 0.000333
56 35 0.000298
56 36 0.000270
56 37 0.000245
56 38 0.000218
56 39 0.000164
56 40 0.000093
56 41 0.000075
56 42 0.000000
56 43 0.000023
56 44 -0.000049
56 45 -0.000050
56 46 -0.000036
56 47 -0.000033
56 48 -0.000069
56 49 -0.000062
56 50 -0.000048
56 51 -0.000037
56 52 -0.000027
56 53 -0.000017
56 54 -0.000008
56 55 0.000000
56 56 0.000000
56 57 0.000000
56 58 0.000000
56 59 0.000000
56 60 0.000000
56 61 0.000000
56 62 0.000000
56 63 0.000000
57 0 0.013723
57 1 0.012789
57 2 0.011918
57 3 0.011078
57 4 0.010295
57 5 0.009525
57 6 0.008862
57 7 0.008209
57 8 0.007529
57 9 0.006914
57 10 0.006391
57 11 0.005906
57 12 0.005422
57 13 0.004945
57 14 0.004501
57 15 0.004106
57 16 0.003773
57 17 0.003439
57 18 0.003120
57 19 0.002837
57 20 0.002594
57 21 0.002264
57 22 0.001996
57 23 0.001789
57 24 0.001632
57 25 0.001481
57 26 0.001298
57 27 0.001128
57 28 0.000989
57 29 0.000855
57 30 0.000724
57 31 0.000622
57 32 0.000526
57 33 0.000462
57 34 0.000383
57 35 0.000334
57 36 0.000306
57 37 0.000283
57 38 0.000218
57 39 0.000165
57 40 0.000109
57 41 0.000095
57 42 -0.000076
57 43 -0.000029
57 44 -0.000025
57 45 -0.000000
57 46 -0.000021
57 47 -0.000059
57 48 -0.000072
57 49 -0.000061
57 50 -0.000050
57 51 -0.000043
57 52 -0.000033
57 53 -0.000021
57 54 -0.000010
57 55 -0.000002
57 56 0.000000
57 57 0.000000
57 58 0.000000
57 59 0.000000
57 60 0.000000
57 61 0.000000
57 62 0.000000
57 63 0.000000
58 0 0.014004
58 1 0.013066
58 2 0.012176
58 3 0.011326
58 4 0.010522
58 5 0.009771
58 6 0.009075
58 7 0.008416
58 8 0.007729
58 9 0.007134
58 10 0.006606
58 11 0.006081
58 12 0.005586
58 13 0.005133
58 14 0.004667
58 15 0.004279
58 16 0.003912
58 17 0.003552
58 18 0.003264
58 19 0.002944
58 20 0.002669
58 21 0.002381
58 22 0.002096
58 23 0.001894
58 24 0.001713
58 25 0.001549
58 26 0.001377
58 27 0.001218
58 28 0.001057
58 29 0.000916
58 30 0.000805
58 31 0.000684
58 32 0.000586
58 33 0.000517
58 34 0.000439
58 35 0.000374
58 36 0.000335
58 37 0.000286
58 38 0.000192
58 39 0.000149
58 40 0.000066
58 41 0.000037
58 42 -0.000017
58 43 -0.000027
58 44 -0.000022
58 45 -0.000008
58 46 0.000008
58 47 -0.000004
58 48 -0.000100
58 49 -0.000060
58 50 -0.000049
58 51 -0.000053
58 52 -0.000040
58 53 -0.000024
58 54 -0.000008
58 55 0.000000
58 56 0.000000
58 57 0.000000
58 58 0.000000
58 59 0.000000
58 60 0.000000
58 61 0.000000
58 62 0.000000
58 63 0.000000
59 0 0.014217
59 1 0.013282
59 2 0.012388
59 3 0.011544
59 4 0.010734
59 5 0.009976
59 6 0.009246
59 7 0.008520
59 8 0.007882
59 9 0.007310
59 10 0.006769
59 11 0.006250
59 12 0.005746
59 13 0.005260
59 14 0.004827
59 15 0.004395
59 16 0.004003
59 17 0.003674
59 18 0.003358
59 19 0.003074
59 20 0.002767
59 21 0.002429
59 22 0.002196
59 23 0.001979
59 24 0.001779
59 25 0.001624
59 26 0.001445
59 27 0.001258
59 28 0.001113
59 29 0.000993
59 30 0.000897
59 31 0.000713
59 32 0.000620
59 33 0.000580
59 34 0.000458
59 35 0.000379
59 36 0.000368
59 37 0.000308
59 38 0.000184
59 39 0.000105
59 40 0.000000
59 41 0.000040
59 42 -0.000003
59 43 -0.000043
59 44 -0.000028
59 45 -0.000017
59 46 -0.000010
59 47 -0.000016
59 48 -0.000037
59 49 -0.000028
59 50 -0.000034
59 51 -0.000080
59 52 -0.000049
59 53 -0.000026
59 54 0.000000
59 55 -0.000002
59 56 0.000000
59 57 0.000000
59 58 0.000000
59 59 0.000000
59 60 0.000000
59 61 0.000000
59 62 0.000000
59 63 0.000000
60 0 0.014364
60 1 0.013432
60 2 0.012554
60 3 0.011709
60 4 0.010896
60 5 0.010136
60 6 0.009396
60 7 0.008678
60 8 0.008039
60 9 0.007453
60 10 0.006892
60 11 0.006373
60 12 0.005869
60 13 0.005370
60 14 0.004932
60 15 0.004511
60 16 0.004098
60 17 0.003745
60 18 0.003411
60 19 0.003114
60 20 0.002820
60 21 0.002538
60 22 0.002292
60 23 0.002060
60 24 0.001854
60 25 0.001661
60 26 0.001478
60 27 0.001353
60 28 0.001145
60 29 0.001048
60 30 0.000919
60 31 0.000745
60 32 0.000651
60 33 0.000589
60 34 0.000476
60 35 0.000412
60 36 0.000383
60 37 0.000292
60 38 0.000218
60 39 0.000171
60 40 0.000123
60 41 0.000065
60 42 -0.000011
60 43 -0.000031
60 44 -0.000030
60 45 -0.000023
60 46 -0.000016
60 47 -0.000012
60 48 -0.000005
60 49 -0.000031
60 50 -0.000054
60 51 -0.000062
60 52 -0.000049
60 53 -0.000032
60 54 -0.000016
60 55 -0.000007
60 56 0.000000
60 57 0.000000
60 58 0.000000
60 59 0.000000
60 60 0.000000
60 61 0.000000
60 62 0.000000
60 63 0.000000
61 0 0.014494
61 1 0.013561
61 2 0.012680
61 3 0.011831
61 4 0.011001
61 5 0.010237
61 6 0.009505
61 7 0.008790
61 8 0.008134
61 9 0.007540
61 10 0.006980
61 11 0.006468
61 12 0.005941
61 13 0.005475
61 14 0.004994
61 15 0.004566
61 16 0.004181
61 17 0.003832
61 18 0.003459
61 19 0.003153
61 20 0.002883
61 21 0.002616
61 22 0.002373
61 23 0.002079
61 24 0.001855
61 25 0.001684
61 26 0.001524
61 27 0.001388
61 28 0.001203
61 29 0.001079
61 30 0.000927
61 31 0.000779
61 32 0.000676
61 33 0.000592
61 34 0.000512
61 35 0.000446
61 36 0.000379
61 37 0.000312
61 38 0.000256
61 39 0.000218
61 40 0.000205
61 41 0.000098
61 42 -0.000008
61 43 -0.000041
61 44 -0.000037
61 45 -0.000028
61 46 -0.000019
61 47 -0.000012
61 48 -0.000006
61 49 -0.000015
61 50 -0.000043
61 51 -0.000065
61 52 -0.000054
61 53 -0.000038
61 54 -0.000023
61 55 -0.000012
61 56 -0.000003
61 57 0.000000
61 58 0.000000
61 59 0.000000
61 60 0.000000
61 61 0.000000
61 62 0.000000
61 63 0.000000
62 0 0.014576
62 1 0.013639
62 2 0.012745
62 3 0.011889
62 4 0.011082
62 5 0.010305
62 6 0.009562
62 7 0.008847
62 8 0.008211
62 9 0.007608
62 10 0.007044
62 11 0.006523
62 12 0.005989
62 13 0.005501
62 14 0.005045
62 15 0.004619
62 16 0.004231
62 17 0.003862
62 18 0.003527
62 19 0.003213
62 20 0.002945
62 21 0.002659
62 22 0.002359
62 23 0.002091
62 24 0.001881
62 25 0.001709
62 26 0.001546
62 27 0.001392
62 28 0.001237
62 29 0.001107
62 30 0.000941
62 31 0.000815
62 32 0.000701
62 33 0.000611
62 34 0.000535
62 35 0.000478
62 36 0.000376
62 37 0.000320
62 38 0.000276
62 39 0.000241
62 40 0.000214
62 41 0.000177
62 42 0.000023
62 43 -0.000086
62 44 -0.000051
62 45 -0.000034
62 46 -0.000021
62 47 -0.000009
62 48 0.000008
62 49 0.000019
62 50 -0.000040
62 51 -0.000100
62 52 -0.000064
62 53 -0.000043
62 54 -0.000027
62 55 -0.000014
62 56 0.000000
62 57 0.000000
62 58 0.000000
62 59 0.000000
62 60 0.000000
62 61 0.000000
62 62 0.000000
62 63 0.000000
63 0 0.014610
63 1 0.013677
63 2 0.012781
63 3 0.011929
63 4 0.011111
63 5 0.010337
63 6 0.009589
63 7 0.008897
63 8 0.008262
63 9 0.007635
63 10 0.007072
63 11 0.006554
63 12 0.006027
63 13 0.005508
63 14 0.005075
63 15 0.004649
63 16 0.004264
63 17 0.003880
63 18 0.003543
63 19 0.003238
63 20 0.002943
63 21 0.002651
63 22 0.002374
63 23 0.002125
63 24 0.001911
63 25 0.001725
63 26 0.001557
63 27 0.001399
63 28 0.001248
63 29 0.001107
63 30 0.000966
63 31 0.000852
63 32 0.000701
63 33 0.000614
63 34 0.000540
63 35 0.000471
63 36 0.000394
63 37 0.000334
63 38 0.000288
63 39 0.000254
63 40 0.000235
63 41 0.000145
63 42 0.000017
63 43 -0.000055
63 44 -0.000047
63 45 -0.000034
63 46 -0.000022
63 47 -0.000012
63 48 -0.000004
63 49 -0.000008
63 50 -0.000038
63 51 -0.000065
63 52 -0.000057
63 53 -0.000043
63 54 -0.000029
63 55 -0.000016
63 56 -0.000005
63 57 0.000000
63 58 0.000000
63 59 0.000000
63 60 0.000000
63 61 0.000000
63 62 0.000000
63 63 0.000000
