0.000000 0.000000 0.000000
0.000000 0.010000 0.000000
0.000000 0.020000 0.000000
0.000000 0.030000 0.000000
0.000000 0.040000 0.000000
0.000000 0.050000 0.001097
0.000000 0.060000 0.001013
0.000000 0.070000 0.000924
0.000000 0.080000 0.000836
0.000000 0.090000 0.000749
0.000000 0.100000 0.000661
0.000000 0.110000 0.000571
0.000000 0.120000 0.000481
0.000000 0.130000 0.000391
0.000000 0.140000 0.000299
0.000000 0.150000 0.000208
0.000000 0.160000 0.000116
0.000000 0.170000 0.000024
0.000000 0.180000 -0.000067
0.000000 0.190000 -0.000159
0.000000 0.200000 -0.000251
0.000000 0.210000 -0.000342
0.000000 0.220000 -0.000432
0.000000 0.230000 -0.000522
0.000000 0.240000 -0.000611
0.000000 0.250000 -0.000698
0.000000 0.260000 -0.000784
0.000000 0.270000 -0.000869
0.000000 0.280000 -0.000953
0.000000 0.290000 -0.001027
0.000000 0.300000 0.000000
0.000000 0.310000 0.000000
0.000000 0.320000 0.000000
0.000000 0.330000 0.000000
0.000000 0.340000 0.000000
0.000000 0.350000 0.000000
0.000000 0.360000 0.000000
0.000000 0.370000 0.000000
0.000000 0.380000 0.000000
0.000000 0.390000 0.000000
0.000000 0.400000 0.000000
0.000000 0.410000 0.000000
0.000000 0.420000 0.000000
0.000000 0.430000 0.000000
0.000000 0.440000 0.000000
0.000000 0.450000 0.000000
0.000000 0.460000 0.000000
0.000000 0.470000 0.000000
0.000000 0.480000 0.000000
0.000000 0.490000 0.000000
0.010000 0.000000 0.000000
0.010000 0.010000 0.000000
0.010000 0.020000 0.000000
0.010000 0.030000 0.000000
0.010000 0.040000 0.000000
0.010000 0.050000 0.001182
0.010000 0.060000 0.001017
0.010000 0.070000 0.000923
0.010000 0.080000 0.000836
0.010000 0.090000 0.000750
0.010000 0.100000 0.000662
0.010000 0.110000 0.000572
0.010000 0.120000 0.000482
0.010000 0.130000 0.000391
0.010000 0.140000 0.000300
0.010000 0.150000 0.000208
0.010000 0.160000 0.000116
0.010000 0.170000 0.000024
0.010000 0.180000 -0.000068
0.010000 0.190000 -0.000159
0.010000 0.200000 -0.000251
0.010000 0.210000 -0.000342
0.010000 0.220000 -0.000433
0.010000 0.230000 -0.000523
0.010000 0.240000 -0.000612
0.010000 0.250000 -0.000700
0.010000 0.260000 -0.000786
0.010000 0.270000 -0.000868
0.010000 0.280000 -0.000964
0.010000 0.290000 -0.001100
0.010000 0.300000 0.000000
0.010000 0.310000 0.000000
0.010000 0.320000 0.000000
0.010000 0.330000 0.000000
0.010000 0.340000 0.000000
0.010000 0.350000 0.000000
0.010000 0.360000 0.000000
0.010000 0.370000 0.000000
0.010000 0.380000 0.000000
0.010000 0.390000 0.000000
0.010000 0.400000 0.000000
0.010000 0.410000 0.000000
0.010000 0.420000 0.000000
0.010000 0.430000 0.000000
0.010000 0.440000 0.000000
0.010000 0.450000 0.000000
0.010000 0.460000 0.000000
0.010000 0.470000 0.000000
0.010000 0.480000 0.000000
0.010000 0.490000 0.000000
0.020000 0.000000 0.000000
0.020000 0.010000 0.000000
0.020000 0.020000 0.000000
0.020000 0.030000 0.000000
0.020000 0.040000 0.000000
0.020000 0.050000 0.001225
0.020000 0.060000 0.001035
0.020000 0.070000 0.000931
0.020000 0.080000 0.000840
0.020000 0.090000 0.000753
0.020000 0.100000 0.000664
0.020000 0.110000 0.000574
0.020000 0.120000 0.000483
0.020000 0.130000 0.000392
0.020000 0.140000 0.000301
0.020000 0.150000 0.000209
0.020000 0.160000 0.000117
0.020000 0.170000 0.000024
0.020000 0.180000 -0.000068
0.020000 0.190000 -0.000160
0.020000 0.200000 -0.000252
0.020000 0.210000 -0.000343
0.020000 0.220000 -0.000434
0.020000 0.230000 -0.000525
0.020000 0.240000 -0.000615
0.020000 0.250000 -0.000704
0.020000 0.260000 -0.000791
0.020000 0.270000 -0.000877
0.020000 0.280000 -0.000983
0.020000 0.290000 -0.001139
0.020000 0.300000 0.000000
0.020000 0.310000 0.000000
0.020000 0.320000 0.000000
0.020000 0.330000 0.000000
0.020000 0.340000 0.000000
0.020000 0.350000 0.000000
0.020000 0.360000 0.000000
0.020000 0.370000 0.000000
0.020000 0.380000 0.000000
0.020000 0.390000 0.000000
0.020000 0.400000 0.000000
0.020000 0.410000 0.000000
0.020000 0.420000 0.000000
0.020000 0.430000 0.000000
0.020000 0.440000 0.000000
0.020000 0.450000 0.000000
0.020000 0.460000 0.000000
0.020000 0.470000 0.000000
0.020000 0.480000 0.000000
0.020000 0.490000 0.000000
0.030000 0.000000 0.000000
0.030000 0.010000 0.000000
0.030000 0.020000 0.000000
0.030000 0.030000 0.000000
0.030000 0.040000 0.000000
0.030000 0.050000 0.001251
0.030000 0.060000 0.001052
0.030000 0.070000 0.000942
0.030000 0.080000 0.000847
0.030000 0.090000 0.000758
0.030000 0.100000 0.000667
0.030000 0.110000 0.000577
0.030000 0.120000 0.000485
0.030000 0.130000 0.000394
0.030000 0.140000 0.000301
0.030000 0.150000 0.000209
0.030000 0.160000 0.000117
0.030000 0.170000 0.000024
0.030000 0.180000 -0.000068
0.030000 0.190000 -0.000160
0.030000 0.200000 -0.000253
0.030000 0.210000 -0.000345
0.030000 0.220000 -0.000436
0.030000 0.230000 -0.000528
0.030000 0.240000 -0.000619
0.030000 0.250000 -0.000709
0.030000 0.260000 -0.000799
0.030000 0.270000 -0.000888
0.030000 0.280000 -0.001000
0.030000 0.290000 -0.001163
0.030000 0.300000 0.000000
0.030000 0.310000 0.000000
0.030000 0.320000 0.000000
0.030000 0.330000 0.000000
0.030000 0.340000 0.000000
0.030000 0.350000 0.000000
0.030000 0.360000 0.000000
0.030000 0.370000 0.000000
0.030000 0.380000 0.000000
0.030000 0.390000 0.000000
0.030000 0.400000 0.000000
0.030000 0.410000 0.000000
0.030000 0.420000 0.000000
0.030000 0.430000 0.000000
0.030000 0.440000 0.000000
0.030000 0.450000 0.000000
0.030000 0.460000 0.000000
0.030000 0.470000 0.000000
0.030000 0.480000 0.000000
0.030000 0.490000 0.000000
0.040000 0.000000 0.000000
0.040000 0.010000 0.000000
0.040000 0.020000 0.000000
0.040000 0.030000 0.000000
0.040000 0.040000 0.000000
0.040000 0.050000 0.001269
0.040000 0.060000 0.001066
0.040000 0.070000 0.000952
0.040000 0.080000 0.000854
0.040000 0.090000 0.000763
0.040000 0.100000 0.000671
0.040000 0.110000 0.000580
0.040000 0.120000 0.000488
0.040000 0.130000 0.000395
0.040000 0.140000 0.000303
0.040000 0.150000 0.000210
0.040000 0.160000 0.000117
0.040000 0.170000 0.000024
0.040000 0.180000 -0.000068
0.040000 0.190000 -0.000161
0.040000 0.200000 -0.000254
0.040000 0.210000 -0.000347
0.040000 0.220000 -0.000439
0.040000 0.230000 -0.000531
0.040000 0.240000 -0.000623
0.040000 0.250000 -0.000715
0.040000 0.260000 -0.000806
0.040000 0.270000 -0.000898
0.040000 0.280000 -0.001014
0.040000 0.290000 -0.001180
0.040000 0.300000 0.000000
0.040000 0.310000 0.000000
0.040000 0.320000 0.000000
0.040000 0.330000 0.000000
0.040000 0.340000 0.000000
0.040000 0.350000 0.000000
0.040000 0.360000 0.000000
0.040000 0.370000 0.000000
0.040000 0.380000 0.000000
0.040000 0.390000 0.000000
0.040000 0.400000 0.000000
0.040000 0.410000 0.000000
0.040000 0.420000 0.000000
0.040000 0.430000 0.000000
0.040000 0.440000 0.000000
0.040000 0.450000 0.000000
0.040000 0.460000 0.000000
0.040000 0.470000 0.000000
0.040000 0.480000 0.000000
0.040000 0.490000 0.000000
0.050000 0.000000 0.000000
0.050000 0.010000 0.000000
0.050000 0.020000 0.000000
0.050000 0.030000 0.000000
0.050000 0.040000 0.000000
0.050000 0.050000 0.001282
0.050000 0.060000 0.001078
0.050000 0.070000 0.000962
0.050000 0.080000 0.000862
0.050000 0.090000 0.000769
0.050000 0.100000 0.000676
0.050000 0.110000 0.000583
0.050000 0.120000 0.000490
0.050000 0.130000 0.000397
0.050000 0.140000 0.000304
0.050000 0.150000 0.000211
0.050000 0.160000 0.000118
0.050000 0.170000 0.000024
0.050000 0.180000 -0.000069
0.050000 0.190000 -0.000162
0.050000 0.200000 -0.000255
0.050000 0.210000 -0.000349
0.050000 0.220000 -0.000442
0.050000 0.230000 -0.000535
0.050000 0.240000 -0.000628
0.050000 0.250000 -0.000721
0.050000 0.260000 -0.000814
0.050000 0.270000 -0.000908
0.050000 0.280000 -0.001026
0.050000 0.290000 -0.001193
0.050000 0.300000 0.000000
0.050000 0.310000 0.000000
0.050000 0.320000 0.000000
0.050000 0.330000 0.000000
0.050000 0.340000 0.000000
0.050000 0.350000 0.000000
0.050000 0.360000 0.000000
0.050000 0.370000 0.000000
0.050000 0.380000 0.000000
0.050000 0.390000 0.000000
0.050000 0.400000 0.000000
0.050000 0.410000 0.000000
0.050000 0.420000 0.000000
0.050000 0.430000 0.000000
0.050000 0.440000 0.000000
0.050000 0.450000 0.000000
0.050000 0.460000 0.000000
0.050000 0.470000 0.000000
0.050000 0.480000 0.000000
0.050000 0.490000 0.000000
0.060000 0.000000 0.000000
0.060000 0.010000 0.000000
0.060000 0.020000 0.000000
0.060000 0.030000 0.000000
0.060000 0.040000 0.000000
0.060000 0.050000 0.001293
0.060000 0.060000 0.001088
0.060000 0.070000 0.000970
0.060000 0.080000 0.000869
0.060000 0.090000 0.000774
0.060000 0.100000 0.000680
0.060000 0.110000 0.000587
0.060000 0.120000 0.000493
0.060000 0.130000 0.000399
0.060000 0.140000 0.000305
0.060000 0.150000 0.000212
0.060000 0.160000 0.000118
0.060000 0.170000 0.000024
0.060000 0.180000 -0.000069
0.060000 0.190000 -0.000163
0.060000 0.200000 -0.000257
0.060000 0.210000 -0.000351
0.060000 0.220000 -0.000444
0.060000 0.230000 -0.000538
0.060000 0.240000 -0.000632
0.060000 0.250000 -0.000726
0.060000 0.260000 -0.000821
0.060000 0.270000 -0.000916
0.060000 0.280000 -0.001035
0.060000 0.290000 -0.001204
0.060000 0.300000 0.000000
0.060000 0.310000 0.000000
0.060000 0.320000 0.000000
0.060000 0.330000 0.000000
0.060000 0.340000 0.000000
0.060000 0.350000 0.000000
0.060000 0.360000 0.000000
0.060000 0.370000 0.000000
0.060000 0.380000 0.000000
0.060000 0.390000 0.000000
0.060000 0.400000 0.000000
0.060000 0.410000 0.000000
0.060000 0.420000 0.000000
0.060000 0.430000 0.000000
0.060000 0.440000 0.000000
0.060000 0.450000 0.000000
0.060000 0.460000 0.000000
0.060000 0.470000 0.000000
0.060000 0.480000 0.000000
0.060000 0.490000 0.000000
0.070000 0.000000 0.000000
0.070000 0.010000 0.000000
0.070000 0.020000 0.000000
0.070000 0.030000 0.000000
0.070000 0.040000 0.000000
0.070000 0.050000 0.001301
0.070000 0.060000 0.001096
0.070000 0.070000 0.000977
0.070000 0.080000 0.000875
0.070000 0.090000 0.000779
0.070000 0.100000 0.000685
0.070000 0.110000 0.000590
0.070000 0.120000 0.000495
0.070000 0.130000 0.000401
0.070000 0.140000 0.000307
0.070000 0.150000 0.000213
0.070000 0.160000 0.000118
0.070000 0.170000 0.000024
0.070000 0.180000 -0.000070
0.070000 0.190000 -0.000164
0.070000 0.200000 -0.000258
0.070000 0.210000 -0.000353
0.070000 0.220000 -0.000447
0.070000 0.230000 -0.000542
0.070000 0.240000 -0.000636
0.070000 0.250000 -0.000731
0.070000 0.260000 -0.000827
0.070000 0.270000 -0.000923
0.070000 0.280000 -0.001043
0.070000 0.290000 -0.001212
0.070000 0.300000 0.000000
0.070000 0.310000 0.000000
0.070000 0.320000 0.000000
0.070000 0.330000 0.000000
0.070000 0.340000 0.000000
0.070000 0.350000 0.000000
0.070000 0.360000 0.000000
0.070000 0.370000 0.000000
0.070000 0.380000 0.000000
0.070000 0.390000 0.000000
0.070000 0.400000 0.000000
0.070000 0.410000 0.000000
0.070000 0.420000 0.000000
0.070000 0.430000 0.000000
0.070000 0.440000 0.000000
0.070000 0.450000 0.000000
0.070000 0.460000 0.000000
0.070000 0.470000 0.000000
0.070000 0.480000 0.000000
0.070000 0.490000 0.000000
0.080000 0.000000 0.000000
0.080000 0.010000 0.000000
0.080000 0.020000 0.000000
0.080000 0.030000 0.000000
0.080000 0.040000 0.000000
0.080000 0.050000 0.001308
0.080000 0.060000 0.001103
0.080000 0.070000 0.000983
0.080000 0.080000 0.000880
0.080000 0.090000 0.000784
0.080000 0.100000 0.000688
0.080000 0.110000 0.000593
0.080000 0.120000 0.000498
0.080000 0.130000 0.000403
0.080000 0.140000 0.000308
0.080000 0.150000 0.000214
0.080000 0.160000 0.000119
0.080000 0.170000 0.000024
0.080000 0.180000 -0.000070
0.080000 0.190000 -0.000165
0.080000 0.200000 -0.000260
0.080000 0.210000 -0.000355
0.080000 0.220000 -0.000450
0.080000 0.230000 -0.000545
0.080000 0.240000 -0.000640
0.080000 0.250000 -0.000736
0.080000 0.260000 -0.000832
0.080000 0.270000 -0.000929
0.080000 0.280000 -0.001050
0.080000 0.290000 -0.001219
0.080000 0.300000 0.000000
0.080000 0.310000 0.000000
0.080000 0.320000 0.000000
0.080000 0.330000 0.000000
0.080000 0.340000 0.000000
0.080000 0.350000 0.000000
0.080000 0.360000 0.000000
0.080000 0.370000 0.000000
0.080000 0.380000 0.000000
0.080000 0.390000 0.000000
0.080000 0.400000 0.000000
0.080000 0.410000 0.000000
0.080000 0.420000 0.000000
0.080000 0.430000 0.000000
0.080000 0.440000 0.000000
0.080000 0.450000 0.000000
0.080000 0.460000 0.000000
0.080000 0.470000 0.000000
0.080000 0.480000 0.000000
0.080000 0.490000 0.000000
0.090000 0.000000 0.000000
0.090000 0.010000 0.000000
0.090000 0.020000 0.000000
0.090000 0.030000 0.000000
0.090000 0.040000 0.000000
0.090000 0.050000 0.001314
0.090000 0.060000 0.001108
0.090000 0.070000 0.000989
0.090000 0.080000 0.000885
0.090000 0.090000 0.000788
0.090000 0.100000 0.000692
0.090000 0.110000 0.000596
0.090000 0.120000 0.000500
0.090000 0.130000 0.000405
0.090000 0.140000 0.000310
0.090000 0.150000 0.000215
0.090000 0.160000 0.000119
0.090000 0.170000 0.000024
0.090000 0.180000 -0.000071
0.090000 0.190000 -0.000166
0.090000 0.200000 -0.000261
0.090000 0.210000 -0.000357
0.090000 0.220000 -0.000452
0.090000 0.230000 -0.000548
0.090000 0.240000 -0.000644
0.090000 0.250000 -0.000740
0.090000 0.260000 -0.000837
0.090000 0.270000 -0.000935
0.090000 0.280000 -0.001056
0.090000 0.290000 -0.001225
0.090000 0.300000 0.000000
0.090000 0.310000 0.000000
0.090000 0.320000 0.000000
0.090000 0.330000 0.000000
0.090000 0.340000 0.000000
0.090000 0.350000 0.000000
0.090000 0.360000 0.000000
0.090000 0.370000 0.000000
0.090000 0.380000 0.000000
0.090000 0.390000 0.000000
0.090000 0.400000 0.000000
0.090000 0.410000 0.000000
0.090000 0.420000 0.000000
0.090000 0.430000 0.000000
0.090000 0.440000 0.000000
0.090000 0.450000 0.000000
0.090000 0.460000 0.000000
0.090000 0.470000 0.000000
0.090000 0.480000 0.000000
0.090000 0.490000 0.000000
0.100000 0.000000 0.000000
0.100000 0.010000 0.000000
0.100000 0.020000 0.000000
0.100000 0.030000 0.000000
0.100000 0.040000 0.000000
0.100000 0.050000 0.001319
0.100000 0.060000 0.001113
0.100000 0.070000 0.000993
0.100000 0.080000 0.000889
0.100000 0.090000 0.000792
0.100000 0.100000 0.000695
0.100000 0.110000 0.000599
0.100000 0.120000 0.000503
0.100000 0.130000 0.000407
0.100000 0.140000 0.000311
0.100000 0.150000 0.000215
0.100000 0.160000 0.000120
0.100000 0.170000 0.000024
0.100000 0.180000 -0.000071
0.100000 0.190000 -0.000167
0.100000 0.200000 -0.000263
0.100000 0.210000 -0.000358
0.100000 0.220000 -0.000454
0.100000 0.230000 -0.000551
0.100000 0.240000 -0.000647
0.100000 0.250000 -0.000744
0.100000 0.260000 -0.000841
0.100000 0.270000 -0.000939
0.100000 0.280000 -0.001060
0.100000 0.290000 -0.001230
0.100000 0.300000 0.000000
0.100000 0.310000 0.000000
0.100000 0.320000 0.000000
0.100000 0.330000 0.000000
0.100000 0.340000 0.000000
0.100000 0.350000 0.000000
0.100000 0.360000 0.000000
0.100000 0.370000 0.000000
0.100000 0.380000 0.000000
0.100000 0.390000 0.000000
0.100000 0.400000 0.000000
0.100000 0.410000 0.000000
0.100000 0.420000 0.000000
0.100000 0.430000 0.000000
0.100000 0.440000 0.000000
0.100000 0.450000 0.000000
0.100000 0.460000 0.000000
0.100000 0.470000 0.000000
0.100000 0.480000 0.000000
0.100000 0.490000 0.000000
0.110000 0.000000 0.000000
0.110000 0.010000 0.000000
0.110000 0.020000 0.000000
0.110000 0.030000 0.000000
0.110000 0.040000 0.000000
0.110000 0.050000 0.001324
0.110000 0.060000 0.001118
0.110000 0.070000 0.000997
0.110000 0.080000 0.000893
0.110000 0.090000 0.000795
0.110000 0.100000 0.000698
0.110000 0.110000 0.000601
0.110000 0.120000 0.000505
0.110000 0.130000 0.000408
0.110000 0.140000 0.000312
0.110000 0.150000 0.000216
0.110000 0.160000 0.000120
0.110000 0.170000 0.000024
0.110000 0.180000 -0.000072
0.110000 0.190000 -0.000168
0.110000 0.200000 -0.000264
0.110000 0.210000 -0.000360
0.110000 0.220000 -0.000456
0.110000 0.230000 -0.000553
0.110000 0.240000 -0.000650
0.110000 0.250000 -0.000747
0.110000 0.260000 -0.000845
0.110000 0.270000 -0.000943
0.110000 0.280000 -0.001065
0.110000 0.290000 -0.001234
0.110000 0.300000 0.000000
0.110000 0.310000 0.000000
0.110000 0.320000 0.000000
0.110000 0.330000 0.000000
0.110000 0.340000 0.000000
0.110000 0.350000 0.000000
0.110000 0.360000 0.000000
0.110000 0.370000 0.000000
0.110000 0.380000 0.000000
0.110000 0.390000 0.000000
0.110000 0.400000 0.000000
0.110000 0.410000 0.000000
0.110000 0.420000 0.000000
0.110000 0.430000 0.000000
0.110000 0.440000 0.000000
0.110000 0.450000 0.000000
0.110000 0.460000 0.000000
0.110000 0.470000 0.000000
0.110000 0.480000 0.000000
0.110000 0.490000 0.000000
0.120000 0.000000 0.000000
0.120000 0.010000 0.000000
0.120000 0.020000 0.000000
0.120000 0.030000 0.000000
0.120000 0.040000 0.000000
0.120000 0.050000 0.001328
0.120000 0.060000 0.001121
0.120000 0.070000 0.001001
0.120000 0.080000 0.000896
0.120000 0.090000 0.000798
0.120000 0.100000 0.000701
0.120000 0.110000 0.000604
0.120000 0.120000 0.000507
0.120000 0.130000 0.000410
0.120000 0.140000 0.000313
0.120000 0.150000 0.000217
0.120000 0.160000 0.000121
0.120000 0.170000 0.000024
0.120000 0.180000 -0.000072
0.120000 0.190000 -0.000168
0.120000 0.200000 -0.000265
0.120000 0.210000 -0.000362
0.120000 0.220000 -0.000458
0.120000 0.230000 -0.000555
0.120000 0.240000 -0.000653
0.120000 0.250000 -0.000750
0.120000 0.260000 -0.000848
0.120000 0.270000 -0.000946
0.120000 0.280000 -0.001068
0.120000 0.290000 -0.001238
0.120000 0.300000 0.000000
0.120000 0.310000 0.000000
0.120000 0.320000 0.000000
0.120000 0.330000 0.000000
0.120000 0.340000 0.000000
0.120000 0.350000 0.000000
0.120000 0.360000 0.000000
0.120000 0.370000 0.000000
0.120000 0.380000 0.000000
0.120000 0.390000 0.000000
0.120000 0.400000 0.000000
0.120000 0.410000 0.000000
0.120000 0.420000 0.000000
0.120000 0.430000 0.000000
0.120000 0.440000 0.000000
0.120000 0.450000 0.000000
0.120000 0.460000 0.000000
0.120000 0.470000 0.000000
0.120000 0.480000 0.000000
0.120000 0.490000 0.000000
0.130000 0.000000 0.000000
0.130000 0.010000 0.000000
0.130000 0.020000 0.000000
0.130000 0.030000 0.000000
0.130000 0.040000 0.000000
0.130000 0.050000 0.001331
0.130000 0.060000 0.001124
0.130000 0.070000 0.001004
0.130000 0.080000 0.000899
0.130000 0.090000 0.000801
0.130000 0.100000 0.000703
0.130000 0.110000 0.000606
0.130000 0.120000 0.000508
0.130000 0.130000 0.000411
0.130000 0.140000 0.000314
0.130000 0.150000 0.000218
0.130000 0.160000 0.000121
0.130000 0.170000 0.000024
0.130000 0.180000 -0.000072
0.130000 0.190000 -0.000169
0.130000 0.200000 -0.000266
0.130000 0.210000 -0.000363
0.130000 0.220000 -0.000460
0.130000 0.230000 -0.000557
0.130000 0.240000 -0.000655
0.130000 0.250000 -0.000753
0.130000 0.260000 -0.000851
0.130000 0.270000 -0.000949
0.130000 0.280000 -0.001071
0.130000 0.290000 -0.001241
0.130000 0.300000 0.000000
0.130000 0.310000 0.000000
0.130000 0.320000 0.000000
0.130000 0.330000 0.000000
0.130000 0.340000 0.000000
0.130000 0.350000 0.000000
0.130000 0.360000 0.000000
0.130000 0.370000 0.000000
0.130000 0.380000 0.000000
0.130000 0.390000 0.000000
0.130000 0.400000 0.000000
0.130000 0.410000 0.000000
0.130000 0.420000 0.000000
0.130000 0.430000 0.000000
0.130000 0.440000 0.000000
0.130000 0.450000 0.000000
0.130000 0.460000 0.000000
0.130000 0.470000 0.000000
0.130000 0.480000 0.000000
0.130000 0.490000 0.000000
0.140000 0.000000 0.000000
0.140000 0.010000 0.000000
0.140000 0.020000 0.000000
0.140000 0.030000 0.000000
0.140000 0.040000 0.000000
0.140000 0.050000 0.001334
0.140000 0.060000 0.001127
0.140000 0.070000 0.001006
0.140000 0.080000 0.000901
0.140000 0.090000 0.000803
0.140000 0.100000 0.000705
0.140000 0.110000 0.000607
0.140000 0.120000 0.000510
0.140000 0.130000 0.000412
0.140000 0.140000 0.000315
0.140000 0.150000 0.000218
0.140000 0.160000 0.000121
0.140000 0.170000 0.000024
0.140000 0.180000 -0.000073
0.140000 0.190000 -0.000170
0.140000 0.200000 -0.000267
0.140000 0.210000 -0.000364
0.140000 0.220000 -0.000461
0.140000 0.230000 -0.000559
0.140000 0.240000 -0.000657
0.140000 0.250000 -0.000755
0.140000 0.260000 -0.000853
0.140000 0.270000 -0.000952
0.140000 0.280000 -0.001074
0.140000 0.290000 -0.001244
0.140000 0.300000 0.000000
0.140000 0.310000 0.000000
0.140000 0.320000 0.000000
0.140000 0.330000 0.000000
0.140000 0.340000 0.000000
0.140000 0.350000 0.000000
0.140000 0.360000 0.000000
0.140000 0.370000 0.000000
0.140000 0.380000 0.000000
0.140000 0.390000 0.000000
0.140000 0.400000 0.000000
0.140000 0.410000 0.000000
0.140000 0.420000 0.000000
0.140000 0.430000 0.000000
0.140000 0.440000 0.000000
0.140000 0.450000 0.000000
0.140000 0.460000 0.000000
0.140000 0.470000 0.000000
0.140000 0.480000 0.000000
0.140000 0.490000 0.000000
0.150000 0.000000 0.000000
0.150000 0.010000 0.000000
0.150000 0.020000 0.000000
0.150000 0.030000 0.000000
0.150000 0.040000 0.000000
0.150000 0.050000 0.001336
0.150000 0.060000 0.001129
0.150000 0.070000 0.001008
0.150000 0.080000 0.000904
0.150000 0.090000 0.000805
0.150000 0.100000 0.000707
0.150000 0.110000 0.000609
0.150000 0.120000 0.000511
0.150000 0.130000 0.000413
0.150000 0.140000 0.000316
0.150000 0.150000 0.000219
0.150000 0.160000 0.000121
0.150000 0.170000 0.000024
0.150000 0.180000 -0.000073
0.150000 0.190000 -0.000170
0.150000 0.200000 -0.000268
0.150000 0.210000 -0.000365
0.150000 0.220000 -0.000463
0.150000 0.230000 -0.000560
0.150000 0.240000 -0.000658
0.150000 0.250000 -0.000757
0.150000 0.260000 -0.000855
0.150000 0.270000 -0.000954
0.150000 0.280000 -0.001076
0.150000 0.290000 -0.001246
0.150000 0.300000 0.000000
0.150000 0.310000 0.000000
0.150000 0.320000 0.000000
0.150000 0.330000 0.000000
0.150000 0.340000 0.000000
0.150000 0.350000 0.000000
0.150000 0.360000 0.000000
0.150000 0.370000 0.000000
0.150000 0.380000 0.000000
0.150000 0.390000 0.000000
0.150000 0.400000 0.000000
0.150000 0.410000 0.000000
0.150000 0.420000 0.000000
0.150000 0.430000 0.000000
0.150000 0.440000 0.000000
0.150000 0.450000 0.000000
0.150000 0.460000 0.000000
0.150000 0.470000 0.000000
0.150000 0.480000 0.000000
0.150000 0.490000 0.000000
0.160000 0.000000 0.000000
0.160000 0.010000 0.000000
0.160000 0.020000 0.000000
0.160000 0.030000 0.000000
0.160000 0.040000 0.000000
0.160000 0.050000 0.001338
0.160000 0.060000 0.001131
0.160000 0.070000 0.001010
0.160000 0.080000 0.000905
0.160000 0.090000 0.000807
0.160000 0.100000 0.000708
0.160000 0.110000 0.000610
0.160000 0.120000 0.000512
0.160000 0.130000 0.000414
0.160000 0.140000 0.000317
0.160000 0.150000 0.000219
0.160000 0.160000 0.000122
0.160000 0.170000 0.000024
0.160000 0.180000 -0.000073
0.160000 0.190000 -0.000171
0.160000 0.200000 -0.000268
0.160000 0.210000 -0.000366
0.160000 0.220000 -0.000464
0.160000 0.230000 -0.000562
0.160000 0.240000 -0.000660
0.160000 0.250000 -0.000758
0.160000 0.260000 -0.000857
0.160000 0.270000 -0.000956
0.160000 0.280000 -0.001078
0.160000 0.290000 -0.001248
0.160000 0.300000 0.000000
0.160000 0.310000 0.000000
0.160000 0.320000 0.000000
0.160000 0.330000 0.000000
0.160000 0.340000 0.000000
0.160000 0.350000 0.000000
0.160000 0.360000 0.000000
0.160000 0.370000 0.000000
0.160000 0.380000 0.000000
0.160000 0.390000 0.000000
0.160000 0.400000 0.000000
0.160000 0.410000 0.000000
0.160000 0.420000 0.000000
0.160000 0.430000 0.000000
0.160000 0.440000 0.000000
0.160000 0.450000 0.000000
0.160000 0.460000 0.000000
0.160000 0.470000 0.000000
0.160000 0.480000 0.000000
0.160000 0.490000 0.000000
0.170000 0.000000 0.000000
0.170000 0.010000 0.000000
0.170000 0.020000 0.000000
0.170000 0.030000 0.000000
0.170000 0.040000 0.000000
0.170000 0.050000 0.001340
0.170000 0.060000 0.001133
0.170000 0.070000 0.001012
0.170000 0.080000 0.000907
0.170000 0.090000 0.000808
0.170000 0.100000 0.000710
0.170000 0.110000 0.000611
0.170000 0.120000 0.000513
0.170000 0.130000 0.000415
0.170000 0.140000 0.000317
0.170000 0.150000 0.000220
0.170000 0.160000 0.000122
0.170000 0.170000 0.000024
0.170000 0.180000 -0.000073
0.170000 0.190000 -0.000171
0.170000 0.200000 -0.000269
0.170000 0.210000 -0.000367
0.170000 0.220000 -0.000465
0.170000 0.230000 -0.000563
0.170000 0.240000 -0.000661
0.170000 0.250000 -0.000760
0.170000 0.260000 -0.000859
0.170000 0.270000 -0.000958
0.170000 0.280000 -0.001080
0.170000 0.290000 -0.001250
0.170000 0.300000 0.000000
0.170000 0.310000 0.000000
0.170000 0.320000 0.000000
0.170000 0.330000 0.000000
0.170000 0.340000 0.000000
0.170000 0.350000 0.000000
0.170000 0.360000 0.000000
0.170000 0.370000 0.000000
0.170000 0.380000 0.000000
0.170000 0.390000 0.000000
0.170000 0.400000 0.000000
0.170000 0.410000 0.000000
0.170000 0.420000 0.000000
0.170000 0.430000 0.000000
0.170000 0.440000 0.000000
0.170000 0.450000 0.000000
0.170000 0.460000 0.000000
0.170000 0.470000 0.000000
0.170000 0.480000 0.000000
0.170000 0.490000 0.000000
0.180000 0.000000 0.000000
0.180000 0.010000 0.000000
0.180000 0.020000 0.000000
0.180000 0.030000 0.000000
0.180000 0.040000 0.000000
0.180000 0.050000 0.001341
0.180000 0.060000 0.001134
0.180000 0.070000 0.001013
0.180000 0.080000 0.000908
0.180000 0.090000 0.000809
0.180000 0.100000 0.000711
0.180000 0.110000 0.000612
0.180000 0.120000 0.000514
0.180000 0.130000 0.000416
0.180000 0.140000 0.000318
0.180000 0.150000 0.000220
0.180000 0.160000 0.000122
0.180000 0.170000 0.000024
0.180000 0.180000 -0.000074
0.180000 0.190000 -0.000171
0.180000 0.200000 -0.000269
0.180000 0.210000 -0.000367
0.180000 0.220000 -0.000466
0.180000 0.230000 -0.000564
0.180000 0.240000 -0.000662
0.180000 0.250000 -0.000761
0.180000 0.260000 -0.000860
0.180000 0.270000 -0.000959
0.180000 0.280000 -0.001081
0.180000 0.290000 -0.001251
0.180000 0.300000 0.000000
0.180000 0.310000 0.000000
0.180000 0.320000 0.000000
0.180000 0.330000 0.000000
0.180000 0.340000 0.000000
0.180000 0.350000 0.000000
0.180000 0.360000 0.000000
0.180000 0.370000 0.000000
0.180000 0.380000 0.000000
0.180000 0.390000 0.000000
0.180000 0.400000 0.000000
0.180000 0.410000 0.000000
0.180000 0.420000 0.000000
0.180000 0.430000 0.000000
0.180000 0.440000 0.000000
0.180000 0.450000 0.000000
0.180000 0.460000 0.000000
0.180000 0.470000 0.000000
0.180000 0.480000 0.000000
0.180000 0.490000 0.000000
0.190000 0.000000 0.000000
0.190000 0.010000 0.000000
0.190000 0.020000 0.000000
0.190000 0.030000 0.000000
0.190000 0.040000 0.000000
0.190000 0.050000 0.001342
0.190000 0.060000 0.001136
0.190000 0.070000 0.001015
0.190000 0.080000 0.000909
0.190000 0.090000 0.000810
0.190000 0.100000 0.000712
0.190000 0.110000 0.000613
0.190000 0.120000 0.000515
0.190000 0.130000 0.000416
0.190000 0.140000 0.000318
0.190000 0.150000 0.000220
0.190000 0.160000 0.000122
0.190000 0.170000 0.000024
0.190000 0.180000 -0.000074
0.190000 0.190000 -0.000172
0.190000 0.200000 -0.000270
0.190000 0.210000 -0.000368
0.190000 0.220000 -0.000466
0.190000 0.230000 -0.000565
0.190000 0.240000 -0.000663
0.190000 0.250000 -0.000762
0.190000 0.260000 -0.000861
0.190000 0.270000 -0.000960
0.190000 0.280000 -0.001083
0.190000 0.290000 -0.001252
0.190000 0.300000 0.000000
0.190000 0.310000 0.000000
0.190000 0.320000 0.000000
0.190000 0.330000 0.000000
0.190000 0.340000 0.000000
0.190000 0.350000 0.000000
0.190000 0.360000 0.000000
0.190000 0.370000 0.000000
0.190000 0.380000 0.000000
0.190000 0.390000 0.000000
0.190000 0.400000 0.000000
0.190000 0.410000 0.000000
0.190000 0.420000 0.000000
0.190000 0.430000 0.000000
0.190000 0.440000 0.000000
0.190000 0.450000 0.000000
0.190000 0.460000 0.000000
0.190000 0.470000 0.000000
0.190000 0.480000 0.000000
0.190000 0.490000 0.000000
0.200000 0.000000 0.000000
0.200000 0.010000 0.000000
0.200000 0.020000 0.000000
0.200000 0.030000 0.000000
0.200000 0.040000 0.000000
0.200000 0.050000 0.001343
0.200000 0.060000 0.001137
0.200000 0.070000 0.001015
0.200000 0.080000 0.000910
0.200000 0.090000 0.000811
0.200000 0.100000 0.000712
0.200000 0.110000 0.000614
0.200000 0.120000 0.000515
0.200000 0.130000 0.000417
0.200000 0.140000 0.000319
0.200000 0.150000 0.000220
0.200000 0.160000 0.000122
0.200000 0.170000 0.000024
0.200000 0.180000 -0.000074
0.200000 0.190000 -0.000172
0.200000 0.200000 -0.000270
0.200000 0.210000 -0.000368
0.200000 0.220000 -0.000467
0.200000 0.230000 -0.000565
0.200000 0.240000 -0.000664
0.200000 0.250000 -0.000763
0.200000 0.260000 -0.000862
0.200000 0.270000 -0.000961
0.200000 0.280000 -0.001083
0.200000 0.290000 -0.001253
0.200000 0.300000 0.000000
0.200000 0.310000 0.000000
0.200000 0.320000 0.000000
0.200000 0.330000 0.000000
0.200000 0.340000 0.000000
0.200000 0.350000 0.000000
0.200000 0.360000 0.000000
0.200000 0.370000 0.000000
0.200000 0.380000 0.000000
0.200000 0.390000 0.000000
0.200000 0.400000 0.000000
0.200000 0.410000 0.000000
0.200000 0.420000 0.000000
0.200000 0.430000 0.000000
0.200000 0.440000 0.000000
0.200000 0.450000 0.000000
0.200000 0.460000 0.000000
0.200000 0.470000 0.000000
0.200000 0.480000 0.000000
0.200000 0.490000 0.000000
0.210000 0.000000 0.000000
0.210000 0.010000 0.000000
0.210000 0.020000 0.000000
0.210000 0.030000 0.000000
0.210000 0.040000 0.000000
0.210000 0.050000 0.001344
0.210000 0.060000 0.001137
0.210000 0.070000 0.001016
0.210000 0.080000 0.000911
0.210000 0.090000 0.000812
0.210000 0.100000 0.000713
0.210000 0.110000 0.000614
0.210000 0.120000 0.000516
0.210000 0.130000 0.000417
0.210000 0.140000 0.000319
0.210000 0.150000 0.000221
0.210000 0.160000 0.000122
0.210000 0.170000 0.000024
0.210000 0.180000 -0.000074
0.210000 0.190000 -0.000172
0.210000 0.200000 -0.000270
0.210000 0.210000 -0.000369
0.210000 0.220000 -0.000467
0.210000 0.230000 -0.000566
0.210000 0.240000 -0.000664
0.210000 0.250000 -0.000763
0.210000 0.260000 -0.000862
0.210000 0.270000 -0.000962
0.210000 0.280000 -0.001084
0.210000 0.290000 -0.001254
0.210000 0.300000 0.000000
0.210000 0.310000 0.000000
0.210000 0.320000 0.000000
0.210000 0.330000 0.000000
0.210000 0.340000 0.000000
0.210000 0.350000 0.000000
0.210000 0.360000 0.000000
0.210000 0.370000 0.000000
0.210000 0.380000 0.000000
0.210000 0.390000 0.000000
0.210000 0.400000 0.000000
0.210000 0.410000 0.000000
0.210000 0.420000 0.000000
0.210000 0.430000 0.000000
0.210000 0.440000 0.000000
0.210000 0.450000 0.000000
0.210000 0.460000 0.000000
0.210000 0.470000 0.000000
0.210000 0.480000 0.000000
0.210000 0.490000 0.000000
0.220000 0.000000 0.000000
0.220000 0.010000 0.000000
0.220000 0.020000 0.000000
0.220000 0.030000 0.000000
0.220000 0.040000 0.000000
0.220000 0.050000 0.001345
0.220000 0.060000 0.001138
0.220000 0.070000 0.001017
0.220000 0.080000 0.000911
0.220000 0.090000 0.000812
0.220000 0.100000 0.000713
0.220000 0.110000 0.000615
0.220000 0.120000 0.000516
0.220000 0.130000 0.000417
0.220000 0.140000 0.000319
0.220000 0.150000 0.000221
0.220000 0.160000 0.000122
0.220000 0.170000 0.000024
0.220000 0.180000 -0.000074
0.220000 0.190000 -0.000172
0.220000 0.200000 -0.000271
0.220000 0.210000 -0.000369
0.220000 0.220000 -0.000467
0.220000 0.230000 -0.000566
0.220000 0.240000 -0.000665
0.220000 0.250000 -0.000764
0.220000 0.260000 -0.000863
0.220000 0.270000 -0.000962
0.220000 0.280000 -0.001085
0.220000 0.290000 -0.001255
0.220000 0.300000 0.000000
0.220000 0.310000 0.000000
0.220000 0.320000 0.000000
0.220000 0.330000 0.000000
0.220000 0.340000 0.000000
0.220000 0.350000 0.000000
0.220000 0.360000 0.000000
0.220000 0.370000 0.000000
0.220000 0.380000 0.000000
0.220000 0.390000 0.000000
0.220000 0.400000 0.000000
0.220000 0.410000 0.000000
0.220000 0.420000 0.000000
0.220000 0.430000 0.000000
0.220000 0.440000 0.000000
0.220000 0.450000 0.000000
0.220000 0.460000 0.000000
0.220000 0.470000 0.000000
0.220000 0.480000 0.000000
0.220000 0.490000 0.000000
0.230000 0.000000 0.000000
0.230000 0.010000 0.000000
0.230000 0.020000 0.000000
0.230000 0.030000 0.000000
0.230000 0.040000 0.000000
0.230000 0.050000 0.001345
0.230000 0.060000 0.001138
0.230000 0.070000 0.001017
0.230000 0.080000 0.000912
0.230000 0.090000 0.000813
0.230000 0.100000 0.000714
0.230000 0.110000 0.000615
0.230000 0.120000 0.000516
0.230000 0.130000 0.000418
0.230000 0.140000 0.000319
0.230000 0.150000 0.000221
0.230000 0.160000 0.000123
0.230000 0.170000 0.000024
0.230000 0.180000 -0.000074
0.230000 0.190000 -0.000172
0.230000 0.200000 -0.000271
0.230000 0.210000 -0.000369
0.230000 0.220000 -0.000468
0.230000 0.230000 -0.000566
0.230000 0.240000 -0.000665
0.230000 0.250000 -0.000764
0.230000 0.260000 -0.000863
0.230000 0.270000 -0.000963
0.230000 0.280000 -0.001085
0.230000 0.290000 -0.001255
0.230000 0.300000 0.000000
0.230000 0.310000 0.000000
0.230000 0.320000 0.000000
0.230000 0.330000 0.000000
0.230000 0.340000 0.000000
0.230000 0.350000 0.000000
0.230000 0.360000 0.000000
0.230000 0.370000 0.000000
0.230000 0.380000 0.000000
0.230000 0.390000 0.000000
0.230000 0.400000 0.000000
0.230000 0.410000 0.000000
0.230000 0.420000 0.000000
0.230000 0.430000 0.000000
0.230000 0.440000 0.000000
0.230000 0.450000 0.000000
0.230000 0.460000 0.000000
0.230000 0.470000 0.000000
0.230000 0.480000 0.000000
0.230000 0.490000 0.000000
0.240000 0.000000 0.000000
0.240000 0.010000 0.000000
0.240000 0.020000 0.000000
0.240000 0.030000 0.000000
0.240000 0.040000 0.000000
0.240000 0.050000 0.001345
0.240000 0.060000 0.001138
0.240000 0.070000 0.001017
0.240000 0.080000 0.000912
0.240000 0.090000 0.000813
0.240000 0.100000 0.000714
0.240000 0.110000 0.000615
0.240000 0.120000 0.000516
0.240000 0.130000 0.000418
0.240000 0.140000 0.000319
0.240000 0.150000 0.000221
0.240000 0.160000 0.000123
0.240000 0.170000 0.000024
0.240000 0.180000 -0.000074
0.240000 0.190000 -0.000172
0.240000 0.200000 -0.000271
0.240000 0.210000 -0.000369
0.240000 0.220000 -0.000468
0.240000 0.230000 -0.000566
0.240000 0.240000 -0.000665
0.240000 0.250000 -0.000764
0.240000 0.260000 -0.000863
0.240000 0.270000 -0.000963
0.240000 0.280000 -0.001085
0.240000 0.290000 -0.001255
0.240000 0.300000 0.000000
0.240000 0.310000 0.000000
0.240000 0.320000 0.000000
0.240000 0.330000 0.000000
0.240000 0.340000 0.000000
0.240000 0.350000 0.000000
0.240000 0.360000 0.000000
0.240000 0.370000 0.000000
0.240000 0.380000 0.000000
0.240000 0.390000 0.000000
0.240000 0.400000 0.000000
0.240000 0.410000 0.000000
0.240000 0.420000 0.000000
0.240000 0.430000 0.000000
0.240000 0.440000 0.000000
0.240000 0.450000 0.000000
0.240000 0.460000 0.000000
0.240000 0.470000 0.000000
0.240000 0.480000 0.000000
0.240000 0.490000 0.000000
0.250000 0.000000 0.000000
0.250000 0.010000 0.000000
0.250000 0.020000 0.000000
0.250000 0.030000 0.000000
0.250000 0.040000 0.000000
0.250000 0.050000 0.001345
0.250000 0.060000 0.001138
0.250000 0.070000 0.001017
0.250000 0.080000 0.000912
0.250000 0.090000 0.000813
0.250000 0.100000 0.000714
0.250000 0.110000 0.000615
0.250000 0.120000 0.000516
0.250000 0.130000 0.000418
0.250000 0.140000 0.000319
0.250000 0.150000 0.000221
0.250000 0.160000 0.000123
0.250000 0.170000 0.000024
0.250000 0.180000 -0.000074
0.250000 0.190000 -0.000172
0.250000 0.200000 -0.000271
0.250000 0.210000 -0.000369
0.250000 0.220000 -0.000468
0.250000 0.230000 -0.000566
0.250000 0.240000 -0.000665
0.250000 0.250000 -0.000764
0.250000 0.260000 -0.000863
0.250000 0.270000 -0.000963
0.250000 0.280000 -0.001085
0.250000 0.290000 -0.001255
0.250000 0.300000 0.000000
0.250000 0.310000 0.000000
0.250000 0.320000 0.000000
0.250000 0.330000 0.000000
0.250000 0.340000 0.000000
0.250000 0.350000 0.000000
0.250000 0.360000 0.000000
0.250000 0.370000 0.000000
0.250000 0.380000 0.000000
0.250000 0.390000 0.000000
0.250000 0.400000 0.000000
0.250000 0.410000 0.000000
0.250000 0.420000 0.000000
0.250000 0.430000 0.000000
0.250000 0.440000 0.000000
0.250000 0.450000 0.000000
0.250000 0.460000 0.000000
0.250000 0.470000 0.000000
0.250000 0.480000 0.000000
0.250000 0.490000 0.000000
0.260000 0.000000 0.000000
0.260000 0.010000 0.000000
0.260000 0.020000 0.000000
0.260000 0.030000 0.000000
0.260000 0.040000 0.000000
0.260000 0.050000 0.001345
0.260000 0.060000 0.001138
0.260000 0.070000 0.001017
0.260000 0.080000 0.000912
0.260000 0.090000 0.000813
0.260000 0.100000 0.000714
0.260000 0.110000 0.000615
0.260000 0.120000 0.000516
0.260000 0.130000 0.000418
0.260000 0.140000 0.000319
0.260000 0.150000 0.000221
0.260000 0.160000 0.000123
0.260000 0.170000 0.000024
0.260000 0.180000 -0.000074
0.260000 0.190000 -0.000172
0.260000 0.200000 -0.000271
0.260000 0.210000 -0.000369
0.260000 0.220000 -0.000468
0.260000 0.230000 -0.000566
0.260000 0.240000 -0.000665
0.260000 0.250000 -0.000764
0.260000 0.260000 -0.000863
0.260000 0.270000 -0.000963
0.260000 0.280000 -0.001085
0.260000 0.290000 -0.001255
0.260000 0.300000 0.000000
0.260000 0.310000 0.000000
0.260000 0.320000 0.000000
0.260000 0.330000 0.000000
0.260000 0.340000 0.000000
0.260000 0.350000 0.000000
0.260000 0.360000 0.000000
0.260000 0.370000 0.000000
0.260000 0.380000 0.000000
0.260000 0.390000 0.000000
0.260000 0.400000 0.000000
0.260000 0.410000 0.000000
0.260000 0.420000 0.000000
0.260000 0.430000 0.000000
0.260000 0.440000 0.000000
0.260000 0.450000 0.000000
0.260000 0.460000 0.000000
0.260000 0.470000 0.000000
0.260000 0.480000 0.000000
0.260000 0.490000 0.000000
0.270000 0.000000 0.000000
0.270000 0.010000 0.000000
0.270000 0.020000 0.000000
0.270000 0.030000 0.000000
0.270000 0.040000 0.000000
0.270000 0.050000 0.001345
0.270000 0.060000 0.001138
0.270000 0.070000 0.001017
0.270000 0.080000 0.000911
0.270000 0.090000 0.000812
0.270000 0.100000 0.000713
0.270000 0.110000 0.000615
0.270000 0.120000 0.000516
0.270000 0.130000 0.000417
0.270000 0.140000 0.000319
0.270000 0.150000 0.000221
0.270000 0.160000 0.000123
0.270000 0.170000 0.000024
0.270000 0.180000 -0.000074
0.270000 0.190000 -0.000172
0.270000 0.200000 -0.000271
0.270000 0.210000 -0.000369
0.270000 0.220000 -0.000467
0.270000 0.230000 -0.000566
0.270000 0.240000 -0.000665
0.270000 0.250000 -0.000764
0.270000 0.260000 -0.000863
0.270000 0.270000 -0.000962
0.270000 0.280000 -0.001085
0.270000 0.290000 -0.001255
0.270000 0.300000 0.000000
0.270000 0.310000 0.000000
0.270000 0.320000 0.000000
0.270000 0.330000 0.000000
0.270000 0.340000 0.000000
0.270000 0.350000 0.000000
0.270000 0.360000 0.000000
0.270000 0.370000 0.000000
0.270000 0.380000 0.000000
0.270000 0.390000 0.000000
0.270000 0.400000 0.000000
0.270000 0.410000 0.000000
0.270000 0.420000 0.000000
0.270000 0.430000 0.000000
0.270000 0.440000 0.000000
0.270000 0.450000 0.000000
0.270000 0.460000 0.000000
0.270000 0.470000 0.000000
0.270000 0.480000 0.000000
0.270000 0.490000 0.000000
0.280000 0.000000 0.000000
0.280000 0.010000 0.000000
0.280000 0.020000 0.000000
0.280000 0.030000 0.000000
0.280000 0.040000 0.000000
0.280000 0.050000 0.001344
0.280000 0.060000 0.001137
0.280000 0.070000 0.001016
0.280000 0.080000 0.000911
0.280000 0.090000 0.000812
0.280000 0.100000 0.000713
0.280000 0.110000 0.000614
0.280000 0.120000 0.000516
0.280000 0.130000 0.000417
0.280000 0.140000 0.000319
0.280000 0.150000 0.000221
0.280000 0.160000 0.000122
0.280000 0.170000 0.000024
0.280000 0.180000 -0.000074
0.280000 0.190000 -0.000172
0.280000 0.200000 -0.000270
0.280000 0.210000 -0.000369
0.280000 0.220000 -0.000467
0.280000 0.230000 -0.000566
0.280000 0.240000 -0.000664
0.280000 0.250000 -0.000763
0.280000 0.260000 -0.000862
0.280000 0.270000 -0.000962
0.280000 0.280000 -0.001084
0.280000 0.290000 -0.001254
0.280000 0.300000 0.000000
0.280000 0.310000 0.000000
0.280000 0.320000 0.000000
0.280000 0.330000 0.000000
0.280000 0.340000 0.000000
0.280000 0.350000 0.000000
0.280000 0.360000 0.000000
0.280000 0.370000 0.000000
0.280000 0.380000 0.000000
0.280000 0.390000 0.000000
0.280000 0.400000 0.000000
0.280000 0.410000 0.000000
0.280000 0.420000 0.000000
0.280000 0.430000 0.000000
0.280000 0.440000 0.000000
0.280000 0.450000 0.000000
0.280000 0.460000 0.000000
0.280000 0.470000 0.000000
0.280000 0.480000 0.000000
0.280000 0.490000 0.000000
0.290000 0.000000 0.000000
0.290000 0.010000 0.000000
0.290000 0.020000 0.000000
0.290000 0.030000 0.000000
0.290000 0.040000 0.000000
0.290000 0.050000 0.001343
0.290000 0.060000 0.001137
0.290000 0.070000 0.001016
0.290000 0.080000 0.000910
0.290000 0.090000 0.000811
0.290000 0.100000 0.000712
0.290000 0.110000 0.000614
0.290000 0.120000 0.000515
0.290000 0.130000 0.000417
0.290000 0.140000 0.000319
0.290000 0.150000 0.000220
0.290000 0.160000 0.000122
0.290000 0.170000 0.000024
0.290000 0.180000 -0.000074
0.290000 0.190000 -0.000172
0.290000 0.200000 -0.000270
0.290000 0.210000 -0.000368
0.290000 0.220000 -0.000467
0.290000 0.230000 -0.000565
0.290000 0.240000 -0.000664
0.290000 0.250000 -0.000763
0.290000 0.260000 -0.000862
0.290000 0.270000 -0.000961
0.290000 0.280000 -0.001083
0.290000 0.290000 -0.001253
0.290000 0.300000 0.000000
0.290000 0.310000 0.000000
0.290000 0.320000 0.000000
0.290000 0.330000 0.000000
0.290000 0.340000 0.000000
0.290000 0.350000 0.000000
0.290000 0.360000 0.000000
0.290000 0.370000 0.000000
0.290000 0.380000 0.000000
0.290000 0.390000 0.000000
0.290000 0.400000 0.000000
0.290000 0.410000 0.000000
0.290000 0.420000 0.000000
0.290000 0.430000 0.000000
0.290000 0.440000 0.000000
0.290000 0.450000 0.000000
0.290000 0.460000 0.000000
0.290000 0.470000 0.000000
0.290000 0.480000 0.000000
0.290000 0.490000 0.000000
0.300000 0.000000 0.000000
0.300000 0.010000 0.000000
0.300000 0.020000 0.000000
0.300000 0.030000 0.000000
0.300000 0.040000 0.000000
0.300000 0.050000 0.001342
0.300000 0.060000 0.001136
0.300000 0.070000 0.001015
0.300000 0.080000 0.000909
0.300000 0.090000 0.000810
0.300000 0.100000 0.000712
0.300000 0.110000 0.000613
0.300000 0.120000 0.000515
0.300000 0.130000 0.000416
0.300000 0.140000 0.000318
0.300000 0.150000 0.000220
0.300000 0.160000 0.000122
0.300000 0.170000 0.000024
0.300000 0.180000 -0.000074
0.300000 0.190000 -0.000172
0.300000 0.200000 -0.000270
0.300000 0.210000 -0.000368
0.300000 0.220000 -0.000466
0.300000 0.230000 -0.000565
0.300000 0.240000 -0.000663
0.300000 0.250000 -0.000762
0.300000 0.260000 -0.000861
0.300000 0.270000 -0.000960
0.300000 0.280000 -0.001083
0.300000 0.290000 -0.001252
0.300000 0.300000 0.000000
0.300000 0.310000 0.000000
0.300000 0.320000 0.000000
0.300000 0.330000 0.000000
0.300000 0.340000 0.000000
0.300000 0.350000 0.000000
0.300000 0.360000 0.000000
0.300000 0.370000 0.000000
0.300000 0.380000 0.000000
0.300000 0.390000 0.000000
0.300000 0.400000 0.000000
0.300000 0.410000 0.000000
0.300000 0.420000 0.000000
0.300000 0.430000 0.000000
0.300000 0.440000 0.000000
0.300000 0.450000 0.000000
0.300000 0.460000 0.000000
0.300000 0.470000 0.000000
0.300000 0.480000 0.000000
0.300000 0.490000 0.000000
0.310000 0.000000 0.000000
0.310000 0.010000 0.000000
0.310000 0.020000 0.000000
0.310000 0.030000 0.000000
0.310000 0.040000 0.000000
0.310000 0.050000 0.001341
0.310000 0.060000 0.001135
0.310000 0.070000 0.001014
0.310000 0.080000 0.000908
0.310000 0.090000 0.000809
0.310000 0.100000 0.000711
0.310000 0.110000 0.000612
0.310000 0.120000 0.000514
0.310000 0.130000 0.000416
0.310000 0.140000 0.000318
0.310000 0.150000 0.000220
0.310000 0.160000 0.000122
0.310000 0.170000 0.000024
0.310000 0.180000 -0.000074
0.310000 0.190000 -0.000171
0.310000 0.200000 -0.000269
0.310000 0.210000 -0.000367
0.310000 0.220000 -0.000465
0.310000 0.230000 -0.000564
0.310000 0.240000 -0.000662
0.310000 0.250000 -0.000761
0.310000 0.260000 -0.000860
0.310000 0.270000 -0.000959
0.310000 0.280000 -0.001081
0.310000 0.290000 -0.001251
0.310000 0.300000 0.000000
0.310000 0.310000 0.000000
0.310000 0.320000 0.000000
0.310000 0.330000 0.000000
0.310000 0.340000 0.000000
0.310000 0.350000 0.000000
0.310000 0.360000 0.000000
0.310000 0.370000 0.000000
0.310000 0.380000 0.000000
0.310000 0.390000 0.000000
0.310000 0.400000 0.000000
0.310000 0.410000 0.000000
0.310000 0.420000 0.000000
0.310000 0.430000 0.000000
0.310000 0.440000 0.000000
0.310000 0.450000 0.000000
0.310000 0.460000 0.000000
0.310000 0.470000 0.000000
0.310000 0.480000 0.000000
0.310000 0.490000 0.000000
0.320000 0.000000 0.000000
0.320000 0.010000 0.000000
0.320000 0.020000 0.000000
0.320000 0.030000 0.000000
0.320000 0.040000 0.000000
0.320000 0.050000 0.001340
0.320000 0.060000 0.001133
0.320000 0.070000 0.001012
0.320000 0.080000 0.000907
0.320000 0.090000 0.000808
0.320000 0.100000 0.000710
0.320000 0.110000 0.000611
0.320000 0.120000 0.000513
0.320000 0.130000 0.000415
0.320000 0.140000 0.000317
0.320000 0.150000 0.000220
0.320000 0.160000 0.000122
0.320000 0.170000 0.000024
0.320000 0.180000 -0.000073
0.320000 0.190000 -0.000171
0.320000 0.200000 -0.000269
0.320000 0.210000 -0.000367
0.320000 0.220000 -0.000465
0.320000 0.230000 -0.000563
0.320000 0.240000 -0.000661
0.320000 0.250000 -0.000760
0.320000 0.260000 -0.000859
0.320000 0.270000 -0.000958
0.320000 0.280000 -0.001080
0.320000 0.290000 -0.001250
0.320000 0.300000 0.000000
0.320000 0.310000 0.000000
0.320000 0.320000 0.000000
0.320000 0.330000 0.000000
0.320000 0.340000 0.000000
0.320000 0.350000 0.000000
0.320000 0.360000 0.000000
0.320000 0.370000 0.000000
0.320000 0.380000 0.000000
0.320000 0.390000 0.000000
0.320000 0.400000 0.000000
0.320000 0.410000 0.000000
0.320000 0.420000 0.000000
0.320000 0.430000 0.000000
0.320000 0.440000 0.000000
0.320000 0.450000 0.000000
0.320000 0.460000 0.000000
0.320000 0.470000 0.000000
0.320000 0.480000 0.000000
0.320000 0.490000 0.000000
0.330000 0.000000 0.000000
0.330000 0.010000 0.000000
0.330000 0.020000 0.000000
0.330000 0.030000 0.000000
0.330000 0.040000 0.000000
0.330000 0.050000 0.001338
0.330000 0.060000 0.001132
0.330000 0.070000 0.001011
0.330000 0.080000 0.000906
0.330000 0.090000 0.000807
0.330000 0.100000 0.000708
0.330000 0.110000 0.000610
0.330000 0.120000 0.000512
0.330000 0.130000 0.000415
0.330000 0.140000 0.000317
0.330000 0.150000 0.000219
0.330000 0.160000 0.000122
0.330000 0.170000 0.000024
0.330000 0.180000 -0.000073
0.330000 0.190000 -0.000171
0.330000 0.200000 -0.000268
0.330000 0.210000 -0.000366
0.330000 0.220000 -0.000464
0.330000 0.230000 -0.000562
0.330000 0.240000 -0.000660
0.330000 0.250000 -0.000758
0.330000 0.260000 -0.000857
0.330000 0.270000 -0.000956
0.330000 0.280000 -0.001078
0.330000 0.290000 -0.001248
0.330000 0.300000 0.000000
0.330000 0.310000 0.000000
0.330000 0.320000 0.000000
0.330000 0.330000 0.000000
0.330000 0.340000 0.000000
0.330000 0.350000 0.000000
0.330000 0.360000 0.000000
0.330000 0.370000 0.000000
0.330000 0.380000 0.000000
0.330000 0.390000 0.000000
0.330000 0.400000 0.000000
0.330000 0.410000 0.000000
0.330000 0.420000 0.000000
0.330000 0.430000 0.000000
0.330000 0.440000 0.000000
0.330000 0.450000 0.000000
0.330000 0.460000 0.000000
0.330000 0.470000 0.000000
0.330000 0.480000 0.000000
0.330000 0.490000 0.000000
0.340000 0.000000 0.000000
0.340000 0.010000 0.000000
0.340000 0.020000 0.000000
0.340000 0.030000 0.000000
0.340000 0.040000 0.000000
0.340000 0.050000 0.001336
0.340000 0.060000 0.001130
0.340000 0.070000 0.001009
0.340000 0.080000 0.000904
0.340000 0.090000 0.000805
0.340000 0.100000 0.000707
0.340000 0.110000 0.000609
0.340000 0.120000 0.000511
0.340000 0.130000 0.000414
0.340000 0.140000 0.000316
0.340000 0.150000 0.000219
0.340000 0.160000 0.000122
0.340000 0.170000 0.000024
0.340000 0.180000 -0.000073
0.340000 0.190000 -0.000170
0.340000 0.200000 -0.000268
0.340000 0.210000 -0.000365
0.340000 0.220000 -0.000463
0.340000 0.230000 -0.000560
0.340000 0.240000 -0.000658
0.340000 0.250000 -0.000757
0.340000 0.260000 -0.000855
0.340000 0.270000 -0.000954
0.340000 0.280000 -0.001076
0.340000 0.290000 -0.001246
0.340000 0.300000 0.000000
0.340000 0.310000 0.000000
0.340000 0.320000 0.000000
0.340000 0.330000 0.000000
0.340000 0.340000 0.000000
0.340000 0.350000 0.000000
0.340000 0.360000 0.000000
0.340000 0.370000 0.000000
0.340000 0.380000 0.000000
0.340000 0.390000 0.000000
0.340000 0.400000 0.000000
0.340000 0.410000 0.000000
0.340000 0.420000 0.000000
0.340000 0.430000 0.000000
0.340000 0.440000 0.000000
0.340000 0.450000 0.000000
0.340000 0.460000 0.000000
0.340000 0.470000 0.000000
0.340000 0.480000 0.000000
0.340000 0.490000 0.000000
0.350000 0.000000 0.000000
0.350000 0.010000 0.000000
0.350000 0.020000 0.000000
0.350000 0.030000 0.000000
0.350000 0.040000 0.000000
0.350000 0.050000 0.001334
0.350000 0.060000 0.001127
0.350000 0.070000 0.001007
0.350000 0.080000 0.000902
0.350000 0.090000 0.000803
0.350000 0.100000 0.000705
0.350000 0.110000 0.000608
0.350000 0.120000 0.000510
0.350000 0.130000 0.000413
0.350000 0.140000 0.000315
0.350000 0.150000 0.000218
0.350000 0.160000 0.000121
0.350000 0.170000 0.000024
0.350000 0.180000 -0.000073
0.350000 0.190000 -0.000170
0.350000 0.200000 -0.000267
0.350000 0.210000 -0.000364
0.350000 0.220000 -0.000461
0.350000 0.230000 -0.000559
0.350000 0.240000 -0.000657
0.350000 0.250000 -0.000755
0.350000 0.260000 -0.000853
0.350000 0.270000 -0.000952
0.350000 0.280000 -0.001074
0.350000 0.290000 -0.001244
0.350000 0.300000 0.000000
0.350000 0.310000 0.000000
0.350000 0.320000 0.000000
0.350000 0.330000 0.000000
0.350000 0.340000 0.000000
0.350000 0.350000 0.000000
0.350000 0.360000 0.000000
0.350000 0.370000 0.000000
0.350000 0.380000 0.000000
0.350000 0.390000 0.000000
0.350000 0.400000 0.000000
0.350000 0.410000 0.000000
0.350000 0.420000 0.000000
0.350000 0.430000 0.000000
0.350000 0.440000 0.000000
0.350000 0.450000 0.000000
0.350000 0.460000 0.000000
0.350000 0.470000 0.000000
0.350000 0.480000 0.000000
0.350000 0.490000 0.000000
0.360000 0.000000 0.000000
0.360000 0.010000 0.000000
0.360000 0.020000 0.000000
0.360000 0.030000 0.000000
0.360000 0.040000 0.000000
0.360000 0.050000 0.001331
0.360000 0.060000 0.001125
0.360000 0.070000 0.001004
0.360000 0.080000 0.000899
0.360000 0.090000 0.000801
0.360000 0.100000 0.000703
0.360000 0.110000 0.000606
0.360000 0.120000 0.000509
0.360000 0.130000 0.000411
0.360000 0.140000 0.000315
0.360000 0.150000 0.000218
0.360000 0.160000 0.000121
0.360000 0.170000 0.000024
0.360000 0.180000 -0.000072
0.360000 0.190000 -0.000169
0.360000 0.200000 -0.000266
0.360000 0.210000 -0.000363
0.360000 0.220000 -0.000460
0.360000 0.230000 -0.000557
0.360000 0.240000 -0.000655
0.360000 0.250000 -0.000753
0.360000 0.260000 -0.000851
0.360000 0.270000 -0.000949
0.360000 0.280000 -0.001071
0.360000 0.290000 -0.001241
0.360000 0.300000 0.000000
0.360000 0.310000 0.000000
0.360000 0.320000 0.000000
0.360000 0.330000 0.000000
0.360000 0.340000 0.000000
0.360000 0.350000 0.000000
0.360000 0.360000 0.000000
0.360000 0.370000 0.000000
0.360000 0.380000 0.000000
0.360000 0.390000 0.000000
0.360000 0.400000 0.000000
0.360000 0.410000 0.000000
0.360000 0.420000 0.000000
0.360000 0.430000 0.000000
0.360000 0.440000 0.000000
0.360000 0.450000 0.000000
0.360000 0.460000 0.000000
0.360000 0.470000 0.000000
0.360000 0.480000 0.000000
0.360000 0.490000 0.000000
0.370000 0.000000 0.000000
0.370000 0.010000 0.000000
0.370000 0.020000 0.000000
0.370000 0.030000 0.000000
0.370000 0.040000 0.000000
0.370000 0.050000 0.001328
0.370000 0.060000 0.001122
0.370000 0.070000 0.001001
0.370000 0.080000 0.000897
0.370000 0.090000 0.000799
0.370000 0.100000 0.000701
0.370000 0.110000 0.000604
0.370000 0.120000 0.000507
0.370000 0.130000 0.000410
0.370000 0.140000 0.000314
0.370000 0.150000 0.000217
0.370000 0.160000 0.000121
0.370000 0.170000 0.000024
0.370000 0.180000 -0.000072
0.370000 0.190000 -0.000168
0.370000 0.200000 -0.000265
0.370000 0.210000 -0.000361
0.370000 0.220000 -0.000458
0.370000 0.230000 -0.000555
0.370000 0.240000 -0.000652
0.370000 0.250000 -0.000750
0.370000 0.260000 -0.000848
0.370000 0.270000 -0.000946
0.370000 0.280000 -0.001068
0.370000 0.290000 -0.001238
0.370000 0.300000 0.000000
0.370000 0.310000 0.000000
0.370000 0.320000 0.000000
0.370000 0.330000 0.000000
0.370000 0.340000 0.000000
0.370000 0.350000 0.000000
0.370000 0.360000 0.000000
0.370000 0.370000 0.000000
0.370000 0.380000 0.000000
0.370000 0.390000 0.000000
0.370000 0.400000 0.000000
0.370000 0.410000 0.000000
0.370000 0.420000 0.000000
0.370000 0.430000 0.000000
0.370000 0.440000 0.000000
0.370000 0.450000 0.000000
0.370000 0.460000 0.000000
0.370000 0.470000 0.000000
0.370000 0.480000 0.000000
0.370000 0.490000 0.000000
0.380000 0.000000 0.000000
0.380000 0.010000 0.000000
0.380000 0.020000 0.000000
0.380000 0.030000 0.000000
0.380000 0.040000 0.000000
0.380000 0.050000 0.001324
0.380000 0.060000 0.001118
0.380000 0.070000 0.000998
0.380000 0.080000 0.000893
0.380000 0.090000 0.000796
0.380000 0.100000 0.000699
0.380000 0.110000 0.000602
0.380000 0.120000 0.000505
0.380000 0.130000 0.000409
0.380000 0.140000 0.000312
0.380000 0.150000 0.000216
0.380000 0.160000 0.000120
0.380000 0.170000 0.000024
0.380000 0.180000 -0.000072
0.380000 0.190000 -0.000168
0.380000 0.200000 -0.000264
0.380000 0.210000 -0.000360
0.380000 0.220000 -0.000456
0.380000 0.230000 -0.000553
0.380000 0.240000 -0.000650
0.380000 0.250000 -0.000747
0.380000 0.260000 -0.000845
0.380000 0.270000 -0.000943
0.380000 0.280000 -0.001065
0.380000 0.290000 -0.001234
0.380000 0.300000 0.000000
0.380000 0.310000 0.000000
0.380000 0.320000 0.000000
0.380000 0.330000 0.000000
0.380000 0.340000 0.000000
0.380000 0.350000 0.000000
0.380000 0.360000 0.000000
0.380000 0.370000 0.000000
0.380000 0.380000 0.000000
0.380000 0.390000 0.000000
0.380000 0.400000 0.000000
0.380000 0.410000 0.000000
0.380000 0.420000 0.000000
0.380000 0.430000 0.000000
0.380000 0.440000 0.000000
0.380000 0.450000 0.000000
0.380000 0.460000 0.000000
0.380000 0.470000 0.000000
0.380000 0.480000 0.000000
0.380000 0.490000 0.000000
0.390000 0.000000 0.000000
0.390000 0.010000 0.000000
0.390000 0.020000 0.000000
0.390000 0.030000 0.000000
0.390000 0.040000 0.000000
0.390000 0.050000 0.001320
0.390000 0.060000 0.001114
0.390000 0.070000 0.000994
0.390000 0.080000 0.000890
0.390000 0.090000 0.000792
0.390000 0.100000 0.000696
0.390000 0.110000 0.000599
0.390000 0.120000 0.000503
0.390000 0.130000 0.000407
0.390000 0.140000 0.000311
0.390000 0.150000 0.000216
0.390000 0.160000 0.000120
0.390000 0.170000 0.000024
0.390000 0.180000 -0.000071
0.390000 0.190000 -0.000167
0.390000 0.200000 -0.000263
0.390000 0.210000 -0.000358
0.390000 0.220000 -0.000454
0.390000 0.230000 -0.000551
0.390000 0.240000 -0.000647
0.390000 0.250000 -0.000744
0.390000 0.260000 -0.000841
0.390000 0.270000 -0.000939
0.390000 0.280000 -0.001060
0.390000 0.290000 -0.001230
0.390000 0.300000 0.000000
0.390000 0.310000 0.000000
0.390000 0.320000 0.000000
0.390000 0.330000 0.000000
0.390000 0.340000 0.000000
0.390000 0.350000 0.000000
0.390000 0.360000 0.000000
0.390000 0.370000 0.000000
0.390000 0.380000 0.000000
0.390000 0.390000 0.000000
0.390000 0.400000 0.000000
0.390000 0.410000 0.000000
0.390000 0.420000 0.000000
0.390000 0.430000 0.000000
0.390000 0.440000 0.000000
0.390000 0.450000 0.000000
0.390000 0.460000 0.000000
0.390000 0.470000 0.000000
0.390000 0.480000 0.000000
0.390000 0.490000 0.000000
0.400000 0.000000 0.000000
0.400000 0.010000 0.000000
0.400000 0.020000 0.000000
0.400000 0.030000 0.000000
0.400000 0.040000 0.000000
0.400000 0.050000 0.001315
0.400000 0.060000 0.001109
0.400000 0.070000 0.000989
0.400000 0.080000 0.000885
0.400000 0.090000 0.000789
0.400000 0.100000 0.000692
0.400000 0.110000 0.000596
0.400000 0.120000 0.000501
0.400000 0.130000 0.000405
0.400000 0.140000 0.000310
0.400000 0.150000 0.000215
0.400000 0.160000 0.000120
0.400000 0.170000 0.000024
0.400000 0.180000 -0.000071
0.400000 0.190000 -0.000166
0.400000 0.200000 -0.000261
0.400000 0.210000 -0.000357
0.400000 0.220000 -0.000452
0.400000 0.230000 -0.000548
0.400000 0.240000 -0.000644
0.400000 0.250000 -0.000740
0.400000 0.260000 -0.000837
0.400000 0.270000 -0.000935
0.400000 0.280000 -0.001056
0.400000 0.290000 -0.001225
0.400000 0.300000 0.000000
0.400000 0.310000 0.000000
0.400000 0.320000 0.000000
0.400000 0.330000 0.000000
0.400000 0.340000 0.000000
0.400000 0.350000 0.000000
0.400000 0.360000 0.000000
0.400000 0.370000 0.000000
0.400000 0.380000 0.000000
0.400000 0.390000 0.000000
0.400000 0.400000 0.000000
0.400000 0.410000 0.000000
0.400000 0.420000 0.000000
0.400000 0.430000 0.000000
0.400000 0.440000 0.000000
0.400000 0.450000 0.000000
0.400000 0.460000 0.000000
0.400000 0.470000 0.000000
0.400000 0.480000 0.000000
0.400000 0.490000 0.000000
0.410000 0.000000 0.000000
0.410000 0.010000 0.000000
0.410000 0.020000 0.000000
0.410000 0.030000 0.000000
0.410000 0.040000 0.000000
0.410000 0.050000 0.001309
0.410000 0.060000 0.001103
0.410000 0.070000 0.000984
0.410000 0.080000 0.000881
0.410000 0.090000 0.000785
0.410000 0.100000 0.000689
0.410000 0.110000 0.000593
0.410000 0.120000 0.000498
0.410000 0.130000 0.000403
0.410000 0.140000 0.000309
0.410000 0.150000 0.000214
0.410000 0.160000 0.000119
0.410000 0.170000 0.000024
0.410000 0.180000 -0.000070
0.410000 0.190000 -0.000165
0.410000 0.200000 -0.000260
0.410000 0.210000 -0.000355
0.410000 0.220000 -0.000450
0.410000 0.230000 -0.000545
0.410000 0.240000 -0.000640
0.410000 0.250000 -0.000736
0.410000 0.260000 -0.000832
0.410000 0.270000 -0.000929
0.410000 0.280000 -0.001050
0.410000 0.290000 -0.001219
0.410000 0.300000 0.000000
0.410000 0.310000 0.000000
0.410000 0.320000 0.000000
0.410000 0.330000 0.000000
0.410000 0.340000 0.000000
0.410000 0.350000 0.000000
0.410000 0.360000 0.000000
0.410000 0.370000 0.000000
0.410000 0.380000 0.000000
0.410000 0.390000 0.000000
0.410000 0.400000 0.000000
0.410000 0.410000 0.000000
0.410000 0.420000 0.000000
0.410000 0.430000 0.000000
0.410000 0.440000 0.000000
0.410000 0.450000 0.000000
0.410000 0.460000 0.000000
0.410000 0.470000 0.000000
0.410000 0.480000 0.000000
0.410000 0.490000 0.000000
0.420000 0.000000 0.000000
0.420000 0.010000 0.000000
0.420000 0.020000 0.000000
0.420000 0.030000 0.000000
0.420000 0.040000 0.000000
0.420000 0.050000 0.001302
0.420000 0.060000 0.001096
0.420000 0.070000 0.000977
0.420000 0.080000 0.000875
0.420000 0.090000 0.000780
0.420000 0.100000 0.000685
0.420000 0.110000 0.000590
0.420000 0.120000 0.000496
0.420000 0.130000 0.000401
0.420000 0.140000 0.000307
0.420000 0.150000 0.000213
0.420000 0.160000 0.000119
0.420000 0.170000 0.000024
0.420000 0.180000 -0.000070
0.420000 0.190000 -0.000164
0.420000 0.200000 -0.000258
0.420000 0.210000 -0.000353
0.420000 0.220000 -0.000447
0.420000 0.230000 -0.000541
0.420000 0.240000 -0.000636
0.420000 0.250000 -0.000731
0.420000 0.260000 -0.000827
0.420000 0.270000 -0.000923
0.420000 0.280000 -0.001043
0.420000 0.290000 -0.001212
0.420000 0.300000 0.000000
0.420000 0.310000 0.000000
0.420000 0.320000 0.000000
0.420000 0.330000 0.000000
0.420000 0.340000 0.000000
0.420000 0.350000 0.000000
0.420000 0.360000 0.000000
0.420000 0.370000 0.000000
0.420000 0.380000 0.000000
0.420000 0.390000 0.000000
0.420000 0.400000 0.000000
0.420000 0.410000 0.000000
0.420000 0.420000 0.000000
0.420000 0.430000 0.000000
0.420000 0.440000 0.000000
0.420000 0.450000 0.000000
0.420000 0.460000 0.000000
0.420000 0.470000 0.000000
0.420000 0.480000 0.000000
0.420000 0.490000 0.000000
0.430000 0.000000 0.000000
0.430000 0.010000 0.000000
0.430000 0.020000 0.000000
0.430000 0.030000 0.000000
0.430000 0.040000 0.000000
0.430000 0.050000 0.001293
0.430000 0.060000 0.001088
0.430000 0.070000 0.000970
0.430000 0.080000 0.000869
0.430000 0.090000 0.000775
0.430000 0.100000 0.000681
0.430000 0.110000 0.000587
0.430000 0.120000 0.000493
0.430000 0.130000 0.000399
0.430000 0.140000 0.000306
0.430000 0.150000 0.000212
0.430000 0.160000 0.000118
0.430000 0.170000 0.000025
0.430000 0.180000 -0.000069
0.430000 0.190000 -0.000163
0.430000 0.200000 -0.000257
0.430000 0.210000 -0.000351
0.430000 0.220000 -0.000444
0.430000 0.230000 -0.000538
0.430000 0.240000 -0.000632
0.430000 0.250000 -0.000726
0.430000 0.260000 -0.000821
0.430000 0.270000 -0.000916
0.430000 0.280000 -0.001035
0.430000 0.290000 -0.001204
0.430000 0.300000 0.000000
0.430000 0.310000 0.000000
0.430000 0.320000 0.000000
0.430000 0.330000 0.000000
0.430000 0.340000 0.000000
0.430000 0.350000 0.000000
0.430000 0.360000 0.000000
0.430000 0.370000 0.000000
0.430000 0.380000 0.000000
0.430000 0.390000 0.000000
0.430000 0.400000 0.000000
0.430000 0.410000 0.000000
0.430000 0.420000 0.000000
0.430000 0.430000 0.000000
0.430000 0.440000 0.000000
0.430000 0.450000 0.000000
0.430000 0.460000 0.000000
0.430000 0.470000 0.000000
0.430000 0.480000 0.000000
0.430000 0.490000 0.000000
0.440000 0.000000 0.000000
0.440000 0.010000 0.000000
0.440000 0.020000 0.000000
0.440000 0.030000 0.000000
0.440000 0.040000 0.000000
0.440000 0.050000 0.001283
0.440000 0.060000 0.001079
0.440000 0.070000 0.000962
0.440000 0.080000 0.000862
0.440000 0.090000 0.000769
0.440000 0.100000 0.000676
0.440000 0.110000 0.000583
0.440000 0.120000 0.000490
0.440000 0.130000 0.000397
0.440000 0.140000 0.000304
0.440000 0.150000 0.000211
0.440000 0.160000 0.000118
0.440000 0.170000 0.000025
0.440000 0.180000 -0.000069
0.440000 0.190000 -0.000162
0.440000 0.200000 -0.000255
0.440000 0.210000 -0.000348
0.440000 0.220000 -0.000442
0.440000 0.230000 -0.000535
0.440000 0.240000 -0.000628
0.440000 0.250000 -0.000721
0.440000 0.260000 -0.000814
0.440000 0.270000 -0.000908
0.440000 0.280000 -0.001026
0.440000 0.290000 -0.001193
0.440000 0.300000 0.000000
0.440000 0.310000 0.000000
0.440000 0.320000 0.000000
0.440000 0.330000 0.000000
0.440000 0.340000 0.000000
0.440000 0.350000 0.000000
0.440000 0.360000 0.000000
0.440000 0.370000 0.000000
0.440000 0.380000 0.000000
0.440000 0.390000 0.000000
0.440000 0.400000 0.000000
0.440000 0.410000 0.000000
0.440000 0.420000 0.000000
0.440000 0.430000 0.000000
0.440000 0.440000 0.000000
0.440000 0.450000 0.000000
0.440000 0.460000 0.000000
0.440000 0.470000 0.000000
0.440000 0.480000 0.000000
0.440000 0.490000 0.000000
0.450000 0.000000 0.000000
0.450000 0.010000 0.000000
0.450000 0.020000 0.000000
0.450000 0.030000 0.000000
0.450000 0.040000 0.000000
0.450000 0.050000 0.001269
0.450000 0.060000 0.001067
0.450000 0.070000 0.000953
0.450000 0.080000 0.000855
0.450000 0.090000 0.000763
0.450000 0.100000 0.000672
0.450000 0.110000 0.000580
0.450000 0.120000 0.000488
0.450000 0.130000 0.000396
0.450000 0.140000 0.000303
0.450000 0.150000 0.000210
0.450000 0.160000 0.000117
0.450000 0.170000 0.000025
0.450000 0.180000 -0.000068
0.450000 0.190000 -0.000161
0.450000 0.200000 -0.000254
0.450000 0.210000 -0.000346
0.450000 0.220000 -0.000439
0.450000 0.230000 -0.000531
0.450000 0.240000 -0.000623
0.450000 0.250000 -0.000715
0.450000 0.260000 -0.000806
0.450000 0.270000 -0.000898
0.450000 0.280000 -0.001014
0.450000 0.290000 -0.001180
0.450000 0.300000 0.000000
0.450000 0.310000 0.000000
0.450000 0.320000 0.000000
0.450000 0.330000 0.000000
0.450000 0.340000 0.000000
0.450000 0.350000 0.000000
0.450000 0.360000 0.000000
0.450000 0.370000 0.000000
0.450000 0.380000 0.000000
0.450000 0.390000 0.000000
0.450000 0.400000 0.000000
0.450000 0.410000 0.000000
0.450000 0.420000 0.000000
0.450000 0.430000 0.000000
0.450000 0.440000 0.000000
0.450000 0.450000 0.000000
0.450000 0.460000 0.000000
0.450000 0.470000 0.000000
0.450000 0.480000 0.000000
0.450000 0.490000 0.000000
0.460000 0.000000 0.000000
0.460000 0.010000 0.000000
0.460000 0.020000 0.000000
0.460000 0.030000 0.000000
0.460000 0.040000 0.000000
0.460000 0.050000 0.001251
0.460000 0.060000 0.001053
0.460000 0.070000 0.000942
0.460000 0.080000 0.000847
0.460000 0.090000 0.000758
0.460000 0.100000 0.000668
0.460000 0.110000 0.000577
0.460000 0.120000 0.000486
0.460000 0.130000 0.000394
0.460000 0.140000 0.000302
0.460000 0.150000 0.000210
0.460000 0.160000 0.000117
0.460000 0.170000 0.000025
0.460000 0.180000 -0.000068
0.460000 0.190000 -0.000160
0.460000 0.200000 -0.000253
0.460000 0.210000 -0.000345
0.460000 0.220000 -0.000436
0.460000 0.230000 -0.000528
0.460000 0.240000 -0.000619
0.460000 0.250000 -0.000709
0.460000 0.260000 -0.000799
0.460000 0.270000 -0.000888
0.460000 0.280000 -0.001000
0.460000 0.290000 -0.001163
0.460000 0.300000 0.000000
0.460000 0.310000 0.000000
0.460000 0.320000 0.000000
0.460000 0.330000 0.000000
0.460000 0.340000 0.000000
0.460000 0.350000 0.000000
0.460000 0.360000 0.000000
0.460000 0.370000 0.000000
0.460000 0.380000 0.000000
0.460000 0.390000 0.000000
0.460000 0.400000 0.000000
0.460000 0.410000 0.000000
0.460000 0.420000 0.000000
0.460000 0.430000 0.000000
0.460000 0.440000 0.000000
0.460000 0.450000 0.000000
0.460000 0.460000 0.000000
0.460000 0.470000 0.000000
0.460000 0.480000 0.000000
0.460000 0.490000 0.000000
0.470000 0.000000 0.000000
0.470000 0.010000 0.000000
0.470000 0.020000 0.000000
0.470000 0.030000 0.000000
0.470000 0.040000 0.000000
0.470000 0.050000 0.001225
0.470000 0.060000 0.001035
0.470000 0.070000 0.000931
0.470000 0.080000 0.000841
0.470000 0.090000 0.000753
0.470000 0.100000 0.000664
0.470000 0.110000 0.000574
0.470000 0.120000 0.000484
0.470000 0.130000 0.000392
0.470000 0.140000 0.000301
0.470000 0.150000 0.000209
0.470000 0.160000 0.000117
0.470000 0.170000 0.000025
0.470000 0.180000 -0.000068
0.470000 0.190000 -0.000160
0.470000 0.200000 -0.000252
0.470000 0.210000 -0.000343
0.470000 0.220000 -0.000434
0.470000 0.230000 -0.000525
0.470000 0.240000 -0.000615
0.470000 0.250000 -0.000704
0.470000 0.260000 -0.000791
0.470000 0.270000 -0.000877
0.470000 0.280000 -0.000983
0.470000 0.290000 -0.001139
0.470000 0.300000 0.000000
0.470000 0.310000 0.000000
0.470000 0.320000 0.000000
0.470000 0.330000 0.000000
0.470000 0.340000 0.000000
0.470000 0.350000 0.000000
0.470000 0.360000 0.000000
0.470000 0.370000 0.000000
0.470000 0.380000 0.000000
0.470000 0.390000 0.000000
0.470000 0.400000 0.000000
0.470000 0.410000 0.000000
0.470000 0.420000 0.000000
0.470000 0.430000 0.000000
0.470000 0.440000 0.000000
0.470000 0.450000 0.000000
0.470000 0.460000 0.000000
0.470000 0.470000 0.000000
0.470000 0.480000 0.000000
0.470000 0.490000 0.000000
0.480000 0.000000 0.000000
0.480000 0.010000 0.000000
0.480000 0.020000 0.000000
0.480000 0.030000 0.000000
0.480000 0.040000 0.000000
0.480000 0.050000 0.001182
0.480000 0.060000 0.001017
0.480000 0.070000 0.000923
0.480000 0.080000 0.000836
0.480000 0.090000 0.000750
0.480000 0.100000 0.000662
0.480000 0.110000 0.000573
0.480000 0.120000 0.000482
0.480000 0.130000 0.000392
0.480000 0.140000 0.000300
0.480000 0.150000 0.000208
0.480000 0.160000 0.000117
0.480000 0.170000 0.000025
0.480000 0.180000 -0.000067
0.480000 0.190000 -0.000159
0.480000 0.200000 -0.000251
0.480000 0.210000 -0.000342
0.480000 0.220000 -0.000433
0.480000 0.230000 -0.000523
0.480000 0.240000 -0.000612
0.480000 0.250000 -0.000700
0.480000 0.260000 -0.000786
0.480000 0.270000 -0.000868
0.480000 0.280000 -0.000964
0.480000 0.290000 -0.001100
0.480000 0.300000 0.000000
0.480000 0.310000 0.000000
0.480000 0.320000 0.000000
0.480000 0.330000 0.000000
0.480000 0.340000 0.000000
0.480000 0.350000 0.000000
0.480000 0.360000 0.000000
0.480000 0.370000 0.000000
0.480000 0.380000 0.000000
0.480000 0.390000 0.000000
0.480000 0.400000 0.000000
0.480000 0.410000 0.000000
0.480000 0.420000 0.000000
0.480000 0.430000 0.000000
0.480000 0.440000 0.000000
0.480000 0.450000 0.000000
0.480000 0.460000 0.000000
0.480000 0.470000 0.000000
0.480000 0.480000 0.000000
0.480000 0.490000 0.000000
0.490000 0.000000 0.000000
0.490000 0.010000 0.000000
0.490000 0.020000 0.000000
0.490000 0.030000 0.000000
0.490000 0.040000 0.000000
0.490000 0.050000 0.001098
0.490000 0.060000 0.001013
0.490000 0.070000 0.000924
0.490000 0.080000 0.000837
0.490000 0.090000 0.000749
0.490000 0.100000 0.000661
0.490000 0.110000 0.000572
0.490000 0.120000 0.000482
0.490000 0.130000 0.000391
0.490000 0.140000 0.000300
0.490000 0.150000 0.000208
0.490000 0.160000 0.000117
0.490000 0.170000 0.000025
0.490000 0.180000 -0.000067
0.490000 0.190000 -0.000159
0.490000 0.200000 -0.000250
0.490000 0.210000 -0.000342
0.490000 0.220000 -0.000432
0.490000 0.230000 -0.000522
0.490000 0.240000 -0.000611
0.490000 0.250000 -0.000699
0.490000 0.260000 -0.000784
0.490000 0.270000 -0.000869
0.490000 0.280000 -0.000953
0.490000 0.290000 -0.001027
0.490000 0.300000 0.000000
0.490000 0.310000 0.000000
0.490000 0.320000 0.000000
0.490000 0.330000 0.000000
0.490000 0.340000 0.000000
0.490000 0.350000 0.000000
0.490000 0.360000 0.000000
0.490000 0.370000 0.000000
0.490000 0.380000 0.000000
0.490000 0.390000 0.000000
0.490000 0.400000 0.000000
0.490000 0.410000 0.000000
0.490000 0.420000 0.000000
0.490000 0.430000 0.000000
0.490000 0.440000 0.000000
0.490000 0.450000 0.000000
0.490000 0.460000 0.000000
0.490000 0.470000 0.000000
0.490000 0.480000 0.000000
0.490000 0.490000 0.000000
