0 0 0.015243
0 1 0.014300
0 2 0.013395
0 3 0.012527
0 4 0.011695
0 5 0.010895
0 6 0.010125
0 7 0.009399
0 8 0.008702
0 9 0.008038
0 10 0.007417
0 11 0.006833
0 12 0.006285
0 13 0.005770
0 14 0.005288
0 15 0.004837
0 16 0.004414
0 17 0.004019
0 18 0.003650
0 19 0.003312
0 20 0.003003
0 21 0.002726
0 22 0.002477
0 23 0.002254
0 24 0.002053
0 25 0.001873
0 26 0.001708
0 27 0.001558
0 28 0.001424
0 29 0.001304
0 30 0.001198
0 31 0.001094
0 32 0.000980
0 33 0.000903
0 34 0.000795
0 35 0.000601
0 36 0.000555
0 37 0.000508
0 38 0.000432
0 39 0.000383
0 40 0.000350
0 41 0.000318
0 42 0.000287
0 43 0.000260
0 44 0.000237
0 45 0.000221
0 46 0.000215
0 47 0.000170
0 48 0.000142
0 49 0.000153
0 50 0.000177
0 51 0.000236
0 52 0.000186
0 53 -0.000191
0 54 -0.000097
0 55 -0.000055
0 56 -0.000034
0 57 -0.000022
0 58 -0.000013
0 59 -0.000006
0 60 0.000000
0 61 0.000000
0 62 0.000000
0 63 0.000000
1 0 0.015206
1 1 0.014264
1 2 0.013358
1 3 0.012490
1 4 0.011660
1 5 0.010864
1 6 0.010088
1 7 0.009357
1 8 0.008673
1 9 0.008006
1 10 0.007380
1 11 0.006799
1 12 0.006251
1 13 0.005738
1 14 0.005257
1 15 0.004808
1 16 0.004388
1 17 0.003992
1 18 0.003621
1 19 0.003283
1 20 0.002972
1 21 0.002697
1 22 0.002452
1 23 0.002232
1 24 0.002034
1 25 0.001856
1 26 0.001695
1 27 0.001542
1 28 0.001409
1 29 0.001291
1 30 0.001197
1 31 0.001104
1 32 0.000944
1 33 0.000849
1 34 0.000735
1 35 0.000637
1 36 0.000601
1 37 0.000539
1 38 0.000404
1 39 0.000367
1 40 0.000351
1 41 0.000315
1 42 0.000284
1 43 0.000257
1 44 0.000229
1 45 0.000211
1 46 0.000196
1 47 0.000169
1 48 0.000146
1 49 0.000140
1 50 0.000143
1 51 0.000141
1 52 0.000089
1 53 -0.000034
1 54 -0.000044
1 55 -0.000035
1 56 -0.000026
1 57 -0.000018
1 58 -0.000011
1 59 -0.000006
1 60 0.000000
1 61 0.000000
1 62 0.000000
1 63 0.000000
2 0 0.015133
2 1 0.014190
2 2 0.013285
2 3 0.012417
2 4 0.011589
2 5 0.010790
2 6 0.010016
2 7 0.009292
2 8 0.008607
2 9 0.007940
2 10 0.007313
2 11 0.006731
2 12 0.006184
2 13 0.005673
2 14 0.005196
2 15 0.004750
2 16 0.004339
2 17 0.003941
2 18 0.003557
2 19 0.003228
2 20 0.002906
2 21 0.002639
2 22 0.002401
2 23 0.002187
2 24 0.001995
2 25 0.001823
2 26 0.001673
2 27 0.001505
2 28 0.001380
2 29 0.001256
2 30 0.001142
2 31 0.001046
2 32 0.000920
2 33 0.000817
2 34 0.000726
2 35 0.000654
2 36 0.000592
2 37 0.000500
2 38 0.000431
2 39 0.000402
2 40 0.000371
2 41 0.000307
2 42 0.000275
2 43 0.000256
2 44 0.000211
2 45 0.000197
2 46 0.000189
2 47 0.000164
2 48 0.000132
2 49 0.000120
2 50 0.000112
2 51 0.000097
2 52 0.000062
2 53 0.000011
2 54 -0.000010
2 55 -0.000015
2 56 -0.000015
2 57 -0.000013
2 58 -0.000009
2 59 -0.000005
2 60 -0.000001
2 61 0.000000
2 62 0.000000
2 63 0.000000
3 0 0.015022
3 1 0.014079
3 2 0.013174
3 3 0.012305
3 4 0.011477
3 5 0.010682
3 6 0.009911
3 7 0.009196
3 8 0.008524
3 9 0.007836
3 10 0.007201
3 11 0.006627
3 12 0.006082
3 13 0.005573
3 14 0.005105
3 15 0.004658
3 16 0.004238
3 17 0.003852
3 18 0.003483
3 19 0.003137
3 20 0.002825
3 21 0.002559
3 22 0.002328
3 23 0.002122
3 24 0.001936
3 25 0.001768
3 26 0.001616
3 27 0.001468
3 28 0.001338
3 29 0.001205
3 30 0.001098
3 31 0.001019
3 32 0.000875
3 33 0.000774
3 34 0.000697
3 35 0.000630
3 36 0.000567
3 37 0.000514
3 38 0.000417
3 39 0.000369
3 40 0.000346
3 41 0.000309
3 42 0.000282
3 43 0.000260
3 44 0.000232
3 45 0.000208
3 46 0.000201
3 47 0.000167
3 48 0.000099
3 49 0.000096
3 50 0.000087
3 51 0.000073
3 52 0.000051
3 53 0.000025
3 54 0.000008
3 55 -0.000001
3 56 -0.000007
3 57 -0.000009
3 58 -0.000007
3 59 -0.000004
3 60 0.000000
3 61 0.000000
3 62 0.000000
3 63 0.000000
4 0 0.014874
4 1 0.013931
4 2 0.013027
4 3 0.012154
4 4 0.011323
4 5 0.010536
4 6 0.009766
4 7 0.009055
4 8 0.008374
4 9 0.007711
4 10 0.007085
4 11 0.006495
4 12 0.005944
4 13 0.005434
4 14 0.004963
4 15 0.004538
4 16 0.004135
4 17 0.003751
4 18 0.003391
4 19 0.003014
4 20 0.002699
4 21 0.002445
4 22 0.002229
4 23 0.002036
4 24 0.001859
4 25 0.001699
4 26 0.001553
4 27 0.001413
4 28 0.001299
4 29 0.001138
4 30 0.001026
4 31 0.000942
4 32 0.000844
4 33 0.000765
4 34 0.000657
4 35 0.000603
4 36 0.000535
4 37 0.000463
4 38 0.000409
4 39 0.000365
4 40 0.000333
4 41 0.000305
4 42 0.000283
4 43 0.000272
4 44 0.000243
4 45 0.000201
4 46 0.000205
4 47 0.000152
4 48 0.000087
4 49 0.000076
4 50 0.000068
4 51 0.000058
4 52 0.000045
4 53 0.000029
4 54 0.000018
4 55 0.000009
4 56 -0.000002
4 57 -0.000009
4 58 -0.000007
4 59 -0.000003
4 60 0.000000
4 61 0.000000
4 62 0.000000
4 63 0.000000
5 0 0.014690
5 1 0.013750
5 2 0.012850
5 3 0.011982
5 4 0.011163
5 5 0.010374
5 6 0.009608
5 7 0.008878
5 8 0.008203
5 9 0.007555
5 10 0.006935
5 11 0.006332
5 12 0.005779
5 13 0.005257
5 14 0.004776
5 15 0.004358
5 16 0.003965
5 17 0.003589
5 18 0.003274
5 19 0.002919
5 20 0.002579
5 21 0.002327
5 22 0.002108
5 23 0.001933
5 24 0.001766
5 25 0.001616
5 26 0.001484
5 27 0.001335
5 28 0.001199
5 29 0.001079
5 30 0.000972
5 31 0.000879
5 32 0.000790
5 33 0.000709
5 34 0.000628
5 35 0.000563
5 36 0.000500
5 37 0.000440
5 38 0.000390
5 39 0.000350
5 40 0.000318
5 41 0.000293
5 42 0.000273
5 43 0.000257
5 44 0.000238
5 45 0.000223
5 46 0.000221
5 47 0.000145
5 48 0.000070
5 49 0.000054
5 50 0.000051
5 51 0.000047
5 52 0.000040
5 53 0.000030
5 54 0.000025
5 55 0.000023
5 56 -0.000000
5 57 -0.000017
5 58 -0.000011
5 59 0.000000
5 60 0.000000
5 61 0.000000
5 62 0.000000
5 63 0.000000
6 0 0.014466
6 1 0.013533
6 2 0.012641
6 3 0.011788
6 4 0.010965
6 5 0.010176
6 6 0.009437
6 7 0.008695
6 8 0.008004
6 9 0.007373
6 10 0.006729
6 11 0.006123
6 12 0.005598
6 13 0.005079
6 14 0.004527
6 15 0.004126
6 16 0.003758
6 17 0.003411
6 18 0.003115
6 19 0.002728
6 20 0.002441
6 21 0.002209
6 22 0.002002
6 23 0.001822
6 24 0.001658
6 25 0.001513
6 26 0.001380
6 27 0.001250
6 28 0.001128
6 29 0.001007
6 30 0.000902
6 31 0.000812
6 32 0.000729
6 33 0.000653
6 34 0.000582
6 35 0.000520
6 36 0.000463
6 37 0.000408
6 38 0.000361
6 39 0.000325
6 40 0.000297
6 41 0.000276
6 42 0.000259
6 43 0.000245
6 44 0.000233
6 45 0.000232
6 46 0.000256
6 47 0.000155
6 48 0.000026
6 49 0.000020
6 50 0.000034
6 51 0.000038
6 52 0.000039
6 53 0.000027
6 54 0.000028
6 55 0.000058
6 56 -0.000005
6 57 -0.000050
6 58 -0.000017
6 59 0.000000
6 60 0.000000
6 61 0.000000
6 62 0.000000
6 63 0.000000
7 0 0.014195
7 1 0.013263
7 2 0.012388
7 3 0.011541
7 4 0.010720
7 5 0.009957
7 6 0.009213
7 7 0.008496
7 8 0.007795
7 9 0.007126
7 10 0.006490
7 11 0.005905
7 12 0.005340
7 13 0.004824
7 14 0.004309
7 15 0.003904
7 16 0.003544
7 17 0.003183
7 18 0.002869
7 19 0.002555
7 20 0.002309
7 21 0.002061
7 22 0.001870
7 23 0.001694
7 24 0.001533
7 25 0.001397
7 26 0.001273
7 27 0.001158
7 28 0.001056
7 29 0.000919
7 30 0.000818
7 31 0.000738
7 32 0.000662
7 33 0.000591
7 34 0.000528
7 35 0.000472
7 36 0.000423
7 37 0.000368
7 38 0.000320
7 39 0.000292
7 40 0.000271
7 41 0.000254
7 42 0.000241
7 43 0.000232
7 44 0.000218
7 45 0.000214
7 46 0.000225
7 47 0.000116
7 48 0.000059
7 49 0.000035
7 50 0.000026
7 51 0.000033
7 52 0.000052
7 53 0.000010
7 54 0.000002
7 55 0.000016
7 56 -0.000001
7 57 -0.000016
7 58 -0.000009
7 59 0.000000
7 60 0.000000
7 61 0.000000
7 62 0.000000
7 63 0.000000
8 0 0.013926
8 1 0.012992
8 2 0.012100
8 3 0.011261
8 4 0.010463
8 5 0.009692
8 6 0.008957
8 7 0.008235
8 8 0.007562
8 9 0.006928
8 10 0.006180
8 11 0.005591
8 12 0.005081
8 13 0.004554
8 14 0.004051
8 15 0.003610
8 16 0.003260
8 17 0.002926
8 18 0.002633
8 19 0.002371
8 20 0.002163
8 21 0.001913
8 22 0.001721
8 23 0.001557
8 24 0.001381
8 25 0.001269
8 26 0.001158
8 27 0.001052
8 28 0.000951
8 29 0.000840
8 30 0.000738
8 31 0.000660
8 32 0.000589
8 33 0.000523
8 34 0.000465
8 35 0.000419
8 36 0.000389
8 37 0.000325
8 38 0.000261
8 39 0.000252
8 40 0.000239
8 41 0.000228
8 42 0.000221
8 43 0.000222
8 44 0.000193
8 45 0.000183
8 46 0.000192
8 47 0.000119
8 48 0.000090
8 49 0.000033
8 50 0.000001
8 51 0.000015
8 52 0.000021
8 53 0.000011
8 54 0.000006
8 55 0.000006
8 56 0.000000
8 57 -0.000005
8 58 -0.000004
8 59 0.000000
8 60 0.000000
8 61 0.000000
8 62 0.000000
8 63 0.000000
9 0 0.013597
9 1 0.012649
9 2 0.011763
9 3 0.010927
9 4 0.010138
9 5 0.009366
9 6 0.008671
9 7 0.007912
9 8 0.007238
9 9 0.006579
9 10 0.005928
9 11 0.005334
9 12 0.004767
9 13 0.004239
9 14 0.003764
9 15 0.003298
9 16 0.002930
9 17 0.002637
9 18 0.002373
9 19 0.002135
9 20 0.001940
9 21 0.001752
9 22 0.001578
9 23 0.001410
9 24 0.001229
9 25 0.001140
9 26 0.001038
9 27 0.000942
9 28 0.000857
9 29 0.000761
9 30 0.000634
9 31 0.000574
9 32 0.000510
9 33 0.000448
9 34 0.000391
9 35 0.000348
9 36 0.000312
9 37 0.000271
9 38 0.000234
9 39 0.000218
9 40 0.000207
9 41 0.000198
9 42 0.000192
9 43 0.000186
9 44 0.000174
9 45 0.000164
9 46 0.000154
9 47 0.000141
9 48 0.000095
9 49 0.000016
9 50 0.000001
9 51 0.000005
9 52 0.000008
9 53 0.000006
9 54 0.000004
9 55 0.000003
9 56 0.000001
9 57 -0.000001
9 58 0.000000
9 59 0.000000
9 60 0.000000
9 61 0.000000
9 62 0.000000
9 63 0.000000
10 0 0.013213
10 1 0.012265
10 2 0.011377
10 3 0.010527
10 4 0.009747
10 5 0.008963
10 6 0.008456
10 7 0.007589
10 8 0.006793
10 9 0.006165
10 10 0.005575
10 11 0.005007
10 12 0.004486
10 13 0.003922
10 14 0.003441
10 15 0.002973
10 16 0.002620
10 17 0.002308
10 18 0.002108
10 19 0.001871
10 20 0.001710
10 21 0.001572
10 22 0.001357
10 23 0.001228
10 24 0.001117
10 25 0.001023
10 26 0.000917
10 27 0.000821
10 28 0.000740
10 29 0.000652
10 30 0.000560
10 31 0.000491
10 32 0.000429
10 33 0.000368
10 34 0.000304
10 35 0.000271
10 36 0.000239
10 37 0.000209
10 38 0.000187
10 39 0.000177
10 40 0.000171
10 41 0.000166
10 42 0.000162
10 43 0.000157
10 44 0.000153
10 45 0.000144
10 46 0.000120
10 47 0.000115
10 48 0.000104
10 49 0.000047
10 50 -0.000019
10 51 -0.000005
10 52 -0.000000
10 53 0.000002
10 54 0.000002
10 55 0.000001
10 56 0.000001
10 57 -0.000000
10 58 0.000000
10 59 0.000000
10 60 0.000000
10 61 0.000000
10 62 0.000000
10 63 0.000000
11 0 0.012789
11 1 0.011865
11 2 0.010974
11 3 0.010146
11 4 0.009360
11 5 0.008630
11 6 0.007980
11 7 0.007204
11 8 0.006453
11 9 0.005767
11 10 0.005179
11 11 0.004611
11 12 0.004075
11 13 0.003554
11 14 0.003035
11 15 0.002600
11 16 0.002261
11 17 0.001975
11 18 0.001782
11 19 0.001617
11 20 0.001488
11 21 0.001320
11 22 0.001181
11 23 0.001075
11 24 0.000990
11 25 0.000878
11 26 0.000784
11 27 0.000730
11 28 0.000635
11 29 0.000537
11 30 0.000465
11 31 0.000402
11 32 0.000348
11 33 0.000289
11 34 0.000191
11 35 0.000193
11 36 0.000169
11 37 0.000137
11 38 0.000130
11 39 0.000133
11 40 0.000135
11 41 0.000134
11 42 0.000132
11 43 0.000128
11 44 0.000124
11 45 0.000116
11 46 0.000104
11 47 0.000095
11 48 0.000075
11 49 0.000046
11 50 0.000005
11 51 -0.000007
11 52 -0.000004
11 53 -0.000002
11 54 -0.000000
11 55 0.000000
11 56 0.000000
11 57 0.000000
11 58 0.000000
11 59 0.000000
11 60 0.000000
11 61 0.000000
11 62 0.000000
11 63 0.000000
12 0 0.012310
12 1 0.011392
12 2 0.010503
12 3 0.009679
12 4 0.008889
12 5 0.008189
12 6 0.007474
12 7 0.006741
12 8 0.006010
12 9 0.005360
12 10 0.004789
12 11 0.004187
12 12 0.003617
12 13 0.003086
12 14 0.002602
12 15 0.002179
12 16 0.001785
12 17 0.001562
12 18 0.001432
12 19 0.001322
12 20 0.001227
12 21 0.001099
12 22 0.000992
12 23 0.000903
12 24 0.000813
12 25 0.000743
12 26 0.000660
12 27 0.000569
12 28 0.000523
12 29 0.000456
12 30 0.000395
12 31 0.000335
12 32 0.000272
12 33 0.000185
12 34 0.000000
12 35 0.000098
12 36 0.000127
12 37 0.000117
12 38 0.000061
12 39 0.000091
12 40 0.000101
12 41 0.000104
12 42 0.000103
12 43 0.000101
12 44 0.000097
12 45 0.000091
12 46 0.000086
12 47 0.000085
12 48 0.000056
12 49 0.000059
12 50 0.000002
12 51 -0.000022
12 52 -0.000009
12 53 -0.000004
12 54 -0.000001
12 55 -0.000000
12 56 -0.000000
12 57 0.000000
12 58 0.000000
12 59 0.000000
12 60 0.000000
12 61 0.000000
12 62 0.000000
12 63 0.000000
13 0 0.011768
13 1 0.010839
13 2 0.009960
13 3 0.009124
13 4 0.008328
13 5 0.007590
13 6 0.006891
13 7 0.006206
13 8 0.005514
13 9 0.004894
13 10 0.004347
13 11 0.003792
13 12 0.003215
13 13 0.002635
13 14 0.002095
13 15 0.001610
13 16 0.001124
13 17 0.001088
13 18 0.001069
13 19 0.001052
13 20 0.000956
13 21 0.000853
13 22 0.000807
13 23 0.000739
13 24 0.000625
13 25 0.000578
13 26 0.000523
13 27 0.000466
13 28 0.000419
13 29 0.000370
13 30 0.000322
13 31 0.000270
13 32 0.000222
13 33 0.000180
13 34 0.000103
13 35 0.000048
13 36 0.000062
13 37 0.000073
13 38 0.000062
13 39 0.000069
13 40 0.000074
13 41 0.000076
13 42 0.000076
13 43 0.000074
13 44 0.000071
13 45 0.000067
13 46 0.000062
13 47 0.000056
13 48 0.000042
13 49 0.000030
13 50 0.000006
13 51 -0.000006
13 52 -0.000005
13 53 -0.000003
13 54 -0.000001
13 55 0.000000
13 56 0.000000
13 57 0.000000
13 58 0.000000
13 59 0.000000
13 60 0.000000
13 61 0.000000
13 62 0.000000
13 63 0.000000
14 0 0.011183
14 1 0.010253
14 2 0.009369
14 3 0.008529
14 4 0.007730
14 5 0.006974
14 6 0.006275
14 7 0.005626
14 8 0.004996
14 9 0.004396
14 10 0.003868
14 11 0.003288
14 12 0.002747
14 13 0.002220
14 14 0.001685
14 15 0.001057
14 16 0.000000
14 17 0.000593
14 18 0.000745
14 19 0.000766
14 20 0.000699
14 21 0.000645
14 22 0.000593
14 23 0.000574
14 24 0.000468
14 25 0.000419
14 26 0.000388
14 27 0.000353
14 28 0.000317
14 29 0.000282
14 30 0.000252
14 31 0.000206
14 32 0.000164
14 33 0.000146
14 34 0.000108
14 35 0.000032
14 36 0.000042
14 37 0.000047
14 38 0.000046
14 39 0.000048
14 40 0.000051
14 41 0.000051
14 42 0.000051
14 43 0.000049
14 44 0.000047
14 45 0.000044
14 46 0.000040
14 47 0.000034
14 48 0.000025
14 49 0.000014
14 50 0.000000
14 51 -0.000002
14 52 -0.000002
14 53 -0.000001
14 54 -0.000001
14 55 0.000000
14 56 0.000000
14 57 0.000000
14 58 0.000000
14 59 0.000000
14 60 0.000000
14 61 0.000000
14 62 0.000000
14 63 0.000000
15 0 0.010546
15 1 0.009614
15 2 0.008723
15 3 0.007896
15 4 0.007112
15 5 0.006372
15 6 0.005663
15 7 0.005029
15 8 0.004445
15 9 0.003832
15 10 0.003305
15 11 0.002772
15 12 0.002307
15 13 0.001842
15 14 0.001329
15 15 0.000871
15 16 0.000451
15 17 0.000483
15 18 0.000524
15 19 0.000526
15 20 0.000468
15 21 0.000429
15 22 0.000413
15 23 0.000417
15 24 0.000323
15 25 0.000255
15 26 0.000257
15 27 0.000240
15 28 0.000215
15 29 0.000190
15 30 0.000166
15 31 0.000139
15 32 0.000113
15 33 0.000092
15 34 0.000065
15 35 0.000031
15 36 0.000027
15 37 0.000027
15 38 0.000025
15 39 0.000028
15 40 0.000029
15 41 0.000027
15 42 0.000027
15 43 0.000025
15 44 0.000023
15 45 0.000022
15 46 0.000019
15 47 0.000016
15 48 0.000010
15 49 0.000000
15 50 -0.000000
15 51 -0.000001
15 52 0.000000
15 53 -0.000000
15 54 0.000000
15 55 0.000000
15 56 0.000000
15 57 0.000000
15 58 0.000000
15 59 0.000000
15 60 0.000000
15 61 0.000000
15 62 0.000000
15 63 0.000000
16 0 0.009855
16 1 0.008921
16 2 0.008047
16 3 0.007213
16 4 0.006439
16 5 0.005705
16 6 0.005017
16 7 0.004397
16 8 0.003826
16 9 0.003244
16 10 0.002751
16 11 0.002251
16 12 0.001792
16 13 0.001452
16 14 0.001047
16 15 0.000702
16 16 0.000449
16 17 0.000365
16 18 0.000323
16 19 0.000273
16 20 0.000242
16 21 0.000221
16 22 0.000212
16 23 0.000214
16 24 0.000173
16 25 0.000143
16 26 0.000146
16 27 0.000136
16 28 0.000112
16 29 0.000096
16 30 0.000083
16 31 0.000070
16 32 0.000057
16 33 0.000044
16 34 0.000027
16 35 0.000000
16 36 0.000009
16 37 0.000009
16 38 0.000000
16 39 0.000009
16 40 0.000010
16 41 0.000000
16 42 0.000007
16 43 0.000000
16 44 0.000000
16 45 0.000000
16 46 0.000000
16 47 0.000000
16 48 0.000000
16 49 0.000000
16 50 0.000000
16 51 0.000000
16 52 0.000000
16 53 0.000000
16 54 0.000000
16 55 0.000000
16 56 0.000000
16 57 0.000000
16 58 0.000000
16 59 0.000000
16 60 0.000000
16 61 0.000000
16 62 0.000000
16 63 0.000000
17 0 0.009117
17 1 0.008191
17 2 0.007319
17 3 0.006483
17 4 0.005711
17 5 0.005002
17 6 0.004335
17 7 0.003716
17 8 0.003160
17 9 0.002619
17 10 0.002136
17 11 0.001682
17 12 0.001306
17 13 0.001021
17 14 0.000719
17 15 0.000489
17 16 0.000322
17 17 0.000205
17 18 0.000132
17 19 0.000000
17 20 0.000000
17 21 0.000000
17 22 0.000000
17 23 0.000053
17 24 0.000000
17 25 0.000000
17 26 0.000048
17 27 0.000046
17 28 0.000000
17 29 0.000000
17 30 0.000000
17 31 0.000000
17 32 0.000000
17 33 0.000000
17 34 0.000000
17 35 0.000000
17 36 0.000000
17 37 0.000000
17 38 0.000000
17 39 0.000000
17 40 0.000000
17 41 0.000000
17 42 0.000000
17 43 0.000000
17 44 0.000000
17 45 0.000000
17 46 0.000000
17 47 0.000000
17 48 0.000000
17 49 0.000000
17 50 0.000000
17 51 0.000000
17 52 0.000000
17 53 0.000000
17 54 0.000000
17 55 0.000000
17 56 0.000000
17 57 0.000000
17 58 0.000000
17 59 0.000000
17 60 0.000000
17 61 0.000000
17 62 0.000000
17 63 0.000000
18 0 0.008325
18 1 0.007394
18 2 0.006511
18 3 0.005693
18 4 0.004929
18 5 0.004231
18 6 0.003597
18 7 0.003001
18 8 0.002446
18 9 0.001932
18 10 0.001421
18 11 0.000977
18 12 0.000758
18 13 0.000554
18 14 0.000385
18 15 0.000255
18 16 0.000144
18 17 0.000000
18 18 0.000000
18 19 0.000000
18 20 0.000000
18 21 0.000000
18 22 0.000000
18 23 0.000000
18 24 0.000000
18 25 0.000000
18 26 0.000000
18 27 0.000000
18 28 0.000000
18 29 0.000000
18 30 0.000000
18 31 0.000000
18 32 0.000000
18 33 0.000000
18 34 0.000000
18 35 0.000000
18 36 0.000000
18 37 0.000000
18 38 0.000000
18 39 0.000000
18 40 0.000000
18 41 0.000000
18 42 0.000000
18 43 0.000000
18 44 0.000000
18 45 0.000000
18 46 0.000000
18 47 0.000000
18 48 0.000000
18 49 0.000000
18 50 0.000000
18 51 0.000000
18 52 0.000000
18 53 0.000000
18 54 0.000000
18 55 0.000000
18 56 0.000000
18 57 0.000000
18 58 0.000000
18 59 0.000000
18 60 0.000000
18 61 0.000000
18 62 0.000000
18 63 0.000000
19 0 0.007484
19 1 0.006558
19 2 0.005680
19 3 0.004835
19 4 0.004079
19 5 0.003409
19 6 0.002808
19 7 0.002244
19 8 0.001693
19 9 0.001225
19 10 0.000657
19 11 0.000000
19 12 0.000190
19 13 0.000000
19 14 0.000000
19 15 0.000000
19 16 0.000000
19 17 0.000000
19 18 0.000000
19 19 0.000000
19 20 0.000000
19 21 0.000000
19 22 0.000000
19 23 0.000000
19 24 0.000000
19 25 0.000000
19 26 0.000000
19 27 0.000000
19 28 0.000000
19 29 0.000000
19 30 0.000000
19 31 0.000000
19 32 0.000000
19 33 0.000000
19 34 0.000000
19 35 0.000000
19 36 0.000000
19 37 0.000000
19 38 0.000000
19 39 0.000000
19 40 0.000000
19 41 0.000000
19 42 0.000000
19 43 0.000000
19 44 0.000000
19 45 0.000000
19 46 0.000000
19 47 0.000000
19 48 0.000000
19 49 0.000000
19 50 0.000000
19 51 0.000000
19 52 0.000000
19 53 0.000000
19 54 0.000000
19 55 0.000000
19 56 0.000000
19 57 0.000000
19 58 0.000000
19 59 0.000000
19 60 0.000000
19 61 0.000000
19 62 0.000000
19 63 0.000000
20 0 0.006587
20 1 0.005674
20 2 0.004814
20 3 0.003996
20 4 0.003219
20 5 0.002518
20 6 0.001983
20 7 0.001475
20 8 0.000926
20 9 0.000515
20 10 0.000000
20 11 0.000000
20 12 0.000000
20 13 0.000000
20 14 0.000000
20 15 0.000000
20 16 0.000000
20 17 0.000000
20 18 0.000000
20 19 0.000000
20 20 0.000000
20 21 0.000000
20 22 0.000000
20 23 0.000000
20 24 0.000000
20 25 0.000000
20 26 0.000000
20 27 0.000000
20 28 0.000000
20 29 0.000000
20 30 0.000000
20 31 0.000000
20 32 0.000000
20 33 0.000000
20 34 0.000000
20 35 0.000000
20 36 0.000000
20 37 0.000000
20 38 0.000000
20 39 0.000000
20 40 0.000000
20 41 0.000000
20 42 0.000000
20 43 0.000000
20 44 0.000000
20 45 0.000000
20 46 0.000000
20 47 0.000000
20 48 0.000000
20 49 0.000000
20 50 0.000000
20 51 0.000000
20 52 0.000000
20 53 0.000000
20 54 0.000000
20 55 0.000000
20 56 0.000000
20 57 0.000000
20 58 0.000000
20 59 0.000000
20 60 0.000000
20 61 0.000000
20 62 0.000000
20 63 0.000000
21 0 0.005623
21 1 0.004703
21 2 0.003847
21 3 0.003062
21 4 0.002263
21 5 0.001478
21 6 0.001133
21 7 0.000719
21 8 0.000000
21 9 0.000000
21 10 0.000000
21 11 0.000000
21 12 0.000000
21 13 0.000000
21 14 0.000000
21 15 0.000000
21 16 0.000000
21 17 0.000000
21 18 0.000000
21 19 0.000000
21 20 0.000000
21 21 0.000000
21 22 0.000000
21 23 0.000000
21 24 0.000000
21 25 0.000000
21 26 0.000000
21 27 0.000000
21 28 0.000000
21 29 0.000000
21 30 0.000000
21 31 0.000000
21 32 0.000000
21 33 0.000000
21 34 0.000000
21 35 0.000000
21 36 0.000000
21 37 0.000000
21 38 0.000000
21 39 0.000000
21 40 0.000000
21 41 0.000000
21 42 0.000000
21 43 0.000000
21 44 0.000000
21 45 0.000000
21 46 0.000000
21 47 0.000000
21 48 0.000000
21 49 0.000000
21 50 0.000000
21 51 0.000000
21 52 0.000000
21 53 0.000000
21 54 0.000000
21 55 0.000000
21 56 0.000000
21 57 0.000000
21 58 0.000000
21 59 0.000000
21 60 0.000000
21 61 0.000000
21 62 0.000000
21 63 0.000000
22 0 0.004600
22 1 0.003669
22 2 0.002809
22 3 0.002079
22 4 0.001254
22 5 0.000000
22 6 0.000350
22 7 0.000267
22 8 0.000000
22 9 0.000000
22 10 0.000000
22 11 0.000000
22 12 0.000000
22 13 0.000000
22 14 0.000000
22 15 0.000000
22 16 0.000000
22 17 0.000000
22 18 0.000000
22 19 0.000000
22 20 0.000000
22 21 0.000000
22 22 0.000000
22 23 0.000000
22 24 0.000000
22 25 0.000000
22 26 0.000000
22 27 0.000000
22 28 0.000000
22 29 0.000000
22 30 0.000000
22 31 0.000000
22 32 0.000000
22 33 0.000000
22 34 0.000000
22 35 0.000000
22 36 0.000000
22 37 0.000000
22 38 0.000000
22 39 0.000000
22 40 0.000000
22 41 0.000000
22 42 0.000000
22 43 0.000000
22 44 0.000000
22 45 0.000000
22 46 0.000000
22 47 0.000000
22 48 0.000000
22 49 0.000000
22 50 0.000000
22 51 0.000000
22 52 0.000000
22 53 0.000000
22 54 0.000000
22 55 0.000000
22 56 0.000000
22 57 0.000000
22 58 0.000000
22 59 0.000000
22 60 0.000000
22 61 0.000000
22 62 0.000000
22 63 0.000000
23 0 0.003526
23 1 0.002565
23 2 0.001641
23 3 0.001189
23 4 0.000676
23 5 0.000000
23 6 0.000000
23 7 0.000000
23 8 0.000000
23 9 0.000000
23 10 0.000000
23 11 0.000000
23 12 0.000000
23 13 0.000000
23 14 0.000000
23 15 0.000000
23 16 0.000000
23 17 0.000000
23 18 0.000000
23 19 0.000000
23 20 0.000000
23 21 0.000000
23 22 0.000000
23 23 0.000000
23 24 0.000000
23 25 0.000000
23 26 0.000000
23 27 0.000000
23 28 0.000000
23 29 0.000000
23 30 0.000000
23 31 0.000000
23 32 0.000000
23 33 0.000000
23 34 0.000000
23 35 0.000000
23 36 0.000000
23 37 0.000000
23 38 0.000000
23 39 0.000000
23 40 0.000000
23 41 0.000000
23 42 0.000000
23 43 0.000000
23 44 0.000000
23 45 0.000000
23 46 0.000000
23 47 0.000000
23 48 0.000000
23 49 0.000000
23 50 0.000000
23 51 0.000000
23 52 0.000000
23 53 0.000000
23 54 0.000000
23 55 0.000000
23 56 0.000000
23 57 0.000000
23 58 0.000000
23 59 0.000000
23 60 0.000000
23 61 0.000000
23 62 0.000000
23 63 0.000000
24 0 0.002434
24 1 0.001424
24 2 0.000000
24 3 0.000362
24 4 0.000260
24 5 0.000000
24 6 0.000000
24 7 0.000000
24 8 0.000000
24 9 0.000000
24 10 0.000000
24 11 0.000000
24 12 0.000000
24 13 0.000000
24 14 0.000000
24 15 0.000000
24 16 0.000000
24 17 0.000000
24 18 0.000000
24 19 0.000000
24 20 0.000000
24 21 0.000000
24 22 0.000000
24 23 0.000000
24 24 0.000000
24 25 0.000000
24 26 0.000000
24 27 0.000000
24 28 0.000000
24 29 0.000000
24 30 0.000000
24 31 0.000000
24 32 0.000000
24 33 0.000000
24 34 0.000000
24 35 0.000000
24 36 0.000000
24 37 0.000000
24 38 0.000000
24 39 0.000000
24 40 0.000000
24 41 0.000000
24 42 0.000000
24 43 0.000000
24 44 0.000000
24 45 0.000000
24 46 0.000000
24 47 0.000000
24 48 0.000000
24 49 0.000000
24 50 0.000000
24 51 0.000000
24 52 0.000000
24 53 0.000000
24 54 0.000000
24 55 0.000000
24 56 0.000000
24 57 0.000000
24 58 0.000000
24 59 0.000000
24 60 0.000000
24 61 0.000000
24 62 0.000000
24 63 0.000000
25 0 0.001371
25 1 0.000699
25 2 0.000000
25 3 0.000000
25 4 0.000000
25 5 0.000000
25 6 0.000000
25 7 0.000000
25 8 0.000000
25 9 0.000000
25 10 0.000000
25 11 0.000000
25 12 0.000000
25 13 0.000000
25 14 0.000000
25 15 0.000000
25 16 0.000000
25 17 0.000000
25 18 0.000000
25 19 0.000000
25 20 0.000000
25 21 0.000000
25 22 0.000000
25 23 0.000000
25 24 0.000000
25 25 0.000000
25 26 0.000000
25 27 0.000000
25 28 0.000000
25 29 0.000000
25 30 0.000000
25 31 0.000000
25 32 0.000000
25 33 0.000000
25 34 0.000000
25 35 0.000000
25 36 0.000000
25 37 0.000000
25 38 0.000000
25 39 0.000000
25 40 0.000000
25 41 0.000000
25 42 0.000000
25 43 0.000000
25 44 0.000000
25 45 0.000000
25 46 0.000000
25 47 0.000000
25 48 0.000000
25 49 0.000000
25 50 0.000000
25 51 0.000000
25 52 0.000000
25 53 0.000000
25 54 0.000000
25 55 0.000000
25 56 0.000000
25 57 0.000000
25 58 0.000000
25 59 0.000000
25 60 0.000000
25 61 0.000000
25 62 0.000000
25 63 0.000000
26 0 0.000000
26 1 0.000000
26 2 0.000000
26 3 0.000000
26 4 0.000000
26 5 0.000000
26 6 0.000000
26 7 0.000000
26 8 0.000000
26 9 0.000000
26 10 0.000000
26 11 0.000000
26 12 0.000000
26 13 0.000000
26 14 0.000000
26 15 0.000000
26 16 0.000000
26 17 0.000000
26 18 0.000000
26 19 0.000000
26 20 0.000000
26 21 0.000000
26 22 0.000000
26 23 0.000000
26 24 0.000000
26 25 0.000000
26 26 0.000000
26 27 0.000000
26 28 0.000000
26 29 0.000000
26 30 0.000000
26 31 0.000000
26 32 0.000000
26 33 0.000000
26 34 0.000000
26 35 0.000000
26 36 0.000000
26 37 0.000000
26 38 0.000000
26 39 0.000000
26 40 0.000000
26 41 0.000000
26 42 0.000000
26 43 0.000000
26 44 0.000000
26 45 0.000000
26 46 0.000000
26 47 0.000000
26 48 0.000000
26 49 0.000000
26 50 0.000000
26 51 0.000000
26 52 0.000000
26 53 0.000000
26 54 0.000000
26 55 0.000000
26 56 0.000000
26 57 0.000000
26 58 0.000000
26 59 0.000000
26 60 0.000000
26 61 0.000000
26 62 0.000000
26 63 0.000000
27 0 0.000000
27 1 0.000000
27 2 0.000000
27 3 0.000000
27 4 0.000000
27 5 0.000000
27 6 0.000000
27 7 0.000000
27 8 0.000000
27 9 0.000000
27 10 0.000000
27 11 0.000000
27 12 0.000000
27 13 0.000000
27 14 0.000000
27 15 0.000000
27 16 0.000000
27 17 0.000000
27 18 0.000000
27 19 0.000000
27 20 0.000000
27 21 0.000000
27 22 0.000000
27 23 0.000000
27 24 0.000000
27 25 0.000000
27 26 0.000000
27 27 0.000000
27 28 0.000000
27 29 0.000000
27 30 0.000000
27 31 0.000000
27 32 0.000000
27 33 0.000000
27 34 0.000000
27 35 0.000000
27 36 0.000000
27 37 0.000000
27 38 0.000000
27 39 0.000000
27 40 0.000000
27 41 0.000000
27 42 0.000000
27 43 0.000000
27 44 0.000000
27 45 0.000000
27 46 0.000000
27 47 0.000000
27 48 0.000000
27 49 0.000000
27 50 0.000000
27 51 0.000000
27 52 0.000000
27 53 0.000000
27 54 0.000000
27 55 0.000000
27 56 0.000000
27 57 0.000000
27 58 0.000000
27 59 0.000000
27 60 0.000000
27 61 0.000000
27 62 0.000000
27 63 0.000000
28 0 0.000000
28 1 0.000000
28 2 0.000000
28 3 0.000000
28 4 0.000000
28 5 0.000000
28 6 0.000000
28 7 0.000000
28 8 0.000000
28 9 0.000000
28 10 0.000000
28 11 0.000000
28 12 0.000000
28 13 0.000000
28 14 0.000000
28 15 0.000000
28 16 0.000000
28 17 0.000000
28 18 0.000000
28 19 0.000000
28 20 0.000000
28 21 0.000000
28 22 0.000000
28 23 0.000000
28 24 0.000000
28 25 0.000000
28 26 0.000000
28 27 0.000000
28 28 0.000000
28 29 0.000000
28 30 0.000000
28 31 0.000000
28 32 0.000000
28 33 0.000000
28 34 0.000000
28 35 0.000000
28 36 0.000000
28 37 0.000000
28 38 0.000000
28 39 0.000000
28 40 0.000000
28 41 0.000000
28 42 0.000000
28 43 0.000000
28 44 0.000000
28 45 0.000000
28 46 0.000000
28 47 0.000000
28 48 0.000000
28 49 0.000000
28 50 0.000000
28 51 0.000000
28 52 0.000000
28 53 0.000000
28 54 0.000000
28 55 0.000000
28 56 0.000000
28 57 0.000000
28 58 0.000000
28 59 0.000000
28 60 0.000000
28 61 0.000000
28 62 0.000000
28 63 0.000000
29 0 0.000000
29 1 0.000000
29 2 0.000000
29 3 0.000000
29 4 0.000000
29 5 0.000000
29 6 0.000000
29 7 0.000000
29 8 0.000000
29 9 0.000000
29 10 0.000000
29 11 0.000000
29 12 0.000000
29 13 0.000000
29 14 0.000000
29 15 0.000000
29 16 0.000000
29 17 0.000000
29 18 0.000000
29 19 0.000000
29 20 0.000000
29 21 0.000000
29 22 0.000000
29 23 0.000000
29 24 0.000000
29 25 0.000000
29 26 0.000000
29 27 0.000000
29 28 0.000000
29 29 0.000000
29 30 0.000000
29 31 0.000000
29 32 0.000000
29 33 0.000000
29 34 0.000000
29 35 0.000000
29 36 0.000000
29 37 0.000000
29 38 0.000000
29 39 0.000000
29 40 0.000000
29 41 0.000000
29 42 0.000000
29 43 0.000000
29 44 0.000000
29 45 0.000000
29 46 0.000000
29 47 0.000000
29 48 0.000000
29 49 0.000000
29 50 0.000000
29 51 0.000000
29 52 0.000000
29 53 0.000000
29 54 0.000000
29 55 0.000000
29 56 0.000000
29 57 0.000000
29 58 0.000000
29 59 0.000000
29 60 0.000000
29 61 0.000000
29 62 0.000000
29 63 0.000000
30 0 0.000000
30 1 0.000000
30 2 0.000000
30 3 0.000000
30 4 0.000000
30 5 0.000000
30 6 0.000000
30 7 0.000000
30 8 0.000000
30 9 0.000000
30 10 0.000000
30 11 0.000000
30 12 0.000000
30 13 0.000000
30 14 0.000000
30 15 0.000000
30 16 0.000000
30 17 0.000000
30 18 0.000000
30 19 0.000000
30 20 0.000000
30 21 0.000000
30 22 0.000000
30 23 0.000000
30 24 0.000000
30 25 0.000000
30 26 0.000000
30 27 0.000000
30 28 0.000000
30 29 0.000000
30 30 0.000000
30 31 0.000000
30 32 0.000000
30 33 0.000000
30 34 0.000000
30 35 0.000000
30 36 0.000000
30 37 0.000000
30 38 0.000000
30 39 0.000000
30 40 0.000000
30 41 0.000000
30 42 0.000000
30 43 0.000000
30 44 0.000000
30 45 0.000000
30 46 0.000000
30 47 0.000000
30 48 0.000000
30 49 0.000000
30 50 0.000000
30 51 0.000000
30 52 0.000000
30 53 0.000000
30 54 0.000000
30 55 0.000000
30 56 0.000000
30 57 0.000000
30 58 0.000000
30 59 0.000000
30 60 0.000000
30 61 0.000000
30 62 0.000000
30 63 0.000000
31 0 0.000000
31 1 0.000000
31 2 0.000000
31 3 0.000000
31 4 0.000000
31 5 0.000000
31 6 0.000000
31 7 0.000000
31 8 0.000000
31 9 0.000000
31 10 0.000000
31 11 0.000000
31 12 0.000000
31 13 0.000000
31 14 0.000000
31 15 0.000000
31 16 0.000000
31 17 0.000000
31 18 0.000000
31 19 0.000000
31 20 0.000000
31 21 0.000000
31 22 0.000000
31 23 0.000000
31 24 0.000000
31 25 0.000000
31 26 0.000000
31 27 0.000000
31 28 0.000000
31 29 0.000000
31 30 0.000000
31 31 0.000000
31 32 0.000000
31 33 0.000000
31 34 0.000000
31 35 0.000000
31 36 0.000000
31 37 0.000000
31 38 0.000000
31 39 0.000000
31 40 0.000000
31 41 0.000000
31 42 0.000000
31 43 0.000000
31 44 0.000000
31 45 0.000000
31 46 0.000000
31 47 0.000000
31 48 0.000000
31 49 0.000000
31 50 0.000000
31 51 0.000000
31 52 0.000000
31 53 0.000000
31 54 0.000000
31 55 0.000000
31 56 0.000000
31 57 0.000000
31 58 0.000000
31 59 0.000000
31 60 0.000000
31 61 0.000000
31 62 0.000000
31 63 0.000000
32 0 0.000000
32 1 0.000000
32 2 0.000000
32 3 0.000000
32 4 0.000000
32 5 0.000000
32 6 0.000000
32 7 0.000000
32 8 0.000000
32 9 0.000000
32 10 0.000000
32 11 0.000000
32 12 0.000000
32 13 0.000000
32 14 0.000000
32 15 0.000000
32 16 0.000000
32 17 0.000000
32 18 0.000000
32 19 0.000000
32 20 0.000000
32 21 0.000000
32 22 0.000000
32 23 0.000000
32 24 0.000000
32 25 0.000000
32 26 0.000000
32 27 0.000000
32 28 0.000000
32 29 0.000000
32 30 0.000000
32 31 0.000000
32 32 0.000000
32 33 0.000000
32 34 0.000000
32 35 0.000000
32 36 0.000000
32 37 0.000000
32 38 0.000000
32 39 0.000000
32 40 0.000000
32 41 0.000000
32 42 0.000000
32 43 0.000000
32 44 0.000000
32 45 0.000000
32 46 0.000000
32 47 0.000000
32 48 0.000000
32 49 0.000000
32 50 0.000000
32 51 0.000000
32 52 0.000000
32 53 0.000000
32 54 0.000000
32 55 0.000000
32 56 0.000000
32 57 0.000000
32 58 0.000000
32 59 0.000000
32 60 0.000000
32 61 0.000000
32 62 0.000000
32 63 0.000000
33 0 0.000000
33 1 0.000000
33 2 0.000000
33 3 0.000000
33 4 0.000000
33 5 0.000000
33 6 0.000000
33 7 0.000000
33 8 0.000000
33 9 0.000000
33 10 0.000000
33 11 0.000000
33 12 0.000000
33 13 0.000000
33 14 0.000000
33 15 0.000000
33 16 0.000000
33 17 0.000000
33 18 0.000000
33 19 0.000000
33 20 0.000000
33 21 0.000000
33 22 0.000000
33 23 0.000000
33 24 0.000000
33 25 0.000000
33 26 0.000000
33 27 0.000000
33 28 0.000000
33 29 0.000000
33 30 0.000000
33 31 0.000000
33 32 0.000000
33 33 0.000000
33 34 0.000000
33 35 0.000000
33 36 0.000000
33 37 0.000000
33 38 0.000000
33 39 0.000000
33 40 0.000000
33 41 0.000000
33 42 0.000000
33 43 0.000000
33 44 0.000000
33 45 0.000000
33 46 0.000000
33 47 0.000000
33 48 0.000000
33 49 0.000000
33 50 0.000000
33 51 0.000000
33 52 0.000000
33 53 0.000000
33 54 0.000000
33 55 0.000000
33 56 0.000000
33 57 0.000000
33 58 0.000000
33 59 0.000000
33 60 0.000000
33 61 0.000000
33 62 0.000000
33 63 0.000000
34 0 0.000000
34 1 0.000000
34 2 0.000000
34 3 0.000000
34 4 0.000000
34 5 0.000000
34 6 0.000000
34 7 0.000000
34 8 0.000000
34 9 0.000000
34 10 0.000000
34 11 0.000000
34 12 0.000000
34 13 0.000000
34 14 0.000000
34 15 0.000000
34 16 0.000000
34 17 0.000000
34 18 0.000000
34 19 0.000000
34 20 0.000000
34 21 0.000000
34 22 0.000000
34 23 0.000000
34 24 0.000000
34 25 0.000000
34 26 0.000000
34 27 0.000000
34 28 0.000000
34 29 0.000000
34 30 0.000000
34 31 0.000000
34 32 0.000000
34 33 0.000000
34 34 0.000000
34 35 0.000000
34 36 0.000000
34 37 0.000000
34 38 0.000000
34 39 0.000000
34 40 0.000000
34 41 0.000000
34 42 0.000000
34 43 0.000000
34 44 0.000000
34 45 0.000000
34 46 0.000000
34 47 0.000000
34 48 0.000000
34 49 0.000000
34 50 0.000000
34 51 0.000000
34 52 0.000000
34 53 0.000000
34 54 0.000000
34 55 0.000000
34 56 0.000000
34 57 0.000000
34 58 0.000000
34 59 0.000000
34 60 0.000000
34 61 0.000000
34 62 0.000000
34 63 0.000000
35 0 0.000000
35 1 0.000000
35 2 0.000000
35 3 0.000000
35 4 0.000000
35 5 0.000000
35 6 0.000000
35 7 0.000000
35 8 0.000000
35 9 0.000000
35 10 0.000000
35 11 0.000000
35 12 0.000000
35 13 0.000000
35 14 0.000000
35 15 0.000000
35 16 0.000000
35 17 0.000000
35 18 0.000000
35 19 0.000000
35 20 0.000000
35 21 0.000000
35 22 0.000000
35 23 0.000000
35 24 0.000000
35 25 0.000000
35 26 0.000000
35 27 0.000000
35 28 0.000000
35 29 0.000000
35 30 0.000000
35 31 0.000000
35 32 0.000000
35 33 0.000000
35 34 0.000000
35 35 0.000000
35 36 0.000000
35 37 0.000000
35 38 0.000000
35 39 0.000000
35 40 0.000000
35 41 0.000000
35 42 0.000000
35 43 0.000000
35 44 0.000000
35 45 0.000000
35 46 0.000000
35 47 0.000000
35 48 0.000000
35 49 0.000000
35 50 0.000000
35 51 0.000000
35 52 0.000000
35 53 0.000000
35 54 0.000000
35 55 0.000000
35 56 0.000000
35 57 0.000000
35 58 0.000000
35 59 0.000000
35 60 0.000000
35 61 0.000000
35 62 0.000000
35 63 0.000000
36 0 0.000000
36 1 0.000000
36 2 0.000000
36 3 0.000000
36 4 0.000000
36 5 0.000000
36 6 0.000000
36 7 0.000000
36 8 0.000000
36 9 0.000000
36 10 0.000000
36 11 0.000000
36 12 0.000000
36 13 0.000000
36 14 0.000000
36 15 0.000000
36 16 0.000000
36 17 0.000000
36 18 0.000000
36 19 0.000000
36 20 0.000000
36 21 0.000000
36 22 0.000000
36 23 0.000000
36 24 0.000000
36 25 0.000000
36 26 0.000000
36 27 0.000000
36 28 0.000000
36 29 0.000000
36 30 0.000000
36 31 0.000000
36 32 0.000000
36 33 0.000000
36 34 0.000000
36 35 0.000000
36 36 0.000000
36 37 0.000000
36 38 0.000000
36 39 0.000000
36 40 0.000000
36 41 0.000000
36 42 0.000000
36 43 0.000000
36 44 0.000000
36 45 0.000000
36 46 0.000000
36 47 0.000000
36 48 0.000000
36 49 0.000000
36 50 0.000000
36 51 0.000000
36 52 0.000000
36 53 0.000000
36 54 0.000000
36 55 0.000000
36 56 0.000000
36 57 0.000000
36 58 0.000000
36 59 0.000000
36 60 0.000000
36 61 0.000000
36 62 0.000000
36 63 0.000000
37 0 0.000000
37 1 0.000000
37 2 0.000000
37 3 0.000000
37 4 0.000000
37 5 0.000000
37 6 0.000000
37 7 0.000000
37 8 0.000000
37 9 0.000000
37 10 0.000000
37 11 0.000000
37 12 0.000000
37 13 0.000000
37 14 0.000000
37 15 0.000000
37 16 0.000000
37 17 0.000000
37 18 0.000000
37 19 0.000000
37 20 0.000000
37 21 0.000000
37 22 0.000000
37 23 0.000000
37 24 0.000000
37 25 0.000000
37 26 0.000000
37 27 0.000000
37 28 0.000000
37 29 0.000000
37 30 0.000000
37 31 0.000000
37 32 0.000000
37 33 0.000000
37 34 0.000000
37 35 0.000000
37 36 0.000000
37 37 0.000000
37 38 0.000000
37 39 0.000000
37 40 0.000000
37 41 0.000000
37 42 0.000000
37 43 0.000000
37 44 0.000000
37 45 0.000000
37 46 0.000000
37 47 0.000000
37 48 0.000000
37 49 0.000000
37 50 0.000000
37 51 0.000000
37 52 0.000000
37 53 0.000000
37 54 0.000000
37 55 0.000000
37 56 0.000000
37 57 0.000000
37 58 0.000000
37 59 0.000000
37 60 0.000000
37 61 0.000000
37 62 0.000000
37 63 0.000000
38 0 0.000988
38 1 0.000000
38 2 0.000152
38 3 0.000000
38 4 0.000000
38 5 0.000000
38 6 0.000000
38 7 0.000000
38 8 0.000000
38 9 0.000000
38 10 0.000000
38 11 0.000000
38 12 0.000000
38 13 0.000000
38 14 0.000000
38 15 0.000000
38 16 0.000000
38 17 0.000000
38 18 0.000000
38 19 0.000000
38 20 0.000000
38 21 0.000000
38 22 0.000000
38 23 0.000000
38 24 0.000000
38 25 0.000000
38 26 0.000000
38 27 0.000000
38 28 0.000000
38 29 0.000000
38 30 0.000000
38 31 0.000000
38 32 0.000000
38 33 0.000000
38 34 0.000000
38 35 0.000000
38 36 0.000000
38 37 0.000000
38 38 0.000000
38 39 0.000000
38 40 0.000000
38 41 0.000000
38 42 0.000000
38 43 0.000000
38 44 0.000000
38 45 0.000000
38 46 0.000000
38 47 0.000000
38 48 0.000000
38 49 0.000000
38 50 0.000000
38 51 0.000000
38 52 0.000000
38 53 0.000000
38 54 0.000000
38 55 0.000000
38 56 0.000000
38 57 0.000000
38 58 0.000000
38 59 0.000000
38 60 0.000000
38 61 0.000000
38 62 0.000000
38 63 0.000000
39 0 0.001983
39 1 0.001141
39 2 0.000609
39 3 0.000000
39 4 0.000000
39 5 0.000000
39 6 0.000000
39 7 0.000000
39 8 0.000000
39 9 0.000000
39 10 0.000000
39 11 0.000000
39 12 0.000000
39 13 0.000000
39 14 0.000000
39 15 0.000000
39 16 0.000000
39 17 0.000000
39 18 0.000000
39 19 0.000000
39 20 0.000000
39 21 0.000000
39 22 0.000000
39 23 0.000000
39 24 0.000000
39 25 0.000000
39 26 0.000000
39 27 0.000000
39 28 0.000000
39 29 0.000000
39 30 0.000000
39 31 0.000000
39 32 0.000000
39 33 0.000000
39 34 0.000000
39 35 0.000000
39 36 0.000000
39 37 0.000000
39 38 0.000000
39 39 0.000000
39 40 0.000000
39 41 0.000000
39 42 0.000000
39 43 0.000000
39 44 0.000000
39 45 0.000000
39 46 0.000000
39 47 0.000000
39 48 0.000000
39 49 0.000000
39 50 0.000000
39 51 0.000000
39 52 0.000000
39 53 0.000000
39 54 0.000000
39 55 0.000000
39 56 0.000000
39 57 0.000000
39 58 0.000000
39 59 0.000000
39 60 0.000000
39 61 0.000000
39 62 0.000000
39 63 0.000000
40 0 0.002840
40 1 0.001965
40 2 0.001141
40 3 0.000459
40 4 0.000000
40 5 0.000000
40 6 0.000000
40 7 0.000000
40 8 0.000000
40 9 0.000000
40 10 0.000000
40 11 0.000000
40 12 0.000000
40 13 0.000000
40 14 0.000000
40 15 0.000000
40 16 0.000000
40 17 0.000000
40 18 0.000000
40 19 0.000000
40 20 0.000000
40 21 0.000000
40 22 0.000000
40 23 0.000000
40 24 0.000000
40 25 0.000000
40 26 0.000000
40 27 0.000000
40 28 0.000000
40 29 0.000000
40 30 0.000000
40 31 0.000000
40 32 0.000000
40 33 0.000000
40 34 0.000000
40 35 0.000000
40 36 0.000000
40 37 0.000000
40 38 0.000000
40 39 0.000000
40 40 0.000000
40 41 0.000000
40 42 0.000000
40 43 0.000000
40 44 0.000000
40 45 0.000000
40 46 0.000000
40 47 0.000000
40 48 0.000000
40 49 0.000000
40 50 0.000000
40 51 0.000000
40 52 0.000000
40 53 0.000000
40 54 0.000000
40 55 0.000000
40 56 0.000000
40 57 0.000000
40 58 0.000000
40 59 0.000000
40 60 0.000000
40 61 0.000000
40 62 0.000000
40 63 0.000000
41 0 0.003579
41 1 0.002607
41 2 0.001575
41 3 0.000606
41 4 0.000381
41 5 0.000258
41 6 0.000000
41 7 0.000000
41 8 0.000000
41 9 0.000000
41 10 0.000000
41 11 0.000000
41 12 0.000000
41 13 0.000000
41 14 0.000000
41 15 0.000000
41 16 0.000000
41 17 0.000000
41 18 0.000000
41 19 0.000000
41 20 0.000000
41 21 0.000000
41 22 0.000000
41 23 0.000000
41 24 0.000000
41 25 0.000000
41 26 0.000000
41 27 0.000000
41 28 0.000000
41 29 0.000000
41 30 0.000000
41 31 0.000000
41 32 0.000000
41 33 0.000000
41 34 0.000000
41 35 0.000000
41 36 0.000000
41 37 0.000000
41 38 0.000000
41 39 0.000000
41 40 0.000000
41 41 0.000000
41 42 0.000000
41 43 0.000000
41 44 0.000000
41 45 0.000000
41 46 0.000000
41 47 0.000000
41 48 0.000000
41 49 0.000000
41 50 0.000000
41 51 0.000000
41 52 0.000000
41 53 0.000000
41 54 0.000000
41 55 0.000000
41 56 0.000000
41 57 0.000000
41 58 0.000000
41 59 0.000000
41 60 0.000000
41 61 0.000000
41 62 0.000000
41 63 0.000000
42 0 0.004288
42 1 0.003209
42 2 0.001945
42 3 0.000000
42 4 0.000674
42 5 0.000652
42 6 0.000367
42 7 0.000000
42 8 0.000000
42 9 0.000000
42 10 0.000000
42 11 0.000000
42 12 0.000000
42 13 0.000000
42 14 0.000000
42 15 0.000000
42 16 0.000000
42 17 0.000000
42 18 0.000000
42 19 0.000000
42 20 0.000000
42 21 0.000000
42 22 0.000000
42 23 0.000000
42 24 0.000000
42 25 0.000000
42 26 0.000000
42 27 0.000000
42 28 0.000000
42 29 0.000000
42 30 0.000000
42 31 0.000000
42 32 0.000000
42 33 0.000000
42 34 0.000000
42 35 0.000000
42 36 0.000000
42 37 0.000000
42 38 0.000000
42 39 0.000000
42 40 0.000000
42 41 0.000000
42 42 0.000000
42 43 0.000000
42 44 0.000000
42 45 0.000000
42 46 0.000000
42 47 0.000000
42 48 0.000000
42 49 0.000000
42 50 0.000000
42 51 0.000000
42 52 0.000000
42 53 0.000000
42 54 0.000000
42 55 0.000000
42 56 0.000000
42 57 0.000000
42 58 0.000000
42 59 0.000000
42 60 0.000000
42 61 0.000000
42 62 0.000000
42 63 0.000000
43 0 0.005093
43 1 0.004040
43 2 0.003005
43 3 0.001981
43 4 0.001663
43 5 0.001310
43 6 0.000816
43 7 0.000000
43 8 0.000000
43 9 0.000000
43 10 0.000000
43 11 0.000000
43 12 0.000000
43 13 0.000000
43 14 0.000000
43 15 0.000000
43 16 0.000000
43 17 0.000000
43 18 0.000000
43 19 0.000000
43 20 0.000000
43 21 0.000000
43 22 0.000000
43 23 0.000000
43 24 0.000000
43 25 0.000000
43 26 0.000000
43 27 0.000000
43 28 0.000000
43 29 0.000000
43 30 0.000000
43 31 0.000000
43 32 0.000000
43 33 0.000000
43 34 0.000000
43 35 0.000000
43 36 0.000000
43 37 0.000000
43 38 0.000000
43 39 0.000000
43 40 0.000000
43 41 0.000000
43 42 0.000000
43 43 0.000000
43 44 0.000000
43 45 0.000000
43 46 0.000000
43 47 0.000000
43 48 0.000000
43 49 0.000000
43 50 0.000000
43 51 0.000000
43 52 0.000000
43 53 0.000000
43 54 0.000000
43 55 0.000000
43 56 0.000000
43 57 0.000000
43 58 0.000000
43 59 0.000000
43 60 0.000000
43 61 0.000000
43 62 0.000000
43 63 0.000000
44 0 0.005971
44 1 0.004967
44 2 0.004054
44 3 0.003255
44 4 0.002631
44 5 0.002107
44 6 0.001586
44 7 0.001054
44 8 0.000772
44 9 0.000565
44 10 0.000346
44 11 0.000000
44 12 0.000000
44 13 0.000000
44 14 0.000000
44 15 0.000000
44 16 0.000000
44 17 0.000000
44 18 0.000000
44 19 0.000000
44 20 0.000000
44 21 0.000000
44 22 0.000000
44 23 0.000000
44 24 0.000000
44 25 0.000000
44 26 0.000000
44 27 0.000000
44 28 0.000000
44 29 0.000000
44 30 0.000000
44 31 0.000000
44 32 0.000000
44 33 0.000000
44 34 0.000000
44 35 0.000000
44 36 0.000000
44 37 0.000000
44 38 0.000000
44 39 0.000000
44 40 0.000000
44 41 0.000000
44 42 0.000000
44 43 0.000000
44 44 0.000000
44 45 0.000000
44 46 0.000000
44 47 0.000000
44 48 0.000000
44 49 0.000000
44 50 0.000000
44 51 0.000000
44 52 0.000000
44 53 0.000000
44 54 0.000000
44 55 0.000000
44 56 0.000000
44 57 0.000000
44 58 0.000000
44 59 0.000000
44 60 0.000000
44 61 0.000000
44 62 0.000000
44 63 0.000000
45 0 0.006793
45 1 0.005858
45 2 0.004991
45 3 0.004234
45 4 0.003525
45 5 0.002915
45 6 0.002365
45 7 0.001858
45 8 0.001470
45 9 0.001143
45 10 0.000819
45 11 0.000442
45 12 0.000000
45 13 0.000000
45 14 0.000000
45 15 0.000000
45 16 0.000000
45 17 0.000000
45 18 0.000000
45 19 0.000000
45 20 0.000000
45 21 0.000000
45 22 0.000000
45 23 0.000000
45 24 0.000000
45 25 0.000000
45 26 0.000000
45 27 0.000000
45 28 0.000000
45 29 0.000000
45 30 0.000000
45 31 0.000000
45 32 0.000000
45 33 0.000000
45 34 0.000000
45 35 0.000000
45 36 0.000000
45 37 0.000000
45 38 0.000000
45 39 0.000000
45 40 0.000000
45 41 0.000000
45 42 0.000000
45 43 0.000000
45 44 0.000000
45 45 0.000000
45 46 0.000000
45 47 0.000000
45 48 0.000000
45 49 0.000000
45 50 0.000000
45 51 0.000000
45 52 0.000000
45 53 0.000000
45 54 0.000000
45 55 0.000000
45 56 0.000000
45 57 0.000000
45 58 0.000000
45 59 0.000000
45 60 0.000000
45 61 0.000000
45 62 0.000000
45 63 0.000000
46 0 0.007586
46 1 0.006681
46 2 0.005798
46 3 0.005001
46 4 0.004250
46 5 0.003636
46 6 0.003065
46 7 0.002542
46 8 0.002105
46 9 0.001719
46 10 0.001315
46 11 0.000922
46 12 0.000555
46 13 0.000380
46 14 0.000228
46 15 0.000000
46 16 0.000073
46 17 0.000000
46 18 0.000000
46 19 0.000000
46 20 0.000000
46 21 0.000000
46 22 0.000000
46 23 0.000000
46 24 0.000000
46 25 0.000000
46 26 0.000000
46 27 0.000000
46 28 0.000000
46 29 0.000000
46 30 0.000000
46 31 0.000000
46 32 0.000000
46 33 0.000000
46 34 0.000000
46 35 0.000000
46 36 0.000000
46 37 0.000000
46 38 0.000000
46 39 0.000000
46 40 0.000000
46 41 0.000000
46 42 0.000000
46 43 0.000000
46 44 0.000000
46 45 0.000000
46 46 0.000000
46 47 0.000000
46 48 0.000000
46 49 0.000000
46 50 0.000000
46 51 0.000000
46 52 0.000000
46 53 0.000000
46 54 0.000000
46 55 0.000000
46 56 0.000000
46 57 0.000000
46 58 0.000000
46 59 0.000000
46 60 0.000000
46 61 0.000000
46 62 0.000000
46 63 0.000000
47 0 0.008261
47 1 0.007330
47 2 0.006469
47 3 0.005628
47 4 0.004928
47 5 0.004296
47 6 0.003686
47 7 0.003143
47 8 0.002690
47 9 0.002236
47 10 0.001794
47 11 0.001382
47 12 0.000993
47 13 0.000739
47 14 0.000531
47 15 0.000362
47 16 0.000293
47 17 0.000225
47 18 0.000184
47 19 0.000156
47 20 0.000130
47 21 0.000091
47 22 0.000000
47 23 0.000067
47 24 0.000076
47 25 0.000055
47 26 0.000000
47 27 0.000000
47 28 0.000000
47 29 0.000000
47 30 0.000000
47 31 0.000000
47 32 0.000000
47 33 0.000000
47 34 0.000000
47 35 0.000004
47 36 0.000000
47 37 0.000000
47 38 0.000000
47 39 0.000000
47 40 0.000000
47 41 0.000000
47 42 0.000000
47 43 0.000000
47 44 0.000000
47 45 0.000000
47 46 0.000000
47 47 0.000000
47 48 0.000000
47 49 0.000000
47 50 0.000000
47 51 0.000000
47 52 0.000000
47 53 0.000000
47 54 0.000000
47 55 0.000000
47 56 0.000000
47 57 0.000000
47 58 0.000000
47 59 0.000000
47 60 0.000000
47 61 0.000000
47 62 0.000000
47 63 0.000000
48 0 0.008925
48 1 0.007987
48 2 0.007127
48 3 0.006313
48 4 0.005601
48 5 0.004917
48 6 0.004276
48 7 0.003659
48 8 0.003271
48 9 0.002736
48 10 0.002226
48 11 0.001756
48 12 0.001379
48 13 0.001035
48 14 0.000796
48 15 0.000624
48 16 0.000511
48 17 0.000424
48 18 0.000355
48 19 0.000311
48 20 0.000272
48 21 0.000232
48 22 0.000191
48 23 0.000191
48 24 0.000181
48 25 0.000144
48 26 0.000097
48 27 0.000080
48 28 0.000069
48 29 0.000056
48 30 0.000037
48 31 0.000000
48 32 0.000023
48 33 0.000026
48 34 0.000024
48 35 0.000017
48 36 0.000000
48 37 0.000007
48 38 0.000000
48 39 0.000000
48 40 0.000000
48 41 0.000000
48 42 0.000000
48 43 0.000000
48 44 0.000000
48 45 0.000000
48 46 0.000000
48 47 0.000000
48 48 0.000000
48 49 0.000000
48 50 0.000000
48 51 0.000000
48 52 0.000000
48 53 0.000000
48 54 0.000000
48 55 0.000000
48 56 0.000000
48 57 0.000000
48 58 0.000000
48 59 0.000000
48 60 0.000000
48 61 0.000000
48 62 0.000000
48 63 0.000000
49 0 0.009557
49 1 0.008635
49 2 0.007761
49 3 0.006945
49 4 0.006240
49 5 0.005517
49 6 0.004867
49 7 0.004274
49 8 0.003721
49 9 0.003174
49 10 0.002646
49 11 0.002121
49 12 0.001676
49 13 0.001301
49 14 0.001022
49 15 0.000827
49 16 0.000705
49 17 0.000594
49 18 0.000502
49 19 0.000459
49 20 0.000416
49 21 0.000376
49 22 0.000341
49 23 0.000324
49 24 0.000315
49 25 0.000240
49 26 0.000164
49 27 0.000156
49 28 0.000138
49 29 0.000117
49 30 0.000094
49 31 0.000071
49 32 0.000065
49 33 0.000059
49 34 0.000051
49 35 0.000042
49 36 0.000031
49 37 0.000027
49 38 0.000022
49 39 0.000019
49 40 0.000017
49 41 0.000016
49 42 0.000015
49 43 0.000012
49 44 0.000004
49 45 -0.000003
49 46 -0.000004
49 47 -0.000003
49 48 -0.000001
49 49 -0.000001
49 50 -0.000001
49 51 -0.000001
49 52 -0.000001
49 53 -0.000001
49 54 -0.000001
49 55 -0.000000
49 56 0.000000
49 57 0.000000
49 58 0.000000
49 59 0.000000
49 60 0.000000
49 61 0.000000
49 62 0.000000
49 63 0.000000
50 0 0.010123
50 1 0.009203
50 2 0.008331
50 3 0.007508
50 4 0.006725
50 5 0.006029
50 6 0.005375
50 7 0.004779
50 8 0.004167
50 9 0.003597
50 10 0.003016
50 11 0.002429
50 12 0.001916
50 13 0.001490
50 14 0.001164
50 15 0.000957
50 16 0.000836
50 17 0.000735
50 18 0.000663
50 19 0.000607
50 20 0.000558
50 21 0.000513
50 22 0.000475
50 23 0.000448
50 24 0.000390
50 25 0.000334
50 26 0.000281
50 27 0.000241
50 28 0.000211
50 29 0.000180
50 30 0.000149
50 31 0.000124
50 32 0.000107
50 33 0.000093
50 34 0.000080
50 35 0.000067
50 36 0.000056
50 37 0.000048
50 38 0.000042
50 39 0.000037
50 40 0.000034
50 41 0.000032
50 42 0.000032
50 43 0.000029
50 44 0.000005
50 45 -0.000009
50 46 -0.000011
50 47 -0.000008
50 48 0.000000
50 49 -0.000003
50 50 0.000000
50 51 -0.000002
50 52 -0.000003
50 53 -0.000002
50 54 -0.000001
50 55 0.000000
50 56 0.000000
50 57 0.000000
50 58 0.000000
50 59 0.000000
50 60 0.000000
50 61 0.000000
50 62 0.000000
50 63 0.000000
51 0 0.010630
51 1 0.009706
51 2 0.008850
51 3 0.008021
51 4 0.007227
51 5 0.006516
51 6 0.005824
51 7 0.005201
51 8 0.004574
51 9 0.003985
51 10 0.003376
51 11 0.002647
51 12 0.002108
51 13 0.001593
51 14 0.001172
51 15 0.001002
51 16 0.000939
51 17 0.000855
51 18 0.000806
51 19 0.000750
51 20 0.000695
51 21 0.000643
51 22 0.000598
51 23 0.000554
51 24 0.000497
51 25 0.000448
51 26 0.000381
51 27 0.000317
51 28 0.000285
51 29 0.000243
51 30 0.000200
51 31 0.000170
51 32 0.000146
51 33 0.000126
51 34 0.000108
51 35 0.000091
51 36 0.000077
51 37 0.000067
51 38 0.000060
51 39 0.000054
51 40 0.000050
51 41 0.000047
51 42 0.000051
51 43 0.000069
51 44 -0.000004
51 45 -0.000029
51 46 -0.000022
51 47 -0.000018
51 48 -0.000012
51 49 -0.000010
51 50 -0.000007
51 51 -0.000006
51 52 -0.000005
51 53 -0.000004
51 54 -0.000002
51 55 -0.000001
51 56 -0.000000
51 57 0.000000
51 58 0.000000
51 59 0.000000
51 60 0.000000
51 61 0.000000
51 62 0.000000
51 63 0.000000
52 0 0.011108
52 1 0.010192
52 2 0.009323
52 3 0.008486
52 4 0.007675
52 5 0.006923
52 6 0.006223
52 7 0.005549
52 8 0.004903
52 9 0.004287
52 10 0.003602
52 11 0.002901
52 12 0.002259
52 13 0.001578
52 14 0.000924
52 15 0.000955
52 16 0.001023
52 17 0.001026
52 18 0.000946
52 19 0.000890
52 20 0.000821
52 21 0.000765
52 22 0.000722
52 23 0.000671
52 24 0.000602
52 25 0.000536
52 26 0.000468
52 27 0.000412
52 28 0.000368
52 29 0.000298
52 30 0.000237
52 31 0.000209
52 32 0.000181
52 33 0.000157
52 34 0.000135
52 35 0.000113
52 36 0.000094
52 37 0.000082
52 38 0.000075
52 39 0.000071
52 40 0.000064
52 41 0.000055
52 42 0.000056
52 43 0.000050
52 44 0.000018
52 45 -0.000011
52 46 -0.000032
52 47 -0.000028
52 48 -0.000022
52 49 -0.000016
52 50 -0.000012
52 51 -0.000010
52 52 -0.000008
52 53 -0.000006
52 54 -0.000003
52 55 -0.000001
52 56 0.000000
52 57 0.000000
52 58 0.000000
52 59 0.000000
52 60 0.000000
52 61 0.000000
52 62 0.000000
52 63 0.000000
53 0 0.011559
53 1 0.010628
53 2 0.009743
53 3 0.008888
53 4 0.008067
53 5 0.007309
53 6 0.006600
53 7 0.005869
53 8 0.005211
53 9 0.004536
53 10 0.003872
53 11 0.003165
53 12 0.002455
53 13 0.001550
53 14 0.000000
53 15 0.000871
53 16 0.001123
53 17 0.001177
53 18 0.001165
53 19 0.001062
53 20 0.000947
53 21 0.000901
53 22 0.000853
53 23 0.000807
53 24 0.000700
53 25 0.000613
53 26 0.000549
53 27 0.000494
53 28 0.000431
53 29 0.000351
53 30 0.000286
53 31 0.000246
53 32 0.000214
53 33 0.000185
53 34 0.000161
53 35 0.000133
53 36 0.000105
53 37 0.000093
53 38 0.000088
53 39 0.000090
53 40 0.000080
53 41 0.000052
53 42 0.000068
53 43 0.000057
53 44 0.000037
53 45 0.000001
53 46 -0.000065
53 47 -0.000042
53 48 -0.000030
53 49 -0.000022
53 50 -0.000016
53 51 -0.000013
53 52 -0.000010
53 53 -0.000007
53 54 -0.000005
53 55 0.000000
53 56 -0.000001
53 57 -0.000000
53 58 0.000000
53 59 0.000000
53 60 0.000000
53 61 0.000000
53 62 0.000000
53 63 0.000000
54 0 0.011943
54 1 0.011018
54 2 0.010134
54 3 0.009262
54 4 0.008461
54 5 0.007686
54 6 0.006931
54 7 0.006235
54 8 0.005522
54 9 0.004840
54 10 0.004170
54 11 0.003480
54 12 0.002827
54 13 0.002116
54 14 0.001428
54 15 0.001404
54 16 0.001422
54 17 0.001401
54 18 0.001350
54 19 0.001232
54 20 0.001119
54 21 0.001053
54 22 0.000983
54 23 0.000896
54 24 0.000801
54 25 0.000724
54 26 0.000656
54 27 0.000583
54 28 0.000508
54 29 0.000393
54 30 0.000308
54 31 0.000277
54 32 0.000242
54 33 0.000209
54 34 0.000190
54 35 0.000151
54 36 0.000099
54 37 0.000098
54 38 0.000093
54 39 0.000089
54 40 0.000082
54 41 0.000070
54 42 0.000067
54 43 0.000043
54 44 0.000026
54 45 0.000008
54 46 -0.000037
54 47 -0.000045
54 48 -0.000034
54 49 -0.000025
54 50 -0.000018
54 51 -0.000015
54 52 -0.000012
54 53 -0.000010
54 54 -0.000007
54 55 -0.000004
54 56 -0.000003
54 57 0.000000
54 58 0.000000
54 59 0.000000
54 60 0.000000
54 61 0.000000
54 62 0.000000
54 63 0.000000
55 0 0.012281
55 1 0.011356
55 2 0.010468
55 3 0.009584
55 4 0.008768
55 5 0.007976
55 6 0.007246
55 7 0.006485
55 8 0.005799
55 9 0.005132
55 10 0.004456
55 11 0.003841
55 12 0.003256
55 13 0.002664
55 14 0.002148
55 15 0.001897
55 16 0.001759
55 17 0.001655
55 18 0.001540
55 19 0.001410
55 20 0.001305
55 21 0.001208
55 22 0.001128
55 23 0.000991
55 24 0.000888
55 25 0.000834
55 26 0.000766
55 27 0.000629
55 28 0.000553
55 29 0.000445
55 30 0.000343
55 31 0.000287
55 32 0.000263
55 33 0.000250
55 34 0.000203
55 35 0.000142
55 36 0.000117
55 37 0.000107
55 38 0.000098
55 39 0.000092
55 40 0.000087
55 41 0.000081
55 42 0.000087
55 43 0.000023
55 44 0.000015
55 45 0.000042
55 46 -0.000046
55 47 -0.000065
55 48 -0.000037
55 49 -0.000025
55 50 -0.000018
55 51 -0.000015
55 52 -0.000014
55 53 -0.000013
55 54 -0.000010
55 55 -0.000008
55 56 -0.000005
55 57 -0.000002
55 58 0.000000
55 59 0.000000
55 60 0.000000
55 61 0.000000
55 62 0.000000
55 63 0.000000
56 0 0.012564
56 1 0.011622
56 2 0.010720
56 3 0.009846
56 4 0.009008
56 5 0.008238
56 6 0.007504
56 7 0.006771
56 8 0.006065
56 9 0.005390
56 10 0.004761
56 11 0.004178
56 12 0.003583
56 13 0.003064
56 14 0.002618
56 15 0.002299
56 16 0.002063
56 17 0.001891
56 18 0.001742
56 19 0.001608
56 20 0.001483
56 21 0.001345
56 22 0.001238
56 23 0.001087
56 24 0.000964
56 25 0.000907
56 26 0.000843
56 27 0.000677
56 28 0.000596
56 29 0.000523
56 30 0.000417
56 31 0.000267
56 32 0.000274
56 33 0.000262
56 34 0.000256
56 35 0.000134
56 36 0.000118
56 37 0.000116
56 38 0.000100
56 39 0.000094
56 40 0.000094
56 41 0.000079
56 42 0.000079
56 43 0.000031
56 44 -0.000015
56 45 -0.000005
56 46 -0.000024
56 47 -0.000033
56 48 -0.000026
56 49 -0.000018
56 50 -0.000013
56 51 -0.000015
56 52 -0.000016
56 53 -0.000016
56 54 -0.000014
56 55 -0.000011
56 56 -0.000008
56 57 -0.000004
56 58 0.000000
56 59 0.000000
56 60 0.000000
56 61 0.000000
56 62 0.000000
56 63 0.000000
57 0 0.012808
57 1 0.011867
57 2 0.010932
57 3 0.010083
57 4 0.009259
57 5 0.008485
57 6 0.007714
57 7 0.006984
57 8 0.006263
57 9 0.005629
57 10 0.005023
57 11 0.004437
57 12 0.003899
57 13 0.003424
57 14 0.002988
57 15 0.002616
57 16 0.002302
57 17 0.002106
57 18 0.001933
57 19 0.001774
57 20 0.001626
57 21 0.001476
57 22 0.001345
57 23 0.001193
57 24 0.001038
57 25 0.000986
57 26 0.000871
57 27 0.000739
57 28 0.000642
57 29 0.000545
57 30 0.000409
57 31 0.000343
57 32 0.000303
57 33 0.000268
57 34 0.000233
57 35 0.000176
57 36 0.000144
57 37 0.000138
57 38 0.000092
57 39 0.000088
57 40 0.000116
57 41 0.000060
57 42 0.000047
57 43 0.000046
57 44 -0.000034
57 45 -0.000023
57 46 -0.000018
57 47 -0.000018
57 48 -0.000014
57 49 -0.000011
57 50 0.000000
57 51 -0.000015
57 52 -0.000021
57 53 -0.000021
57 54 -0.000019
57 55 -0.000015
57 56 -0.000011
57 57 -0.000006
57 58 -0.000001
57 59 0.000000
57 60 0.000000
57 61 0.000000
57 62 0.000000
57 63 0.000000
58 0 0.013018
58 1 0.012071
58 2 0.011150
58 3 0.010297
58 4 0.009472
58 5 0.008684
58 6 0.007908
58 7 0.007161
58 8 0.006482
58 9 0.005858
58 10 0.005252
58 11 0.004694
58 12 0.004180
58 13 0.003709
58 14 0.003254
58 15 0.002877
58 16 0.002548
58 17 0.002299
58 18 0.002109
58 19 0.001930
58 20 0.001775
58 21 0.001575
58 22 0.001395
58 23 0.001255
58 24 0.001139
58 25 0.001061
58 26 0.000934
58 27 0.000761
58 28 0.000648
58 29 0.000567
58 30 0.000469
58 31 0.000391
58 32 0.000328
58 33 0.000275
58 34 0.000233
58 35 0.000192
58 36 0.000145
58 37 0.000114
58 38 0.000109
58 39 0.000070
58 40 0.000081
58 41 0.000083
58 42 0.000020
58 43 0.000010
58 44 -0.000005
58 45 -0.000006
58 46 -0.000006
58 47 -0.000006
58 48 0.000000
58 49 -0.000011
58 50 -0.000015
58 51 -0.000025
58 52 -0.000030
58 53 -0.000029
58 54 -0.000025
58 55 -0.000020
58 56 -0.000014
58 57 -0.000007
58 58 0.000000
58 59 0.000000
58 60 0.000000
58 61 0.000000
58 62 0.000000
58 63 0.000000
59 0 0.013191
59 1 0.012245
59 2 0.011341
59 3 0.010480
59 4 0.009649
59 5 0.008858
59 6 0.008089
59 7 0.007366
59 8 0.006686
59 9 0.006055
59 10 0.005463
59 11 0.004916
59 12 0.004417
59 13 0.003934
59 14 0.003474
59 15 0.003104
59 16 0.002715
59 17 0.002477
59 18 0.002274
59 19 0.002054
59 20 0.001900
59 21 0.001705
59 22 0.001414
59 23 0.001303
59 24 0.001204
59 25 0.001086
59 26 0.000949
59 27 0.000819
59 28 0.000713
59 29 0.000611
59 30 0.000510
59 31 0.000425
59 32 0.000342
59 33 0.000271
59 34 0.000233
59 35 0.000215
59 36 0.000125
59 37 0.000063
59 38 0.000064
59 39 0.000060
59 40 0.000065
59 41 0.000069
59 42 0.000041
59 43 0.000008
59 44 0.000009
59 45 0.000009
59 46 0.000006
59 47 -0.000000
59 48 -0.000009
59 49 -0.000020
59 50 -0.000024
59 51 -0.000041
59 52 -0.000044
59 53 -0.000039
59 54 -0.000033
59 55 -0.000025
59 56 -0.000018
59 57 -0.000010
59 58 0.000000
59 59 0.000000
59 60 0.000000
59 61 0.000000
59 62 0.000000
59 63 0.000000
60 0 0.013334
60 1 0.012399
60 2 0.011482
60 3 0.010619
60 4 0.009795
60 5 0.009010
60 6 0.008238
60 7 0.007523
60 8 0.006843
60 9 0.006219
60 10 0.005629
60 11 0.005090
60 12 0.004599
60 13 0.004111
60 14 0.003620
60 15 0.003235
60 16 0.002909
60 17 0.002611
60 18 0.002365
60 19 0.002173
60 20 0.001944
60 21 0.001710
60 22 0.001534
60 23 0.001377
60 24 0.001247
60 25 0.001127
60 26 0.000999
60 27 0.000863
60 28 0.000772
60 29 0.000653
60 30 0.000534
60 31 0.000458
60 32 0.000341
60 33 0.000233
60 34 0.000212
60 35 0.000209
60 36 0.000107
60 37 0.000020
60 38 0.000024
60 39 0.000040
60 40 0.000049
60 41 0.000053
60 42 0.000044
60 43 0.000029
60 44 0.000025
60 45 0.000028
60 46 0.000021
60 47 0.000008
60 48 -0.000016
60 49 -0.000035
60 50 -0.000019
60 51 -0.000071
60 52 -0.000065
60 53 -0.000052
60 54 -0.000041
60 55 -0.000031
60 56 -0.000022
60 57 -0.000013
60 58 -0.000005
60 59 0.000000
60 60 0.000000
60 61 0.000000
60 62 0.000000
60 63 0.000000
61 0 0.013421
61 1 0.012459
61 2 0.011575
61 3 0.010716
61 4 0.009899
61 5 0.009109
61 6 0.008345
61 7 0.007625
61 8 0.006956
61 9 0.006325
61 10 0.005745
61 11 0.005209
61 12 0.004700
61 13 0.004236
61 14 0.003709
61 15 0.003369
61 16 0.003002
61 17 0.002700
61 18 0.002451
61 19 0.002224
61 20 0.002000
61 21 0.001769
61 22 0.001581
61 23 0.001446
61 24 0.001313
61 25 0.001141
61 26 0.001030
61 27 0.000919
61 28 0.000838
61 29 0.000739
61 30 0.000512
61 31 0.000381
61 32 0.000302
61 33 0.000254
61 34 0.000201
61 35 0.000141
61 36 0.000057
61 37 0.000015
61 38 0.000025
61 39 0.000028
61 40 0.000039
61 41 0.000050
61 42 0.000053
61 43 0.000039
61 44 0.000035
61 45 0.000057
61 46 0.000041
61 47 0.000026
61 48 -0.000026
61 49 -0.000086
61 50 -0.000035
61 51 -0.000084
61 52 -0.000078
61 53 -0.000062
61 54 -0.000048
61 55 -0.000037
61 56 -0.000026
61 57 -0.000017
61 58 -0.000008
61 59 -0.000002
61 60 0.000000
61 61 0.000000
61 62 0.000000
61 63 0.000000
62 0 0.013489
62 1 0.012545
62 2 0.011647
62 3 0.010784
62 4 0.009961
62 5 0.009168
62 6 0.008406
62 7 0.007703
62 8 0.007023
62 9 0.006391
62 10 0.005814
62 11 0.005268
62 12 0.004753
62 13 0.004283
62 14 0.003832
62 15 0.003453
62 16 0.003097
62 17 0.002777
62 18 0.002515
62 19 0.002269
62 20 0.002019
62 21 0.001785
62 22 0.001614
62 23 0.001458
62 24 0.001313
62 25 0.001186
62 26 0.001073
62 27 0.000983
62 28 0.000906
62 29 0.000839
62 30 0.000420
62 31 0.000335
62 32 0.000303
62 33 0.000279
62 34 0.000195
62 35 0.000000
62 36 0.000010
62 37 0.000014
62 38 0.000030
62 39 0.000010
62 40 0.000027
62 41 0.000056
62 42 0.000078
62 43 0.000040
62 44 0.000016
62 45 0.000035
62 46 0.000062
62 47 0.000017
62 48 -0.000051
62 49 -0.000072
62 50 -0.000052
62 51 -0.000075
62 52 -0.000082
62 53 -0.000069
62 54 -0.000054
62 55 -0.000041
62 56 -0.000029
62 57 -0.000019
62 58 -0.000009
62 59 0.000000
62 60 0.000000
62 61 0.000000
62 62 0.000000
62 63 0.000000
63 0 0.013525
63 1 0.012584
63 2 0.011684
63 3 0.010820
63 4 0.009992
63 5 0.009200
63 6 0.008442
63 7 0.007734
63 8 0.007057
63 9 0.006430
63 10 0.005850
63 11 0.005306
63 12 0.004800
63 13 0.004340
63 14 0.003871
63 15 0.003484
63 16 0.003161
63 17 0.002811
63 18 0.002532
63 19 0.002295
63 20 0.002059
63 21 0.001773
63 22 0.001600
63 23 0.001464
63 24 0.001334
63 25 0.001224
63 26 0.001086
63 27 0.000977
63 28 0.000919
63 29 0.000790
63 30 0.000492
63 31 0.000353
63 32 0.000295
63 33 0.000289
63 34 0.000215
63 35 0.000005
63 36 0.000037
63 37 -0.000004
63 38 0.000006
63 39 0.000018
63 40 0.000037
63 41 0.000067
63 42 0.000109
63 43 0.000059
63 44 -0.000028
63 45 0.000004
63 46 0.000027
63 47 0.000015
63 48 -0.000022
63 49 -0.000056
63 50 -0.000024
63 51 -0.000081
63 52 -0.000105
63 53 -0.000077
63 54 -0.000058
63 55 -0.000043
63 56 -0.000031
63 57 -0.000020
63 58 -0.000010
63 59 0.000000
63 60 0.000000
63 61 0.000000
63 62 0.000000
63 63 0.000000
