0 0 0.030034
0 1 0.043254
0 2 0.000000
0 3 0.000000
0 4 0.000000
0 5 0.000000
0 6 0.000000
0 7 0.000000
0 8 0.000000
0 9 0.000000
0 10 0.000000
0 11 0.000000
0 12 0.000000
0 13 0.000000
0 14 0.000000
0 15 0.000000
0 16 0.000000
0 17 0.000000
0 18 0.000000
0 19 0.000000
0 20 0.000000
0 21 0.000000
0 22 0.000000
0 23 0.000000
0 24 0.000000
0 25 0.000000
0 26 0.000000
0 27 0.000000
0 28 0.000000
0 29 0.027922
0 30 0.000000
0 31 -0.036606
0 32 0.000000
0 33 0.000000
0 34 -0.021707
0 35 0.000000
0 36 0.035700
0 37 -0.079552
0 38 0.000000
0 39 0.000000
0 40 0.139768
0 41 0.000000
0 42 0.000000
0 43 0.000000
0 44 0.000000
0 45 0.079780
0 46 0.000000
0 47 0.000000
0 48 0.000000
0 49 0.000000
1 0 0.016101
1 1 0.000000
1 2 0.000000
1 3 0.000000
1 4 0.000000
1 5 0.000000
1 6 0.000000
1 7 0.000000
1 8 0.000000
1 9 0.000000
1 10 0.000000
1 11 0.000000
1 12 0.000000
1 13 0.000000
1 14 0.000000
1 15 0.000000
1 16 0.000000
1 17 0.000000
1 18 0.000000
1 19 0.000000
1 20 0.000000
1 21 0.000000
1 22 0.000000
1 23 0.000000
1 24 0.000000
1 25 0.000000
1 26 0.000000
1 27 0.000000
1 28 0.000000
1 29 0.000000
1 30 0.000000
1 31 0.000000
1 32 0.000000
1 33 0.000000
1 34 0.000000
1 35 0.000000
1 36 0.000000
1 37 0.000000
1 38 -0.005895
1 39 0.000000
1 40 0.171369
1 41 0.000000
1 42 0.000000
1 43 0.000000
1 44 -0.001487
1 45 0.004793
1 46 0.000000
1 47 0.000000
1 48 0.000000
1 49 0.084872
2 0 0.006326
2 1 0.000000
2 2 0.000000
2 3 0.000000
2 4 0.000000
2 5 0.000000
2 6 0.000000
2 7 0.000000
2 8 0.000000
2 9 0.000000
2 10 0.000000
2 11 0.000000
2 12 0.000000
2 13 0.000000
2 14 0.000000
2 15 0.000000
2 16 0.000000
2 17 0.000000
2 18 0.000000
2 19 0.000000
2 20 0.000000
2 21 0.000000
2 22 0.000000
2 23 0.000000
2 24 0.000000
2 25 0.000000
2 26 0.000000
2 27 0.000000
2 28 0.000000
2 29 0.000000
2 30 0.000000
2 31 0.000000
2 32 0.000000
2 33 0.000000
2 34 0.000000
2 35 0.000000
2 36 0.000000
2 37 0.000000
2 38 0.000000
2 39 0.000000
2 40 0.000000
2 41 0.000000
2 42 0.000000
2 43 0.000000
2 44 0.000000
2 45 0.000000
2 46 0.000000
2 47 0.000000
2 48 0.000000
2 49 0.000000
3 0 0.006550
3 1 0.000000
3 2 0.000000
3 3 0.000000
3 4 0.000000
3 5 0.012172
3 6 0.000000
3 7 0.000000
3 8 0.000000
3 9 0.000000
3 10 0.000000
3 11 0.000000
3 12 0.000000
3 13 0.000000
3 14 0.000000
3 15 0.000000
3 16 0.000000
3 17 0.000000
3 18 0.000000
3 19 0.000000
3 20 0.000000
3 21 0.000000
3 22 0.000000
3 23 0.000000
3 24 0.000000
3 25 0.000000
3 26 0.000000
3 27 0.000000
3 28 0.000000
3 29 0.000000
3 30 0.000000
3 31 0.000000
3 32 0.000000
3 33 0.000000
3 34 0.000000
3 35 0.000000
3 36 0.000000
3 37 0.000000
3 38 0.000000
3 39 0.000000
3 40 0.000000
3 41 0.000000
3 42 0.000000
3 43 0.000000
3 44 0.000000
3 45 0.000000
3 46 0.000000
3 47 0.000000
3 48 0.000000
3 49 0.000000
4 0 0.000000
4 1 0.000000
4 2 0.000000
4 3 0.000000
4 4 0.000000
4 5 0.000000
4 6 -0.000278
4 7 0.000000
4 8 0.000000
4 9 0.000000
4 10 0.000000
4 11 0.000000
4 12 0.000000
4 13 0.000000
4 14 0.000000
4 15 0.000000
4 16 0.000000
4 17 0.000000
4 18 0.000000
4 19 0.000000
4 20 0.000000
4 21 0.000000
4 22 0.000000
4 23 0.000000
4 24 0.000000
4 25 0.000000
4 26 0.000000
4 27 0.000000
4 28 0.000000
4 29 0.000000
4 30 0.000000
4 31 0.000000
4 32 0.000000
4 33 0.000000
4 34 0.000000
4 35 0.000000
4 36 0.000000
4 37 0.000000
4 38 0.000000
4 39 0.000000
4 40 0.000000
4 41 0.000000
4 42 0.000000
4 43 0.000000
4 44 0.000000
4 45 0.000000
4 46 0.000000
4 47 0.000000
4 48 0.000000
4 49 0.000000
5 0 0.000000
5 1 0.000000
5 2 0.000000
5 3 0.000000
5 4 0.000000
5 5 -0.017980
5 6 -0.001532
5 7 0.000000
5 8 0.001212
5 9 0.000000
5 10 0.000000
5 11 0.000000
5 12 0.000000
5 13 0.000000
5 14 0.000000
5 15 0.000000
5 16 0.000000
5 17 0.000000
5 18 0.000000
5 19 0.000000
5 20 0.000000
5 21 0.000000
5 22 0.000000
5 23 0.000000
5 24 0.000000
5 25 0.000000
5 26 0.000000
5 27 0.000000
5 28 0.000000
5 29 0.000000
5 30 0.000000
5 31 0.000000
5 32 0.000000
5 33 0.000000
5 34 0.000000
5 35 0.000000
5 36 0.000000
5 37 0.000000
5 38 0.000000
5 39 0.000000
5 40 0.000000
5 41 0.000000
5 42 0.000000
5 43 0.000000
5 44 0.000000
5 45 0.000000
5 46 0.000000
5 47 0.000000
5 48 0.000000
5 49 0.000000
6 0 0.000000
6 1 0.000000
6 2 0.000000
6 3 0.000000
6 4 0.000000
6 5 0.000000
6 6 0.000000
6 7 0.000000
6 8 0.000000
6 9 0.000000
6 10 0.000000
6 11 0.000000
6 12 0.000000
6 13 0.000000
6 14 0.000000
6 15 0.000000
6 16 0.000000
6 17 0.000000
6 18 0.000000
6 19 0.000000
6 20 0.000000
6 21 0.000000
6 22 0.000000
6 23 0.000000
6 24 0.000000
6 25 0.000000
6 26 0.000000
6 27 0.000000
6 28 0.000000
6 29 0.000000
6 30 0.000000
6 31 0.000000
6 32 0.000000
6 33 0.000000
6 34 0.000000
6 35 0.000000
6 36 0.000000
6 37 0.000000
6 38 0.000000
6 39 0.000000
6 40 0.000000
6 41 0.000000
6 42 0.000000
6 43 0.000000
6 44 0.000000
6 45 0.000000
6 46 0.000000
6 47 0.000000
6 48 0.000000
6 49 0.000000
7 0 0.000000
7 1 0.000000
7 2 0.000000
7 3 0.000000
7 4 -0.000001
7 5 0.000000
7 6 0.000000
7 7 0.000000
7 8 0.000000
7 9 0.000000
7 10 0.000000
7 11 0.000000
7 12 0.000000
7 13 0.000000
7 14 0.000000
7 15 0.000000
7 16 0.000000
7 17 0.000000
7 18 0.000000
7 19 0.000000
7 20 0.000000
7 21 0.000000
7 22 0.000000
7 23 0.000000
7 24 0.000000
7 25 0.000000
7 26 0.000000
7 27 0.000000
7 28 0.000000
7 29 0.000000
7 30 0.000000
7 31 0.000000
7 32 0.000000
7 33 0.000000
7 34 0.000000
7 35 0.000000
7 36 0.000000
7 37 0.000000
7 38 0.000000
7 39 0.000000
7 40 0.000000
7 41 0.000000
7 42 0.000000
7 43 0.000000
7 44 0.000000
7 45 0.000000
7 46 0.000000
7 47 0.000000
7 48 0.000000
7 49 0.000000
8 0 0.031000
8 1 0.000000
8 2 0.000000
8 3 0.006127
8 4 0.000000
8 5 0.000000
8 6 0.000068
8 7 0.000000
8 8 0.000000
8 9 0.000000
8 10 0.000000
8 11 0.000000
8 12 0.000000
8 13 0.000000
8 14 0.000000
8 15 0.000000
8 16 0.000000
8 17 0.000000
8 18 0.000000
8 19 0.000000
8 20 0.000000
8 21 0.000000
8 22 0.000000
8 23 0.000000
8 24 0.000000
8 25 0.000000
8 26 0.000000
8 27 0.000000
8 28 0.000000
8 29 0.000000
8 30 0.000000
8 31 0.000000
8 32 0.000000
8 33 0.000000
8 34 0.000000
8 35 0.000000
8 36 0.000000
8 37 0.000000
8 38 0.000000
8 39 0.000000
8 40 0.000000
8 41 0.000000
8 42 0.059861
8 43 0.000000
8 44 0.000000
8 45 0.000000
8 46 0.000000
8 47 0.000000
8 48 0.000000
8 49 0.000000
9 0 0.092021
9 1 0.053879
9 2 0.000000
9 3 0.000000
9 4 0.000000
9 5 0.000000
9 6 0.000273
9 7 0.000000
9 8 0.000000
9 9 0.000000
9 10 0.000000
9 11 0.000000
9 12 0.000000
9 13 0.000000
9 14 0.000000
9 15 0.000000
9 16 0.000000
9 17 0.000000
9 18 0.000000
9 19 0.000000
9 20 0.000000
9 21 0.000000
9 22 0.000000
9 23 0.000000
9 24 0.000000
9 25 0.000000
9 26 0.000000
9 27 0.000000
9 28 0.000000
9 29 0.000000
9 30 0.000000
9 31 0.000000
9 32 0.000000
9 33 0.000000
9 34 0.000000
9 35 0.000000
9 36 0.000000
9 37 0.000000
9 38 0.000000
9 39 0.000000
9 40 0.000000
9 41 0.000000
9 42 -0.056511
9 43 0.000000
9 44 0.000000
9 45 0.000000
9 46 0.000000
9 47 0.000000
9 48 0.000000
9 49 0.000000
10 0 0.000000
10 1 0.000000
10 2 0.000000
10 3 -0.008718
10 4 0.000000
10 5 0.000000
10 6 0.000000
10 7 0.000000
10 8 0.000000
10 9 0.000000
10 10 0.000000
10 11 0.000000
10 12 0.000000
10 13 0.000000
10 14 0.000000
10 15 0.000000
10 16 0.000000
10 17 0.000000
10 18 0.000000
10 19 0.000000
10 20 0.000000
10 21 0.000000
10 22 0.000000
10 23 0.000000
10 24 0.000000
10 25 0.000000
10 26 0.000000
10 27 0.000000
10 28 0.000000
10 29 0.000000
10 30 0.000000
10 31 0.000000
10 32 0.000000
10 33 0.000000
10 34 0.000000
10 35 0.000000
10 36 0.000000
10 37 0.000000
10 38 0.000000
10 39 0.000000
10 40 0.000000
10 41 0.000000
10 42 -0.058298
10 43 0.000000
10 44 0.000000
10 45 0.000000
10 46 0.000000
10 47 0.000000
10 48 0.000000
10 49 0.000000
11 0 0.000000
11 1 0.000000
11 2 -0.002418
11 3 -0.007695
11 4 0.000000
11 5 -0.009218
11 6 -0.010169
11 7 0.000000
11 8 0.000000
11 9 0.000000
11 10 0.000000
11 11 0.000000
11 12 0.000000
11 13 0.000000
11 14 0.000000
11 15 0.000000
11 16 0.000000
11 17 0.000000
11 18 0.000000
11 19 0.000000
11 20 0.000000
11 21 0.000000
11 22 0.000000
11 23 0.000000
11 24 0.000000
11 25 0.000000
11 26 0.000000
11 27 0.000000
11 28 0.000000
11 29 0.000000
11 30 0.000000
11 31 0.000000
11 32 0.000000
11 33 0.000000
11 34 0.000000
11 35 0.000000
11 36 0.000000
11 37 0.000000
11 38 0.000000
11 39 0.000000
11 40 0.000000
11 41 0.000000
11 42 0.000000
11 43 0.000000
11 44 0.000000
11 45 0.000000
11 46 0.000000
11 47 0.000000
11 48 0.000000
11 49 0.000000
12 0 0.000000
12 1 0.000000
12 2 -0.001427
12 3 -0.002878
12 4 -0.000878
12 5 -0.004992
12 6 0.000000
12 7 0.000000
12 8 0.000000
12 9 0.000000
12 10 0.000000
12 11 0.000000
12 12 0.000000
12 13 0.000000
12 14 0.000000
12 15 0.000000
12 16 0.000000
12 17 0.000000
12 18 0.000000
12 19 0.000000
12 20 0.000000
12 21 0.000000
12 22 0.000000
12 23 0.000000
12 24 0.000000
12 25 0.000000
12 26 0.000000
12 27 0.000000
12 28 0.000000
12 29 0.000000
12 30 0.000000
12 31 0.000000
12 32 0.000000
12 33 0.000000
12 34 0.000000
12 35 0.000000
12 36 0.000000
12 37 0.000000
12 38 0.000000
12 39 0.000000
12 40 0.000000
12 41 0.003986
12 42 0.000000
12 43 0.000000
12 44 0.000000
12 45 0.000000
12 46 0.000000
12 47 0.000000
12 48 0.000000
12 49 0.000000
13 0 0.006597
13 1 0.002972
13 2 0.000286
13 3 -0.000504
13 4 0.000000
13 5 -0.002052
13 6 -0.000989
13 7 0.000000
13 8 0.000000
13 9 0.000000
13 10 0.000000
13 11 0.000000
13 12 0.000000
13 13 0.000000
13 14 0.000028
13 15 0.000000
13 16 0.000000
13 17 0.000000
13 18 0.000000
13 19 0.000000
13 20 0.000000
13 21 0.000000
13 22 0.000000
13 23 0.000000
13 24 0.000000
13 25 0.000000
13 26 0.000000
13 27 0.000000
13 28 0.000000
13 29 0.000000
13 30 0.000000
13 31 0.000000
13 32 0.000000
13 33 0.000000
13 34 0.000000
13 35 0.000000
13 36 0.000000
13 37 0.000000
13 38 0.000000
13 39 0.000000
13 40 0.000000
13 41 0.000000
13 42 0.000000
13 43 0.000000
13 44 0.000000
13 45 0.000000
13 46 0.000000
13 47 0.000000
13 48 0.000000
13 49 0.000000
14 0 0.006865
14 1 0.004010
14 2 0.002041
14 3 0.000500
14 4 -0.000923
14 5 -0.000310
14 6 0.000010
14 7 0.000000
14 8 0.000000
14 9 0.000000
14 10 0.000000
14 11 0.000000
14 12 0.000000
14 13 0.000000
14 14 0.000000
14 15 0.000000
14 16 0.000000
14 17 0.000000
14 18 0.000000
14 19 0.000000
14 20 0.000000
14 21 0.000000
14 22 0.000000
14 23 0.000000
14 24 0.000000
14 25 0.000000
14 26 0.000000
14 27 0.000000
14 28 0.000000
14 29 0.000000
14 30 0.000000
14 31 0.000000
14 32 0.000000
14 33 0.000000
14 34 0.000000
14 35 0.000000
14 36 0.000000
14 37 0.000000
14 38 0.000000
14 39 0.000000
14 40 -0.003586
14 41 -0.005481
14 42 0.000000
14 43 0.000000
14 44 0.000000
14 45 0.000000
14 46 0.000000
14 47 0.000000
14 48 0.000000
14 49 0.000000
15 0 0.006097
15 1 0.004593
15 2 0.003015
15 3 0.001592
15 4 0.000303
15 5 0.000775
15 6 -0.000308
15 7 0.000000
15 8 0.000000
15 9 0.000000
15 10 0.000000
15 11 -0.000484
15 12 0.000000
15 13 0.000000
15 14 -0.022072
15 15 -0.009767
15 16 -0.012457
15 17 0.000000
15 18 0.000000
15 19 0.000000
15 20 0.000000
15 21 0.000000
15 22 0.000000
15 23 0.000000
15 24 0.000000
15 25 0.000000
15 26 0.000000
15 27 0.000000
15 28 0.000000
15 29 0.000000
15 30 0.000000
15 31 0.000000
15 32 -0.000850
15 33 -0.000466
15 34 0.000000
15 35 0.000000
15 36 0.000000
15 37 0.000000
15 38 0.000000
15 39 -0.001580
15 40 -0.003319
15 41 -0.004307
15 42 0.000000
15 43 0.000000
15 44 0.000000
15 45 0.000000
15 46 0.000000
15 47 0.000000
15 48 0.000000
15 49 0.000000
16 0 0.006890
16 1 0.005292
16 2 0.003764
16 3 0.002545
16 4 0.001443
16 5 0.000671
16 6 0.000089
16 7 -0.000130
16 8 -0.000223
16 9 -0.000374
16 10 -0.000753
16 11 -0.001669
16 12 -0.001967
16 13 -0.003860
16 14 -0.009519
16 15 -0.008031
16 16 -0.007149
16 17 -0.003037
16 18 -0.001516
16 19 -0.000873
16 20 -0.000549
16 21 -0.000380
16 22 -0.000275
16 23 -0.000241
16 24 -0.000173
16 25 -0.000142
16 26 -0.000145
16 27 -0.000160
16 28 -0.000138
16 29 -0.000198
16 30 -0.000312
16 31 -0.000340
16 32 -0.000508
16 33 -0.000520
16 34 -0.000311
16 35 0.000185
16 36 0.000489
16 37 0.000000
16 38 0.000000
16 39 -0.001601
16 40 -0.002203
16 41 -0.002116
16 42 -0.001095
16 43 0.000000
16 44 0.000000
16 45 0.000000
16 46 0.000000
16 47 0.000000
16 48 0.000000
16 49 0.000000
17 0 0.007100
17 1 0.005759
17 2 0.004463
17 3 0.003247
17 4 0.002202
17 5 0.001375
17 6 0.000749
17 7 0.000221
17 8 -0.000133
17 9 -0.000551
17 10 -0.000953
17 11 -0.001699
17 12 -0.002528
17 13 -0.003823
17 14 -0.005627
17 15 -0.005647
17 16 -0.004912
17 17 -0.003299
17 18 -0.002127
17 19 -0.001372
17 20 -0.000940
17 21 -0.000688
17 22 -0.000518
17 23 -0.000411
17 24 -0.000312
17 25 -0.000262
17 26 -0.000244
17 27 -0.000278
17 28 -0.000260
17 29 -0.000304
17 30 -0.000372
17 31 -0.000410
17 32 -0.000538
17 33 -0.000532
17 34 -0.000431
17 35 -0.000137
17 36 0.000012
17 37 -0.000093
17 38 -0.000172
17 39 -0.001316
17 40 -0.001670
17 41 -0.001987
17 42 -0.003048
17 43 0.000000
17 44 0.000000
17 45 0.000000
17 46 0.000000
17 47 0.000000
17 48 0.000000
17 49 0.000000
18 0 0.007277
18 1 0.006070
18 2 0.004888
18 3 0.003828
18 4 0.002807
18 5 0.001985
18 6 0.001212
18 7 0.000645
18 8 0.000180
18 9 -0.000367
18 10 -0.000838
18 11 -0.001534
18 12 -0.002293
18 13 -0.003116
18 14 -0.003885
18 15 -0.004016
18 16 -0.003668
18 17 -0.002925
18 18 -0.002164
18 19 -0.001582
18 20 -0.001146
18 21 -0.000877
18 22 -0.000680
18 23 -0.000537
18 24 -0.000405
18 25 -0.000334
18 26 -0.000338
18 27 -0.000387
18 28 -0.000325
18 29 -0.000375
18 30 -0.000430
18 31 -0.000508
18 32 -0.000518
18 33 -0.000548
18 34 -0.000555
18 35 -0.000443
18 36 -0.000278
18 37 -0.000331
18 38 -0.000357
18 39 -0.000862
18 40 -0.001171
18 41 -0.001390
18 42 -0.001727
18 43 0.000000
18 44 0.000000
18 45 0.000000
18 46 0.000000
18 47 0.000000
18 48 0.000000
18 49 0.000000
19 0 0.007453
19 1 0.006484
19 2 0.005277
19 3 0.004193
19 4 0.003246
19 5 0.002375
19 6 0.001648
19 7 0.001062
19 8 0.000437
19 9 -0.000096
19 10 -0.000610
19 11 -0.001220
19 12 -0.001858
19 13 -0.002431
19 14 -0.002893
19 15 -0.002944
19 16 -0.002839
19 17 -0.002442
19 18 -0.001993
19 19 -0.001591
19 20 -0.001247
19 21 -0.000975
19 22 -0.000804
19 23 -0.000614
19 24 -0.000435
19 25 -0.000413
19 26 -0.000437
19 27 -0.000464
19 28 -0.000449
19 29 -0.000467
19 30 -0.000494
19 31 -0.000540
19 32 -0.000572
19 33 -0.000613
19 34 -0.000602
19 35 -0.000617
19 36 -0.000450
19 37 -0.000378
19 38 -0.000409
19 39 -0.000634
19 40 -0.000946
19 41 -0.000659
19 42 -0.001015
19 43 0.000299
19 44 0.000000
19 45 0.000000
19 46 0.000000
19 47 0.000000
19 48 0.000000
19 49 0.000000
20 0 0.007904
20 1 0.007005
20 2 0.005730
20 3 0.004540
20 4 0.003530
20 5 0.002676
20 6 0.001990
20 7 0.001312
20 8 0.000686
20 9 0.000151
20 10 -0.000346
20 11 -0.000818
20 12 -0.001363
20 13 -0.001888
20 14 -0.002211
20 15 -0.002314
20 16 -0.002213
20 17 -0.001994
20 18 -0.001807
20 19 -0.001515
20 20 -0.001232
20 21 -0.001046
20 22 -0.000792
20 23 -0.000647
20 24 -0.000547
20 25 -0.000516
20 26 -0.000478
20 27 -0.000496
20 28 -0.000514
20 29 -0.000543
20 30 -0.000575
20 31 -0.000594
20 32 -0.000638
20 33 -0.000684
20 34 -0.000689
20 35 -0.000747
20 36 -0.000509
20 37 -0.000517
20 38 -0.000589
20 39 -0.000727
20 40 -0.000773
20 41 -0.000605
20 42 -0.000554
20 43 0.000086
20 44 0.000352
20 45 0.000000
20 46 0.000000
20 47 0.000000
20 48 0.000000
20 49 0.000000
21 0 0.008400
21 1 0.007538
21 2 0.006080
21 3 0.004760
21 4 0.003748
21 5 0.002898
21 6 0.002128
21 7 0.001500
21 8 0.000908
21 9 0.000411
21 10 0.000010
21 11 -0.000437
21 12 -0.000916
21 13 -0.001494
21 14 -0.001751
21 15 -0.001952
21 16 -0.001877
21 17 -0.001703
21 18 -0.001538
21 19 -0.001347
21 20 -0.001187
21 21 -0.001008
21 22 -0.000827
21 23 -0.000674
21 24 -0.000590
21 25 -0.000556
21 26 -0.000530
21 27 -0.000529
21 28 -0.000573
21 29 -0.000609
21 30 -0.000636
21 31 -0.000660
21 32 -0.000704
21 33 -0.000771
21 34 -0.000792
21 35 -0.000850
21 36 -0.000699
21 37 -0.000619
21 38 -0.000669
21 39 -0.000741
21 40 -0.000696
21 41 -0.000469
21 42 -0.000286
21 43 0.000050
21 44 0.000342
21 45 0.000000
21 46 0.000000
21 47 0.000000
21 48 -0.000329
21 49 -0.000424
22 0 0.008794
22 1 0.008830
22 2 0.006205
22 3 0.004758
22 4 0.003733
22 5 0.002903
22 6 0.002233
22 7 0.001674
22 8 0.001102
22 9 0.000594
22 10 0.000132
22 11 -0.000261
22 12 -0.000707
22 13 -0.001118
22 14 -0.001312
22 15 -0.001449
22 16 -0.001453
22 17 -0.001357
22 18 -0.001268
22 19 -0.001164
22 20 -0.001112
22 21 -0.000968
22 22 -0.000810
22 23 -0.000661
22 24 -0.000622
22 25 -0.000595
22 26 -0.000571
22 27 -0.000571
22 28 -0.000594
22 29 -0.000689
22 30 -0.000672
22 31 -0.000735
22 32 -0.000790
22 33 -0.000885
22 34 -0.000874
22 35 -0.000952
22 36 -0.000840
22 37 -0.000846
22 38 -0.000793
22 39 -0.000766
22 40 -0.000733
22 41 -0.000410
22 42 -0.000256
22 43 0.000065
22 44 0.000592
22 45 0.000557
22 46 0.000000
22 47 0.000000
22 48 -0.000295
22 49 -0.000685
23 0 0.007861
23 1 0.005249
23 2 0.005352
23 3 0.004279
23 4 0.003591
23 5 0.003006
23 6 0.002363
23 7 0.001797
23 8 0.001199
23 9 0.000603
23 10 0.000174
23 11 -0.000142
23 12 -0.000465
23 13 -0.000813
23 14 -0.000979
23 15 -0.001091
23 16 -0.001103
23 17 -0.001096
23 18 -0.001048
23 19 -0.001007
23 20 -0.000959
23 21 -0.000871
23 22 -0.000782
23 23 -0.000706
23 24 -0.000689
23 25 -0.000583
23 26 -0.000550
23 27 -0.000569
23 28 -0.000593
23 29 -0.000680
23 30 -0.000774
23 31 -0.000836
23 32 -0.000880
23 33 -0.001019
23 34 -0.000971
23 35 -0.001021
23 36 -0.001058
23 37 -0.001049
23 38 -0.001017
23 39 -0.000901
23 40 -0.000678
23 41 -0.000485
23 42 -0.000146
23 43 0.000379
23 44 0.000716
23 45 0.000324
23 46 0.000000
23 47 -0.000903
23 48 -0.000658
23 49 -0.001118
24 0 0.009030
24 1 0.005136
24 2 0.005541
24 3 0.003335
24 4 0.003303
24 5 0.002856
24 6 0.002349
24 7 0.001804
24 8 0.001274
24 9 0.000759
24 10 0.000336
24 11 0.000027
24 12 -0.000253
24 13 -0.000611
24 14 -0.000724
24 15 -0.000783
24 16 -0.000824
24 17 -0.000885
24 18 -0.000867
24 19 -0.000863
24 20 -0.000837
24 21 -0.000789
24 22 -0.000733
24 23 -0.000737
24 24 -0.000699
24 25 -0.000486
24 26 -0.000498
24 27 -0.000552
24 28 -0.000669
24 29 -0.000732
24 30 -0.000813
24 31 -0.000890
24 32 -0.000964
24 33 -0.001065
24 34 -0.001132
24 35 -0.001219
24 36 -0.001289
24 37 -0.001303
24 38 -0.001219
24 39 -0.001053
24 40 -0.000747
24 41 -0.000430
24 42 -0.000110
24 43 0.000646
24 44 0.001236
24 45 0.000397
24 46 0.000000
24 47 -0.002404
24 48 0.000000
24 49 -0.000603
25 0 0.007692
25 1 0.006012
25 2 0.004981
25 3 0.003869
25 4 0.003292
25 5 0.002793
25 6 0.002266
25 7 0.001796
25 8 0.001286
25 9 0.000824
25 10 0.000447
25 11 0.000148
25 12 -0.000144
25 13 -0.000398
25 14 -0.000516
25 15 -0.000589
25 16 -0.000657
25 17 -0.000723
25 18 -0.000736
25 19 -0.000746
25 20 -0.000743
25 21 -0.000708
25 22 -0.000668
25 23 -0.000673
25 24 -0.000592
25 25 -0.000512
25 26 -0.000520
25 27 -0.000531
25 28 -0.000652
25 29 -0.000744
25 30 -0.000824
25 31 -0.000927
25 32 -0.001010
25 33 -0.001123
25 34 -0.001343
25 35 -0.001353
25 36 -0.001473
25 37 -0.001649
25 38 -0.001484
25 39 -0.001330
25 40 -0.000973
25 41 -0.000602
25 42 -0.000052
25 43 0.000876
25 44 0.002114
25 45 0.000074
25 46 0.000000
25 47 0.000000
25 48 0.000038
25 49 -0.000819
26 0 0.006768
26 1 0.005103
26 2 0.004632
26 3 0.003962
26 4 0.003282
26 5 0.002699
26 6 0.002166
26 7 0.001714
26 8 0.001207
26 9 0.000844
26 10 0.000496
26 11 0.000146
26 12 -0.000062
26 13 -0.000277
26 14 -0.000397
26 15 -0.000474
26 16 -0.000520
26 17 -0.000602
26 18 -0.000619
26 19 -0.000642
26 20 -0.000681
26 21 -0.000640
26 22 -0.000582
26 23 -0.000543
26 24 -0.000467
26 25 -0.000468
26 26 -0.000505
26 27 -0.000608
26 28 -0.000651
26 29 -0.000706
26 30 -0.000790
26 31 -0.000919
26 32 -0.000998
26 33 -0.001215
26 34 -0.001472
26 35 -0.001537
26 36 -0.001791
26 37 -0.002092
26 38 -0.001991
26 39 -0.001724
26 40 -0.001296
26 41 -0.000778
26 42 -0.000109
26 43 0.001144
26 44 0.001244
26 45 0.000000
26 46 0.000000
26 47 0.000000
26 48 0.000000
26 49 -0.000132
27 0 0.006551
27 1 0.005384
27 2 0.004634
27 3 0.003883
27 4 0.003304
27 5 0.002719
27 6 0.002275
27 7 0.001678
27 8 0.001266
27 9 0.000820
27 10 0.000412
27 11 0.000133
27 12 -0.000031
27 13 -0.000204
27 14 -0.000366
27 15 -0.000440
27 16 -0.000447
27 17 -0.000509
27 18 -0.000527
27 19 -0.000549
27 20 -0.000557
27 21 -0.000538
27 22 -0.000501
27 23 -0.000458
27 24 -0.000442
27 25 -0.000430
27 26 -0.000454
27 27 -0.000529
27 28 -0.000578
27 29 -0.000647
27 30 -0.000750
27 31 -0.000867
27 32 -0.001068
27 33 -0.001178
27 34 -0.001463
27 35 -0.001804
27 36 -0.002372
27 37 -0.002730
27 38 -0.002710
27 39 -0.002363
27 40 -0.001665
27 41 -0.000926
27 42 -0.000159
27 43 0.001068
27 44 -0.000042
27 45 0.000000
27 46 0.000000
27 47 0.000000
27 48 0.000000
27 49 -0.000007
28 0 0.006351
28 1 0.005292
28 2 0.004454
28 3 0.003743
28 4 0.003138
28 5 0.002538
28 6 0.002139
28 7 0.001682
28 8 0.001266
28 9 0.000970
28 10 0.000602
28 11 0.000071
28 12 -0.000053
28 13 -0.000211
28 14 -0.000347
28 15 -0.000405
28 16 -0.000407
28 17 -0.000430
28 18 -0.000463
28 19 -0.000452
28 20 -0.000460
28 21 -0.000425
28 22 -0.000408
28 23 -0.000376
28 24 -0.000366
28 25 -0.000367
28 26 -0.000404
28 27 -0.000436
28 28 -0.000498
28 29 -0.000559
28 30 -0.000711
28 31 -0.000796
28 32 -0.000954
28 33 -0.001123
28 34 -0.001427
28 35 -0.001943
28 36 -0.003020
28 37 -0.003821
28 38 -0.003890
28 39 -0.003225
28 40 -0.002241
28 41 -0.001310
28 42 -0.000320
28 43 0.000410
28 44 0.000000
28 45 0.000000
28 46 0.000000
28 47 0.000000
28 48 0.000000
28 49 -0.000090
29 0 0.006173
29 1 0.005146
29 2 0.004307
29 3 0.003496
29 4 0.002859
29 5 0.002364
29 6 0.001918
29 7 0.001522
29 8 0.001251
29 9 0.000914
29 10 0.000541
29 11 0.000112
29 12 -0.000145
29 13 -0.000263
29 14 -0.000311
29 15 -0.000356
29 16 -0.000341
29 17 -0.000379
29 18 -0.000381
29 19 -0.000376
29 20 -0.000370
29 21 -0.000336
29 22 -0.000310
29 23 -0.000298
29 24 -0.000289
29 25 -0.000280
29 26 -0.000324
29 27 -0.000358
29 28 -0.000396
29 29 -0.000462
29 30 -0.000546
29 31 -0.000664
29 32 -0.000758
29 33 -0.000903
29 34 -0.001225
29 35 -0.001980
29 36 -0.003636
29 37 -0.005716
29 38 -0.005889
29 39 -0.004320
29 40 -0.002712
29 41 -0.001422
29 42 -0.000372
29 43 0.000000
29 44 0.000000
29 45 0.000000
29 46 0.000000
29 47 0.000000
29 48 0.000000
29 49 -0.000234
30 0 0.005912
30 1 0.004900
30 2 0.004028
30 3 0.003187
30 4 0.002518
30 5 0.002105
30 6 0.001852
30 7 0.001433
30 8 0.001287
30 9 0.001000
30 10 0.000415
30 11 -0.000205
30 12 -0.000395
30 13 -0.000339
30 14 -0.000252
30 15 -0.000360
30 16 -0.000299
30 17 -0.000291
30 18 -0.000302
30 19 -0.000295
30 20 -0.000270
30 21 -0.000255
30 22 -0.000225
30 23 -0.000214
30 24 -0.000212
30 25 -0.000227
30 26 -0.000236
30 27 -0.000236
30 28 -0.000274
30 29 -0.000312
30 30 -0.000407
30 31 -0.000446
30 32 -0.000519
30 33 -0.000553
30 34 -0.000653
30 35 -0.001153
30 36 -0.003905
30 37 -0.009425
30 38 -0.009053
30 39 -0.005815
30 40 -0.002573
30 41 -0.001660
30 42 -0.001210
30 43 0.000000
30 44 0.000000
30 45 0.000000
30 46 0.000000
30 47 0.000000
30 48 -0.000646
30 49 0.000000
31 0 0.005584
31 1 0.004579
31 2 0.003597
31 3 0.002817
31 4 0.002202
31 5 0.001642
31 6 0.001361
31 7 0.001214
31 8 0.001290
31 9 0.001249
31 10 0.000748
31 11 -0.001170
31 12 -0.000998
31 13 -0.000421
31 14 -0.000255
31 15 -0.000161
31 16 -0.000238
31 17 -0.000133
31 18 -0.000162
31 19 -0.000164
31 20 -0.000179
31 21 -0.000155
31 22 -0.000140
31 23 -0.000127
31 24 -0.000106
31 25 -0.000164
31 26 -0.000141
31 27 -0.000070
31 28 -0.000137
31 29 -0.000158
31 30 -0.000206
31 31 -0.000230
31 32 -0.000200
31 33 0.000032
31 34 0.000409
31 35 0.000000
31 36 0.000000
31 37 -0.018441
31 38 -0.015707
31 39 -0.006507
31 40 0.000000
31 41 -0.001253
31 42 -0.001699
31 43 -0.000611
31 44 0.000000
31 45 0.000000
31 46 0.000000
31 47 0.000000
31 48 -0.001483
31 49 0.000000
32 0 0.005264
32 1 0.004249
32 2 0.003144
32 3 0.002125
32 4 0.001465
32 5 0.000945
32 6 0.000703
32 7 0.000770
32 8 0.001844
32 9 0.001733
32 10 0.003627
32 11 -0.003717
32 12 -0.002056
32 13 0.000000
32 14 0.000000
32 15 0.000000
32 16 0.000000
32 17 0.000000
32 18 0.000000
32 19 0.000000
32 20 0.000000
32 21 0.000000
32 22 0.000000
32 23 0.000000
32 24 0.000000
32 25 0.000000
32 26 0.000000
32 27 0.000000
32 28 0.000000
32 29 0.000000
32 30 0.000000
32 31 0.000000
32 32 0.000000
32 33 0.000000
32 34 0.000000
32 35 0.000000
32 36 0.000000
32 37 -0.004556
32 38 0.000000
32 39 0.000000
32 40 0.000000
32 41 0.000000
32 42 0.000000
32 43 -0.000663
32 44 0.000000
32 45 0.000000
32 46 0.000000
32 47 0.000000
32 48 0.000000
32 49 0.000000
33 0 0.005179
33 1 0.003742
33 2 0.002600
33 3 0.001353
33 4 0.000708
33 5 0.000000
33 6 0.000000
33 7 0.000000
33 8 0.000000
33 9 0.000000
33 10 0.000000
33 11 0.000000
33 12 0.000000
33 13 0.000000
33 14 0.000000
33 15 0.000000
33 16 0.000000
33 17 0.000000
33 18 0.000000
33 19 0.000000
33 20 0.000000
33 21 0.000000
33 22 0.000000
33 23 0.000000
33 24 0.000000
33 25 0.000000
33 26 0.000000
33 27 0.000000
33 28 0.000000
33 29 0.000000
33 30 0.000000
33 31 0.000000
33 32 0.000000
33 33 0.000000
33 34 0.000000
33 35 0.000000
33 36 0.000000
33 37 0.000000
33 38 0.000000
33 39 0.000000
33 40 0.000000
33 41 0.000000
33 42 0.000144
33 43 0.000000
33 44 0.000000
33 45 0.000000
33 46 0.000000
33 47 0.000000
33 48 0.000000
33 49 0.000000
34 0 0.005287
34 1 0.003258
34 2 0.001722
34 3 0.000505
34 4 0.000000
34 5 0.000000
34 6 0.000000
34 7 0.000000
34 8 0.000000
34 9 0.000000
34 10 0.000000
34 11 0.000000
34 12 0.000000
34 13 0.000000
34 14 0.000000
34 15 0.000000
34 16 0.000000
34 17 0.000000
34 18 0.000000
34 19 0.000000
34 20 0.000000
34 21 0.000000
34 22 0.000000
34 23 0.000000
34 24 0.000000
34 25 0.000000
34 26 0.000000
34 27 0.000000
34 28 0.000000
34 29 0.000000
34 30 0.000000
34 31 0.000000
34 32 0.000000
34 33 0.000000
34 34 0.000000
34 35 0.000000
34 36 0.000000
34 37 0.000000
34 38 0.000000
34 39 0.000000
34 40 0.000000
34 41 0.000000
34 42 0.000000
34 43 0.000000
34 44 0.000000
34 45 0.000000
34 46 0.000000
34 47 0.000000
34 48 0.000000
34 49 0.000000
35 0 0.006461
35 1 0.002727
35 2 0.000967
35 3 0.000000
35 4 0.000000
35 5 0.000000
35 6 0.000000
35 7 0.000000
35 8 0.000000
35 9 0.000000
35 10 0.000000
35 11 0.000000
35 12 0.000000
35 13 0.000000
35 14 0.000000
35 15 0.000000
35 16 0.000000
35 17 0.000000
35 18 0.000000
35 19 0.000000
35 20 0.000000
35 21 0.000000
35 22 0.000000
35 23 0.000000
35 24 0.000000
35 25 0.000000
35 26 0.000000
35 27 0.000000
35 28 0.000000
35 29 0.000000
35 30 0.000000
35 31 0.000000
35 32 0.000000
35 33 0.000000
35 34 0.000000
35 35 0.000000
35 36 0.000000
35 37 0.000000
35 38 0.000000
35 39 0.000000
35 40 0.000000
35 41 0.000000
35 42 0.000000
35 43 0.000000
35 44 0.000000
35 45 0.000000
35 46 0.000000
35 47 0.000000
35 48 0.000000
35 49 0.000000
36 0 0.004441
36 1 0.000000
36 2 0.000000
36 3 0.000000
36 4 0.000000
36 5 0.000000
36 6 0.000000
36 7 0.000000
36 8 0.000000
36 9 0.000000
36 10 0.000000
36 11 0.000000
36 12 0.000000
36 13 0.000000
36 14 0.000000
36 15 0.000000
36 16 0.000000
36 17 0.000000
36 18 0.000000
36 19 0.000000
36 20 0.000000
36 21 0.000000
36 22 0.000000
36 23 0.000000
36 24 0.000000
36 25 0.000000
36 26 0.000000
36 27 0.000000
36 28 0.000000
36 29 0.000000
36 30 0.000000
36 31 0.000000
36 32 0.000000
36 33 0.000000
36 34 0.000000
36 35 0.000000
36 36 0.000000
36 37 0.000000
36 38 0.000000
36 39 0.000000
36 40 0.000000
36 41 0.000000
36 42 0.000000
36 43 0.000000
36 44 0.000000
36 45 0.000000
36 46 0.000000
36 47 0.000000
36 48 0.000000
36 49 0.000000
37 0 0.010434
37 1 0.000000
37 2 0.000000
37 3 0.000000
37 4 0.000000
37 5 0.000000
37 6 0.000000
37 7 0.000000
37 8 0.000000
37 9 0.000000
37 10 0.000000
37 11 0.000000
37 12 0.000000
37 13 0.000000
37 14 0.000000
37 15 0.000000
37 16 0.000000
37 17 0.000000
37 18 0.000000
37 19 0.000000
37 20 0.000000
37 21 0.000000
37 22 0.000000
37 23 0.000000
37 24 0.000000
37 25 0.000000
37 26 0.000000
37 27 0.000000
37 28 0.000000
37 29 0.000000
37 30 0.000000
37 31 0.000000
37 32 0.000000
37 33 -0.000000
37 34 0.000000
37 35 0.000000
37 36 0.000000
37 37 0.000000
37 38 0.000000
37 39 0.000000
37 40 0.000000
37 41 0.000000
37 42 0.000000
37 43 0.000000
37 44 0.000000
37 45 0.000000
37 46 0.000000
37 47 0.000000
37 48 0.000000
37 49 0.000000
38 0 0.000929
38 1 0.000000
38 2 0.000000
38 3 0.000000
38 4 0.000000
38 5 0.000000
38 6 0.000000
38 7 0.000000
38 8 0.000000
38 9 0.000000
38 10 0.000000
38 11 0.000000
38 12 0.000000
38 13 0.000000
38 14 0.000000
38 15 0.000000
38 16 0.000000
38 17 0.000000
38 18 0.000000
38 19 0.000000
38 20 0.000000
38 21 0.000000
38 22 0.000000
38 23 0.000000
38 24 0.000000
38 25 0.000000
38 26 0.000000
38 27 0.000000
38 28 0.000000
38 29 0.000000
38 30 0.000000
38 31 0.000000
38 32 0.000000
38 33 0.000000
38 34 0.000000
38 35 0.000000
38 36 0.000000
38 37 0.000000
38 38 0.000000
38 39 0.000000
38 40 0.000000
38 41 -0.000037
38 42 0.000000
38 43 0.000000
38 44 0.000000
38 45 0.000000
38 46 0.000000
38 47 0.000000
38 48 0.000000
38 49 0.000000
39 0 0.000000
39 1 0.000000
39 2 0.000000
39 3 0.000000
39 4 0.000000
39 5 0.000000
39 6 0.000000
39 7 0.000000
39 8 0.000000
39 9 0.000000
39 10 0.000000
39 11 0.000000
39 12 0.000000
39 13 0.000000
39 14 0.000000
39 15 0.000000
39 16 0.000000
39 17 0.000000
39 18 0.000000
39 19 0.000000
39 20 0.000000
39 21 0.000000
39 22 0.000000
39 23 0.000000
39 24 0.000000
39 25 0.000000
39 26 0.000000
39 27 0.000000
39 28 0.000000
39 29 0.000000
39 30 0.000000
39 31 0.000000
39 32 0.000000
39 33 0.000000
39 34 0.000000
39 35 0.000000
39 36 0.000000
39 37 0.000000
39 38 0.000000
39 39 0.000000
39 40 0.000000
39 41 -0.000146
39 42 0.000000
39 43 0.000000
39 44 0.000000
39 45 0.000000
39 46 0.000000
39 47 0.000000
39 48 0.000000
39 49 0.000000
40 0 0.000000
40 1 0.000000
40 2 0.000000
40 3 0.000000
40 4 0.000000
40 5 0.000000
40 6 0.000000
40 7 0.000000
40 8 0.000000
40 9 0.000000
40 10 0.000000
40 11 0.000000
40 12 0.000000
40 13 0.000000
40 14 0.000000
40 15 0.000000
40 16 0.000000
40 17 0.000000
40 18 0.000000
40 19 0.000000
40 20 0.000000
40 21 0.000000
40 22 0.000000
40 23 0.000000
40 24 0.000000
40 25 0.000000
40 26 0.000000
40 27 0.000000
40 28 0.000000
40 29 0.000000
40 30 0.000000
40 31 0.000000
40 32 0.000000
40 33 0.000000
40 34 0.000000
40 35 0.000000
40 36 0.000000
40 37 0.000000
40 38 0.000000
40 39 0.000000
40 40 0.000000
40 41 0.000000
40 42 0.000000
40 43 0.000000
40 44 0.000000
40 45 0.000000
40 46 0.000000
40 47 0.000000
40 48 0.000000
40 49 0.000000
41 0 0.000000
41 1 0.000000
41 2 0.000000
41 3 0.000000
41 4 0.000000
41 5 0.000000
41 6 0.000000
41 7 0.000000
41 8 0.000000
41 9 0.000000
41 10 0.000000
41 11 0.000000
41 12 0.000000
41 13 0.000000
41 14 0.000000
41 15 0.000000
41 16 0.000000
41 17 0.000000
41 18 0.000000
41 19 0.000000
41 20 0.000000
41 21 0.000000
41 22 0.000000
41 23 0.000000
41 24 0.000000
41 25 0.000000
41 26 0.000000
41 27 0.000000
41 28 0.000000
41 29 0.000000
41 30 0.000000
41 31 0.000000
41 32 0.000000
41 33 0.000000
41 34 0.000000
41 35 0.000000
41 36 0.000000
41 37 0.000000
41 38 0.000000
41 39 0.000000
41 40 0.000000
41 41 0.000000
41 42 0.000000
41 43 0.000000
41 44 0.000000
41 45 0.000000
41 46 0.000000
41 47 0.000000
41 48 0.000000
41 49 0.000027
42 0 0.000000
42 1 0.000000
42 2 0.000000
42 3 0.000000
42 4 0.000000
42 5 0.000000
42 6 0.000000
42 7 0.000000
42 8 0.000000
42 9 0.000000
42 10 0.000000
42 11 0.000000
42 12 0.000000
42 13 0.000000
42 14 0.000000
42 15 0.000000
42 16 0.000000
42 17 0.000000
42 18 0.000000
42 19 0.000000
42 20 0.000000
42 21 0.000000
42 22 0.000000
42 23 0.000000
42 24 0.000000
42 25 0.000000
42 26 0.000000
42 27 0.000000
42 28 0.000000
42 29 0.000000
42 30 0.000000
42 31 0.000000
42 32 0.000000
42 33 0.000000
42 34 0.000000
42 35 0.000000
42 36 0.000000
42 37 0.000000
42 38 0.000000
42 39 0.000000
42 40 0.000000
42 41 0.000000
42 42 0.000000
42 43 0.000000
42 44 0.000000
42 45 0.000000
42 46 0.000000
42 47 0.000000
42 48 0.000000
42 49 0.000000
43 0 0.000000
43 1 0.000000
43 2 0.000000
43 3 0.000000
43 4 0.000000
43 5 0.000000
43 6 0.000000
43 7 0.000000
43 8 0.000000
43 9 0.000000
43 10 0.000000
43 11 0.000000
43 12 0.000000
43 13 0.000000
43 14 0.000000
43 15 0.000000
43 16 0.000000
43 17 0.000000
43 18 0.000000
43 19 0.000000
43 20 0.000000
43 21 0.000000
43 22 0.000000
43 23 0.000000
43 24 0.000000
43 25 0.000000
43 26 0.000000
43 27 0.000000
43 28 0.000000
43 29 0.000000
43 30 0.000000
43 31 0.000000
43 32 0.000000
43 33 0.000000
43 34 0.000000
43 35 0.000000
43 36 0.000000
43 37 0.000000
43 38 0.000000
43 39 0.000000
43 40 0.000000
43 41 0.000000
43 42 0.000000
43 43 0.000000
43 44 0.000000
43 45 0.000000
43 46 0.000000
43 47 0.000000
43 48 0.000000
43 49 0.000000
44 0 0.000000
44 1 0.000000
44 2 0.000000
44 3 0.000000
44 4 0.000000
44 5 0.000000
44 6 0.000000
44 7 0.000000
44 8 0.000000
44 9 0.000000
44 10 0.000000
44 11 0.000000
44 12 0.000000
44 13 0.000000
44 14 0.000000
44 15 0.000000
44 16 0.000000
44 17 0.000000
44 18 0.000000
44 19 0.000000
44 20 0.000000
44 21 0.000000
44 22 0.000000
44 23 0.000000
44 24 0.000000
44 25 0.000000
44 26 0.000000
44 27 0.000000
44 28 0.000000
44 29 0.000000
44 30 0.000000
44 31 0.000000
44 32 0.000000
44 33 0.000000
44 34 0.000000
44 35 0.000000
44 36 0.000000
44 37 0.000000
44 38 0.000000
44 39 0.000000
44 40 0.000000
44 41 0.000000
44 42 0.000000
44 43 0.000000
44 44 0.000000
44 45 0.000000
44 46 0.000000
44 47 0.000000
44 48 0.000000
44 49 0.000000
45 0 0.000000
45 1 0.000000
45 2 0.000000
45 3 0.000000
45 4 0.000000
45 5 0.000000
45 6 0.000000
45 7 0.000000
45 8 0.000000
45 9 0.000000
45 10 0.000000
45 11 0.000000
45 12 0.000000
45 13 0.000000
45 14 0.000000
45 15 0.000000
45 16 0.000000
45 17 0.000000
45 18 0.000000
45 19 0.000000
45 20 0.000000
45 21 0.000000
45 22 0.000000
45 23 0.000000
45 24 0.000000
45 25 0.000000
45 26 0.000000
45 27 0.000000
45 28 0.000000
45 29 0.000000
45 30 0.000000
45 31 0.000000
45 32 0.000000
45 33 0.000000
45 34 0.000000
45 35 0.000000
45 36 0.000000
45 37 0.000000
45 38 0.000000
45 39 0.000000
45 40 0.000000
45 41 0.000000
45 42 0.000000
45 43 0.000000
45 44 0.000000
45 45 0.000000
45 46 0.000000
45 47 0.000000
45 48 0.000000
45 49 0.000000
46 0 0.000000
46 1 0.000000
46 2 0.000000
46 3 0.000000
46 4 0.000000
46 5 0.000000
46 6 0.000000
46 7 0.000000
46 8 0.000000
46 9 0.000000
46 10 0.000000
46 11 0.000000
46 12 0.000000
46 13 0.000000
46 14 0.000000
46 15 0.000000
46 16 0.000000
46 17 0.000000
46 18 0.000000
46 19 0.000000
46 20 0.000000
46 21 0.000000
46 22 0.000000
46 23 0.000000
46 24 0.000000
46 25 0.000000
46 26 0.000000
46 27 0.000000
46 28 0.000000
46 29 0.000000
46 30 0.000000
46 31 0.000000
46 32 0.000000
46 33 0.000000
46 34 0.000000
46 35 0.000000
46 36 0.000000
46 37 0.000000
46 38 0.000000
46 39 0.000000
46 40 0.000000
46 41 0.000000
46 42 0.000000
46 43 0.000000
46 44 0.000000
46 45 0.000000
46 46 0.000000
46 47 0.000000
46 48 0.000000
46 49 0.000000
47 0 0.000000
47 1 0.000000
47 2 0.000000
47 3 0.000000
47 4 0.000000
47 5 0.000000
47 6 0.000000
47 7 0.000000
47 8 0.000000
47 9 0.000000
47 10 0.000000
47 11 0.000000
47 12 0.000000
47 13 0.000000
47 14 0.000000
47 15 0.000000
47 16 0.000000
47 17 0.000000
47 18 0.000000
47 19 0.000000
47 20 0.000000
47 21 0.000000
47 22 0.000000
47 23 0.000000
47 24 0.000000
47 25 0.000000
47 26 0.000000
47 27 0.000000
47 28 0.000000
47 29 0.000000
47 30 0.000000
47 31 0.000000
47 32 0.000000
47 33 0.000000
47 34 0.000000
47 35 0.000000
47 36 0.000000
47 37 0.000000
47 38 0.000000
47 39 0.000000
47 40 0.000000
47 41 0.000000
47 42 0.000000
47 43 0.000000
47 44 0.000000
47 45 0.000000
47 46 0.000000
47 47 0.000000
47 48 0.000000
47 49 0.000000
48 0 0.000000
48 1 0.000000
48 2 0.000000
48 3 0.000000
48 4 0.000000
48 5 0.000000
48 6 0.000000
48 7 0.000000
48 8 0.000000
48 9 0.000000
48 10 0.000000
48 11 0.000000
48 12 0.000000
48 13 0.000000
48 14 0.000000
48 15 0.000000
48 16 0.000000
48 17 0.000000
48 18 0.000000
48 19 0.000000
48 20 0.000000
48 21 0.000000
48 22 0.000000
48 23 0.000000
48 24 0.000000
48 25 0.000000
48 26 0.000000
48 27 0.000000
48 28 0.000000
48 29 0.000000
48 30 0.000000
48 31 0.000000
48 32 0.000000
48 33 0.000000
48 34 0.000000
48 35 0.000000
48 36 0.000000
48 37 0.000000
48 38 0.000000
48 39 0.000000
48 40 0.000000
48 41 0.000000
48 42 0.000000
48 43 0.000000
48 44 0.000000
48 45 0.000000
48 46 0.000000
48 47 0.000000
48 48 0.000000
48 49 0.000000
49 0 0.000000
49 1 0.000000
49 2 0.000000
49 3 0.000000
49 4 0.000000
49 5 0.000000
49 6 0.000000
49 7 0.000000
49 8 0.027770
49 9 0.000000
49 10 0.000000
49 11 0.000000
49 12 0.000000
49 13 0.000000
49 14 0.000000
49 15 0.000000
49 16 0.000000
49 17 0.000000
49 18 0.000000
49 19 0.000000
49 20 0.000000
49 21 0.000000
49 22 0.000000
49 23 0.000000
49 24 0.000000
49 25 0.032449
49 26 0.000000
49 27 0.000000
49 28 0.000000
49 29 0.000000
49 30 0.000000
49 31 0.000000
49 32 0.082088
49 33 0.000000
49 34 -0.000486
49 35 0.000000
49 36 -0.065300
49 37 -0.020795
49 38 0.000000
49 39 -0.006526
49 40 0.000000
49 41 0.000000
49 42 0.000000
49 43 0.000000
49 44 0.000000
49 45 0.000000
49 46 0.000000
49 47 0.000000
49 48 0.022464
49 49 0.000000
