0 0 0 43.649872
0 0 1 46.462287
0 0 2 40.300523
0 0 3 36.560983
0 0 4 35.935309
0 0 5 40.928829
0 0 6 44.179994
0 0 7 48.163309
0 0 8 51.636685
0 0 9 50.347975
0 0 10 47.812660
0 0 11 44.239307
0 0 12 38.807804
0 0 13 31.415794
0 0 14 21.369556
0 0 15 21.110679
0 1 0 32.191563
0 1 1 33.477728
0 1 2 27.985480
0 1 3 19.177709
0 1 4 19.475676
0 1 5 27.041088
0 1 6 32.332664
0 1 7 35.692248
0 1 8 37.020794
0 1 9 37.862912
0 1 10 36.073079
0 1 11 33.366505
0 1 12 30.019117
0 1 13 23.137344
0 1 14 17.032570
0 1 15 16.807979
0 2 0 22.157401
0 2 1 21.614112
0 2 2 21.455222
0 2 3 14.865775
0 2 4 14.180903
0 2 5 17.663392
0 2 6 22.546786
0 2 7 24.813633
0 2 8 24.287580
0 2 9 26.665327
0 2 10 26.771601
0 2 11 25.107916
0 2 12 21.926377
0 2 13 17.811666
0 2 14 13.130196
0 2 15 13.828956
0 3 0 13.830518
0 3 1 18.047038
0 3 2 14.703308
0 3 3 9.799985
0 3 4 9.491146
0 3 5 12.205386
0 3 6 11.086784
0 3 7 11.509628
0 3 8 11.788151
0 3 9 13.930666
0 3 10 17.668441
0 3 11 17.794496
0 3 12 15.050758
0 3 13 13.916635
0 3 14 10.254376
0 3 15 11.351420
0 4 0 14.329520
0 4 1 9.812676
0 4 2 0.000000
0 4 3 6.305562
0 4 4 6.630211
0 4 5 11.887253
0 4 6 9.753316
0 4 7 9.694032
0 4 8 8.875398
0 4 9 11.967178
0 4 10 12.427165
0 4 11 8.464860
0 4 12 0.000000
0 4 13 8.404019
0 4 14 9.499583
0 4 15 10.894281
0 5 0 20.917856
0 5 1 15.450757
0 5 2 2.922681
0 5 3 0.000000
0 5 4 0.000000
0 5 5 8.914260
0 5 6 0.000000
0 5 7 9.919571
0 5 8 0.000000
0 5 9 9.012717
0 5 10 10.463611
0 5 11 0.000000
0 5 12 1.909908
0 5 13 10.096998
0 5 14 0.000000
0 5 15 10.773837
0 6 0 0.000000
0 6 1 0.000000
0 6 2 0.000000
0 6 3 0.000000
0 6 4 0.000000
0 6 5 0.000000
0 6 6 0.000000
0 6 7 0.000000
0 6 8 0.000000
0 6 9 0.000000
0 6 10 0.000000
0 6 11 0.000000
0 6 12 0.000000
0 6 13 0.000000
0 6 14 0.000000
0 6 15 0.000000
0 7 0 0.000000
0 7 1 0.000000
0 7 2 0.000000
0 7 3 0.000000
0 7 4 0.000000
0 7 5 0.000000
0 7 6 0.000000
0 7 7 0.000000
0 7 8 0.000000
0 7 9 0.000000
0 7 10 0.000000
0 7 11 0.000000
0 7 12 0.000000
0 7 13 0.000000
0 7 14 0.000000
0 7 15 0.000000
0 8 0 0.000000
0 8 1 0.000000
0 8 2 0.000000
0 8 3 0.000000
0 8 4 0.000000
0 8 5 0.000000
0 8 6 0.000000
0 8 7 0.000000
0 8 8 0.000000
0 8 9 0.000000
0 8 10 0.000000
0 8 11 0.000000
0 8 12 0.000000
0 8 13 0.000000
0 8 14 0.000000
0 8 15 0.000000
0 9 0 0.000000
0 9 1 0.000000
0 9 2 0.000000
0 9 3 0.000000
0 9 4 0.000000
0 9 5 0.000000
0 9 6 0.000000
0 9 7 0.000000
0 9 8 0.000000
0 9 9 0.000000
0 9 10 0.000000
0 9 11 0.000000
0 9 12 0.000000
0 9 13 0.000000
0 9 14 0.000000
0 9 15 0.000000
0 10 0 0.000000
0 10 1 0.000000
0 10 2 0.000000
0 10 3 0.000000
0 10 4 0.000000
0 10 5 0.000000
0 10 6 0.000000
0 10 7 0.000000
0 10 8 0.000000
0 10 9 0.000000
0 10 10 0.000000
0 10 11 0.000000
0 10 12 0.000000
0 10 13 0.000000
0 10 14 0.000000
0 10 15 0.000000
0 11 0 0.000000
0 11 1 0.000000
0 11 2 0.000000
0 11 3 0.000000
0 11 4 0.000000
0 11 5 0.000000
0 11 6 0.000000
0 11 7 0.000000
0 11 8 0.000000
0 11 9 0.000000
0 11 10 0.000000
0 11 11 0.000000
0 11 12 0.000000
0 11 13 0.000000
0 11 14 0.000000
0 11 15 0.000000
0 12 0 0.000000
0 12 1 0.000000
0 12 2 0.000000
0 12 3 0.000000
0 12 4 0.000000
0 12 5 0.000000
0 12 6 0.000000
0 12 7 0.000000
0 12 8 0.000000
0 12 9 0.000000
0 12 10 0.000000
0 12 11 0.000000
0 12 12 0.000000
0 12 13 0.000000
0 12 14 0.000000
0 12 15 0.000000
0 13 0 0.000000
0 13 1 0.000000
0 13 2 0.000000
0 13 3 0.000000
0 13 4 0.000000
0 13 5 0.000000
0 13 6 0.000000
0 13 7 0.000000
0 13 8 0.000000
0 13 9 0.000000
0 13 10 0.000000
0 13 11 0.000000
0 13 12 0.000000
0 13 13 0.000000
0 13 14 0.000000
0 13 15 0.000000
0 14 0 0.000000
0 14 1 0.000000
0 14 2 0.000000
0 14 3 0.000000
0 14 4 0.000000
0 14 5 0.000000
0 14 6 0.000000
0 14 7 0.000000
0 14 8 0.000000
0 14 9 0.000000
0 14 10 0.000000
0 14 11 0.000000
0 14 12 0.000000
0 14 13 0.000000
0 14 14 0.000000
0 14 15 0.000000
0 15 0 0.000000
0 15 1 0.000000
0 15 2 0.000000
0 15 3 0.000000
0 15 4 0.000000
0 15 5 0.000000
0 15 6 0.000000
0 15 7 0.000000
0 15 8 0.000000
0 15 9 0.000000
0 15 10 0.000000
0 15 11 0.000000
0 15 12 0.000000
0 15 13 0.000000
0 15 14 0.000000
0 15 15 0.000000
1 0 0 45.657365
1 0 1 48.734267
1 0 2 41.964851
1 0 3 37.629668
1 0 4 37.361747
1 0 5 40.949255
1 0 6 45.922217
1 0 7 51.087547
1 0 8 56.720639
1 0 9 56.859186
1 0 10 51.744399
1 0 11 47.659719
1 0 12 40.320709
1 0 13 30.669478
1 0 14 0.000000
1 0 15 18.808728
1 1 0 30.472481
1 1 1 29.301944
1 1 2 25.602728
1 1 3 0.000000
1 1 4 0.000000
1 1 5 23.107416
1 1 6 32.553923
1 1 7 36.918261
1 1 8 36.264778
1 1 9 39.025853
1 1 10 35.447068
1 1 11 33.675705
1 1 12 29.992707
1 1 13 23.435499
1 1 14 13.072007
1 1 15 16.919824
1 2 0 19.735717
1 2 1 24.902586
1 2 2 19.975816
1 2 3 9.674297
1 2 4 6.955916
1 2 5 16.610655
1 2 6 22.791395
1 2 7 27.689883
1 2 8 25.268627
1 2 9 27.265592
1 2 10 25.031823
1 2 11 24.731709
1 2 12 21.805438
1 2 13 16.550794
1 2 14 0.000000
1 2 15 14.470056
1 3 0 0.000000
1 3 1 37.367633
1 3 2 15.079998
1 3 3 0.000000
1 3 4 7.898835
1 3 5 10.361449
1 3 6 0.000000
1 3 7 0.000000
1 3 8 0.000000
1 3 9 0.000000
1 3 10 13.508878
1 3 11 20.273796
1 3 12 16.557473
1 3 13 14.177222
1 3 14 7.600555
1 3 15 9.421490
1 4 0 6.636384
1 4 1 0.000000
1 4 2 8.280238
1 4 3 2.425415
1 4 4 0.000000
1 4 5 7.351045
1 4 6 3.377109
1 4 7 3.614909
1 4 8 -1.023124
1 4 9 0.000000
1 4 10 9.608304
1 4 11 0.000000
1 4 12 7.641959
1 4 13 0.000000
1 4 14 9.684733
1 4 15 6.416905
1 5 0 16.874989
1 5 1 5.387407
1 5 2 0.000000
1 5 3 0.000000
1 5 4 1.227567
1 5 5 7.354771
1 5 6 0.000000
1 5 7 0.000000
1 5 8 2.975309
1 5 9 0.000000
1 5 10 0.000000
1 5 11 0.000000
1 5 12 0.000000
1 5 13 2.694366
1 5 14 0.000000
1 5 15 4.033509
1 6 0 0.000000
1 6 1 0.000000
1 6 2 0.000000
1 6 3 0.000000
1 6 4 0.000000
1 6 5 0.000000
1 6 6 0.000000
1 6 7 0.000000
1 6 8 0.000000
1 6 9 0.000000
1 6 10 0.000000
1 6 11 0.000000
1 6 12 0.000000
1 6 13 0.000000
1 6 14 0.000000
1 6 15 0.000000
1 7 0 0.000000
1 7 1 0.000000
1 7 2 0.000000
1 7 3 0.000000
1 7 4 0.000000
1 7 5 0.000000
1 7 6 0.000000
1 7 7 0.000000
1 7 8 0.000000
1 7 9 0.000000
1 7 10 0.000000
1 7 11 0.000000
1 7 12 0.000000
1 7 13 0.000000
1 7 14 0.000000
1 7 15 0.000000
1 8 0 0.000000
1 8 1 0.000000
1 8 2 0.000000
1 8 3 0.000000
1 8 4 0.000000
1 8 5 0.000000
1 8 6 0.000000
1 8 7 0.000000
1 8 8 0.000000
1 8 9 0.000000
1 8 10 0.000000
1 8 11 0.000000
1 8 12 0.000000
1 8 13 0.000000
1 8 14 0.000000
1 8 15 0.000000
1 9 0 0.000000
1 9 1 0.000000
1 9 2 0.000000
1 9 3 0.000000
1 9 4 0.000000
1 9 5 0.000000
1 9 6 0.000000
1 9 7 0.000000
1 9 8 0.000000
1 9 9 0.000000
1 9 10 0.000000
1 9 11 0.000000
1 9 12 0.000000
1 9 13 0.000000
1 9 14 0.000000
1 9 15 0.000000
1 10 0 0.000000
1 10 1 0.000000
1 10 2 0.000000
1 10 3 0.000000
1 10 4 0.000000
1 10 5 0.000000
1 10 6 0.000000
1 10 7 0.000000
1 10 8 0.000000
1 10 9 0.000000
1 10 10 0.000000
1 10 11 0.000000
1 10 12 0.000000
1 10 13 0.000000
1 10 14 0.000000
1 10 15 0.000000
1 11 0 0.000000
1 11 1 0.000000
1 11 2 0.000000
1 11 3 0.000000
1 11 4 0.000000
1 11 5 0.000000
1 11 6 0.000000
1 11 7 0.000000
1 11 8 0.000000
1 11 9 0.000000
1 11 10 0.000000
1 11 11 0.000000
1 11 12 0.000000
1 11 13 0.000000
1 11 14 0.000000
1 11 15 0.000000
1 12 0 0.000000
1 12 1 0.000000
1 12 2 0.000000
1 12 3 0.000000
1 12 4 0.000000
1 12 5 0.000000
1 12 6 0.000000
1 12 7 0.000000
1 12 8 0.000000
1 12 9 0.000000
1 12 10 0.000000
1 12 11 0.000000
1 12 12 0.000000
1 12 13 0.000000
1 12 14 0.000000
1 12 15 0.000000
1 13 0 0.000000
1 13 1 0.000000
1 13 2 0.000000
1 13 3 0.000000
1 13 4 0.000000
1 13 5 0.000000
1 13 6 0.000000
1 13 7 0.000000
1 13 8 0.000000
1 13 9 0.000000
1 13 10 0.000000
1 13 11 0.000000
1 13 12 0.000000
1 13 13 0.000000
1 13 14 0.000000
1 13 15 0.000000
1 14 0 0.000000
1 14 1 0.000000
1 14 2 0.000000
1 14 3 0.000000
1 14 4 0.000000
1 14 5 0.000000
1 14 6 0.000000
1 14 7 0.000000
1 14 8 0.000000
1 14 9 0.000000
1 14 10 0.000000
1 14 11 0.000000
1 14 12 0.000000
1 14 13 0.000000
1 14 14 0.000000
1 14 15 0.000000
1 15 0 0.000000
1 15 1 0.000000
1 15 2 0.000000
1 15 3 0.000000
1 15 4 0.000000
1 15 5 0.000000
1 15 6 0.000000
1 15 7 0.000000
1 15 8 0.000000
1 15 9 0.000000
1 15 10 0.000000
1 15 11 0.000000
1 15 12 0.000000
1 15 13 0.000000
1 15 14 0.000000
1 15 15 0.000000
2 0 0 44.812043
2 0 1 53.797232
2 0 2 43.322321
2 0 3 38.756659
2 0 4 35.875534
2 0 5 40.562359
2 0 6 46.499091
2 0 7 50.571083
2 0 8 52.239300
2 0 9 52.014092
2 0 10 50.180751
2 0 11 46.370535
2 0 12 41.691688
2 0 13 35.358852
2 0 14 25.903448
2 0 15 27.199829
2 1 0 28.319795
2 1 1 21.828818
2 1 2 27.716175
2 1 3 21.638180
2 1 4 17.293199
2 1 5 27.335751
2 1 6 35.143242
2 1 7 37.468313
2 1 8 38.511945
2 1 9 38.651194
2 1 10 35.533966
2 1 11 34.131139
2 1 12 31.000618
2 1 13 26.009282
2 1 14 20.656683
2 1 15 20.373314
2 2 0 18.672487
2 2 1 16.636276
2 2 2 18.784178
2 2 3 16.180511
2 2 4 15.609801
2 2 5 18.396192
2 2 6 27.123720
2 2 7 26.895071
2 2 8 27.170640
2 2 9 26.489601
2 2 10 23.245179
2 2 11 25.087821
2 2 12 22.729542
2 2 13 18.611781
2 2 14 9.846961
2 2 15 14.906112
2 3 0 9.140756
2 3 1 0.000000
2 3 2 8.080796
2 3 3 8.798396
2 3 4 10.585878
2 3 5 8.582504
2 3 6 0.000000
2 3 7 13.780856
2 3 8 13.946144
2 3 9 9.851842
2 3 10 0.000000
2 3 11 11.184518
2 3 12 16.258416
2 3 13 11.642177
2 3 14 8.016966
2 3 15 11.736728
2 4 0 11.697980
2 4 1 4.436491
2 4 2 5.816980
2 4 3 0.000000
2 4 4 7.466421
2 4 5 0.000000
2 4 6 -0.660649
2 4 7 9.672293
2 4 8 10.651449
2 4 9 5.922580
2 4 10 4.331958
2 4 11 5.319601
2 4 12 12.201045
2 4 13 6.878483
2 4 14 0.000000
2 4 15 8.070590
2 5 0 16.687471
2 5 1 0.000000
2 5 2 0.000000
2 5 3 0.000000
2 5 4 0.000000
2 5 5 0.000000
2 5 6 2.655217
2 5 7 0.000000
2 5 8 0.000000
2 5 9 8.854272
2 5 10 0.000000
2 5 11 0.000000
2 5 12 0.000000
2 5 13 5.974788
2 5 14 0.000000
2 5 15 0.000000
2 6 0 0.000000
2 6 1 0.000000
2 6 2 0.000000
2 6 3 0.000000
2 6 4 0.000000
2 6 5 0.000000
2 6 6 0.000000
2 6 7 0.000000
2 6 8 0.000000
2 6 9 0.000000
2 6 10 0.000000
2 6 11 0.000000
2 6 12 0.000000
2 6 13 0.000000
2 6 14 0.000000
2 6 15 0.000000
2 7 0 0.000000
2 7 1 0.000000
2 7 2 0.000000
2 7 3 0.000000
2 7 4 0.000000
2 7 5 0.000000
2 7 6 0.000000
2 7 7 0.000000
2 7 8 0.000000
2 7 9 0.000000
2 7 10 0.000000
2 7 11 0.000000
2 7 12 0.000000
2 7 13 0.000000
2 7 14 0.000000
2 7 15 0.000000
2 8 0 0.000000
2 8 1 0.000000
2 8 2 0.000000
2 8 3 0.000000
2 8 4 0.000000
2 8 5 0.000000
2 8 6 0.000000
2 8 7 0.000000
2 8 8 0.000000
2 8 9 0.000000
2 8 10 0.000000
2 8 11 0.000000
2 8 12 0.000000
2 8 13 0.000000
2 8 14 0.000000
2 8 15 0.000000
2 9 0 0.000000
2 9 1 0.000000
2 9 2 0.000000
2 9 3 0.000000
2 9 4 0.000000
2 9 5 0.000000
2 9 6 0.000000
2 9 7 0.000000
2 9 8 0.000000
2 9 9 0.000000
2 9 10 0.000000
2 9 11 0.000000
2 9 12 0.000000
2 9 13 0.000000
2 9 14 0.000000
2 9 15 0.000000
2 10 0 0.000000
2 10 1 0.000000
2 10 2 0.000000
2 10 3 0.000000
2 10 4 0.000000
2 10 5 0.000000
2 10 6 0.000000
2 10 7 0.000000
2 10 8 0.000000
2 10 9 0.000000
2 10 10 0.000000
2 10 11 0.000000
2 10 12 0.000000
2 10 13 0.000000
2 10 14 0.000000
2 10 15 0.000000
2 11 0 0.000000
2 11 1 0.000000
2 11 2 0.000000
2 11 3 0.000000
2 11 4 0.000000
2 11 5 0.000000
2 11 6 0.000000
2 11 7 0.000000
2 11 8 0.000000
2 11 9 0.000000
2 11 10 0.000000
2 11 11 0.000000
2 11 12 0.000000
2 11 13 0.000000
2 11 14 0.000000
2 11 15 0.000000
2 12 0 0.000000
2 12 1 0.000000
2 12 2 0.000000
2 12 3 0.000000
2 12 4 0.000000
2 12 5 0.000000
2 12 6 0.000000
2 12 7 0.000000
2 12 8 0.000000
2 12 9 0.000000
2 12 10 0.000000
2 12 11 0.000000
2 12 12 0.000000
2 12 13 0.000000
2 12 14 0.000000
2 12 15 0.000000
2 13 0 0.000000
2 13 1 0.000000
2 13 2 0.000000
2 13 3 0.000000
2 13 4 0.000000
2 13 5 0.000000
2 13 6 0.000000
2 13 7 0.000000
2 13 8 0.000000
2 13 9 0.000000
2 13 10 0.000000
2 13 11 0.000000
2 13 12 0.000000
2 13 13 0.000000
2 13 14 0.000000
2 13 15 0.000000
2 14 0 0.000000
2 14 1 0.000000
2 14 2 0.000000
2 14 3 0.000000
2 14 4 0.000000
2 14 5 0.000000
2 14 6 0.000000
2 14 7 0.000000
2 14 8 0.000000
2 14 9 0.000000
2 14 10 0.000000
2 14 11 0.000000
2 14 12 0.000000
2 14 13 0.000000
2 14 14 0.000000
2 14 15 0.000000
2 15 0 0.000000
2 15 1 0.000000
2 15 2 0.000000
2 15 3 0.000000
2 15 4 0.000000
2 15 5 0.000000
2 15 6 0.000000
2 15 7 0.000000
2 15 8 0.000000
2 15 9 0.000000
2 15 10 0.000000
2 15 11 0.000000
2 15 12 0.000000
2 15 13 0.000000
2 15 14 0.000000
2 15 15 0.000000
3 0 0 40.684403
3 0 1 43.250232
3 0 2 41.991861
3 0 3 41.616564
3 0 4 35.531163
3 0 5 41.685364
3 0 6 48.980528
3 0 7 51.977098
3 0 8 51.775320
3 0 9 51.108963
3 0 10 48.409263
3 0 11 46.150189
3 0 12 45.215306
3 0 13 41.259107
3 0 14 34.740950
3 0 15 33.506569
3 1 0 26.480288
3 1 1 22.658340
3 1 2 27.997531
3 1 3 24.400904
3 1 4 0.000000
3 1 5 25.181289
3 1 6 37.386880
3 1 7 37.320921
3 1 8 38.867901
3 1 9 38.242075
3 1 10 35.644886
3 1 11 32.058711
3 1 12 28.313216
3 1 13 26.910323
3 1 14 22.896051
3 1 15 24.029512
3 2 0 18.520298
3 2 1 13.912504
3 2 2 23.643773
3 2 3 22.853441
3 2 4 12.111720
3 2 5 13.757135
3 2 6 21.245513
3 2 7 27.018859
3 2 8 28.423935
3 2 9 27.281176
3 2 10 23.191546
3 2 11 20.037323
3 2 12 17.339660
3 2 13 13.871028
3 2 14 0.000000
3 2 15 14.368256
3 3 0 12.136757
3 3 1 6.509861
3 3 2 0.000000
3 3 3 9.175283
3 3 4 9.073288
3 3 5 7.930955
3 3 6 10.679778
3 3 7 17.723507
3 3 8 17.735001
3 3 9 19.331872
3 3 10 10.859440
3 3 11 9.944314
3 3 12 11.709388
3 3 13 9.343017
3 3 14 3.806301
3 3 15 11.985035
3 4 0 13.738427
3 4 1 9.018465
3 4 2 4.282493
3 4 3 8.439449
3 4 4 6.249664
3 4 5 6.969936
3 4 6 9.107356
3 4 7 10.590745
3 4 8 0.000000
3 4 9 0.000000
3 4 10 4.782313
3 4 11 0.000000
3 4 12 9.471216
3 4 13 7.712865
3 4 14 6.851611
3 4 15 11.841119
3 5 0 14.147312
3 5 1 0.000000
3 5 2 0.000000
3 5 3 0.000000
3 5 4 0.000000
3 5 5 0.000000
3 5 6 0.000000
3 5 7 0.000000
3 5 8 0.000000
3 5 9 0.000000
3 5 10 6.770094
3 5 11 0.000000
3 5 12 0.000000
3 5 13 0.000000
3 5 14 8.173656
3 5 15 9.334462
3 6 0 0.000000
3 6 1 0.000000
3 6 2 0.000000
3 6 3 0.000000
3 6 4 0.000000
3 6 5 0.000000
3 6 6 0.000000
3 6 7 0.000000
3 6 8 0.000000
3 6 9 0.000000
3 6 10 0.000000
3 6 11 0.000000
3 6 12 0.000000
3 6 13 0.000000
3 6 14 0.000000
3 6 15 0.000000
3 7 0 0.000000
3 7 1 0.000000
3 7 2 0.000000
3 7 3 0.000000
3 7 4 0.000000
3 7 5 0.000000
3 7 6 0.000000
3 7 7 0.000000
3 7 8 0.000000
3 7 9 0.000000
3 7 10 0.000000
3 7 11 0.000000
3 7 12 0.000000
3 7 13 0.000000
3 7 14 0.000000
3 7 15 0.000000
3 8 0 0.000000
3 8 1 0.000000
3 8 2 0.000000
3 8 3 0.000000
3 8 4 0.000000
3 8 5 0.000000
3 8 6 0.000000
3 8 7 0.000000
3 8 8 0.000000
3 8 9 0.000000
3 8 10 0.000000
3 8 11 0.000000
3 8 12 0.000000
3 8 13 0.000000
3 8 14 0.000000
3 8 15 0.000000
3 9 0 0.000000
3 9 1 0.000000
3 9 2 0.000000
3 9 3 0.000000
3 9 4 0.000000
3 9 5 0.000000
3 9 6 0.000000
3 9 7 0.000000
3 9 8 0.000000
3 9 9 0.000000
3 9 10 0.000000
3 9 11 0.000000
3 9 12 0.000000
3 9 13 0.000000
3 9 14 0.000000
3 9 15 0.000000
3 10 0 0.000000
3 10 1 0.000000
3 10 2 0.000000
3 10 3 0.000000
3 10 4 0.000000
3 10 5 0.000000
3 10 6 0.000000
3 10 7 0.000000
3 10 8 0.000000
3 10 9 0.000000
3 10 10 0.000000
3 10 11 0.000000
3 10 12 0.000000
3 10 13 0.000000
3 10 14 0.000000
3 10 15 0.000000
3 11 0 0.000000
3 11 1 0.000000
3 11 2 0.000000
3 11 3 0.000000
3 11 4 0.000000
3 11 5 0.000000
3 11 6 0.000000
3 11 7 0.000000
3 11 8 0.000000
3 11 9 0.000000
3 11 10 0.000000
3 11 11 0.000000
3 11 12 0.000000
3 11 13 0.000000
3 11 14 0.000000
3 11 15 0.000000
3 12 0 0.000000
3 12 1 0.000000
3 12 2 0.000000
3 12 3 0.000000
3 12 4 0.000000
3 12 5 0.000000
3 12 6 0.000000
3 12 7 0.000000
3 12 8 0.000000
3 12 9 0.000000
3 12 10 0.000000
3 12 11 0.000000
3 12 12 0.000000
3 12 13 0.000000
3 12 14 0.000000
3 12 15 0.000000
3 13 0 0.000000
3 13 1 0.000000
3 13 2 0.000000
3 13 3 0.000000
3 13 4 0.000000
3 13 5 0.000000
3 13 6 0.000000
3 13 7 0.000000
3 13 8 0.000000
3 13 9 0.000000
3 13 10 0.000000
3 13 11 0.000000
3 13 12 0.000000
3 13 13 0.000000
3 13 14 0.000000
3 13 15 0.000000
3 14 0 0.000000
3 14 1 0.000000
3 14 2 0.000000
3 14 3 0.000000
3 14 4 0.000000
3 14 5 0.000000
3 14 6 0.000000
3 14 7 0.000000
3 14 8 0.000000
3 14 9 0.000000
3 14 10 0.000000
3 14 11 0.000000
3 14 12 0.000000
3 14 13 0.000000
3 14 14 0.000000
3 14 15 0.000000
3 15 0 0.000000
3 15 1 0.000000
3 15 2 0.000000
3 15 3 0.000000
3 15 4 0.000000
3 15 5 0.000000
3 15 6 0.000000
3 15 7 0.000000
3 15 8 0.000000
3 15 9 0.000000
3 15 10 0.000000
3 15 11 0.000000
3 15 12 0.000000
3 15 13 0.000000
3 15 14 0.000000
3 15 15 0.000000
4 0 0 39.532469
4 0 1 38.747137
4 0 2 42.235414
4 0 3 44.861136
4 0 4 42.251332
4 0 5 43.778280
4 0 6 47.574360
4 0 7 51.336163
4 0 8 51.327799
4 0 9 50.963050
4 0 10 48.668231
4 0 11 45.067632
4 0 12 41.206659
4 0 13 44.057564
4 0 14 39.540322
4 0 15 38.566738
4 1 0 22.924579
4 1 1 0.000000
4 1 2 25.907399
4 1 3 32.916522
4 1 4 22.735368
4 1 5 28.178024
4 1 6 34.927998
4 1 7 38.054257
4 1 8 38.862662
4 1 9 36.001276
4 1 10 32.948576
4 1 11 26.999770
4 1 12 23.029252
4 1 13 27.853116
4 1 14 26.738995
4 1 15 28.293805
4 2 0 14.511591
4 2 1 0.000000
4 2 2 22.744259
4 2 3 47.433119
4 2 4 18.006515
4 2 5 0.000000
4 2 6 22.575428
4 2 7 27.931605
4 2 8 27.917368
4 2 9 24.394610
4 2 10 18.239095
4 2 11 13.221845
4 2 12 13.267763
4 2 13 12.174155
4 2 14 15.671643
4 2 15 18.998195
4 3 0 7.531338
4 3 1 3.363681
4 3 2 0.000000
4 3 3 0.000000
4 3 4 9.572171
4 3 5 0.000000
4 3 6 16.352580
4 3 7 18.469665
4 3 8 14.618098
4 3 9 16.039173
4 3 10 9.192626
4 3 11 0.000000
4 3 12 8.363141
4 3 13 9.618670
4 3 14 13.222444
4 3 15 15.647088
4 4 0 8.495395
4 4 1 0.000000
4 4 2 2.040286
4 4 3 3.773896
4 4 4 0.000000
4 4 5 5.962732
4 4 6 16.266458
4 4 7 15.601042
4 4 8 8.545600
4 4 9 11.490340
4 4 10 0.000000
4 4 11 0.847312
4 4 12 7.240811
4 4 13 0.000000
4 4 14 11.904866
4 4 15 15.651643
4 5 0 11.704321
4 5 1 0.000000
4 5 2 0.000000
4 5 3 0.000000
4 5 4 0.000000
4 5 5 0.000000
4 5 6 0.000000
4 5 7 0.000000
4 5 8 7.719665
4 5 9 0.000000
4 5 10 0.000000
4 5 11 0.000000
4 5 12 5.709839
4 5 13 0.000000
4 5 14 12.716268
4 5 15 18.157409
4 6 0 0.000000
4 6 1 0.000000
4 6 2 0.000000
4 6 3 0.000000
4 6 4 0.000000
4 6 5 0.000000
4 6 6 0.000000
4 6 7 0.000000
4 6 8 0.000000
4 6 9 0.000000
4 6 10 0.000000
4 6 11 0.000000
4 6 12 0.000000
4 6 13 0.000000
4 6 14 0.000000
4 6 15 0.000000
4 7 0 0.000000
4 7 1 0.000000
4 7 2 0.000000
4 7 3 0.000000
4 7 4 0.000000
4 7 5 0.000000
4 7 6 0.000000
4 7 7 0.000000
4 7 8 0.000000
4 7 9 0.000000
4 7 10 0.000000
4 7 11 0.000000
4 7 12 0.000000
4 7 13 0.000000
4 7 14 0.000000
4 7 15 0.000000
4 8 0 0.000000
4 8 1 0.000000
4 8 2 0.000000
4 8 3 0.000000
4 8 4 0.000000
4 8 5 0.000000
4 8 6 0.000000
4 8 7 0.000000
4 8 8 0.000000
4 8 9 0.000000
4 8 10 0.000000
4 8 11 0.000000
4 8 12 0.000000
4 8 13 0.000000
4 8 14 0.000000
4 8 15 0.000000
4 9 0 0.000000
4 9 1 0.000000
4 9 2 0.000000
4 9 3 0.000000
4 9 4 0.000000
4 9 5 0.000000
4 9 6 0.000000
4 9 7 0.000000
4 9 8 0.000000
4 9 9 0.000000
4 9 10 0.000000
4 9 11 0.000000
4 9 12 0.000000
4 9 13 0.000000
4 9 14 0.000000
4 9 15 0.000000
4 10 0 0.000000
4 10 1 0.000000
4 10 2 0.000000
4 10 3 0.000000
4 10 4 0.000000
4 10 5 0.000000
4 10 6 0.000000
4 10 7 0.000000
4 10 8 0.000000
4 10 9 0.000000
4 10 10 0.000000
4 10 11 0.000000
4 10 12 0.000000
4 10 13 0.000000
4 10 14 0.000000
4 10 15 0.000000
4 11 0 0.000000
4 11 1 0.000000
4 11 2 0.000000
4 11 3 0.000000
4 11 4 0.000000
4 11 5 0.000000
4 11 6 0.000000
4 11 7 0.000000
4 11 8 0.000000
4 11 9 0.000000
4 11 10 0.000000
4 11 11 0.000000
4 11 12 0.000000
4 11 13 0.000000
4 11 14 0.000000
4 11 15 0.000000
4 12 0 0.000000
4 12 1 0.000000
4 12 2 0.000000
4 12 3 0.000000
4 12 4 0.000000
4 12 5 0.000000
4 12 6 0.000000
4 12 7 0.000000
4 12 8 0.000000
4 12 9 0.000000
4 12 10 0.000000
4 12 11 0.000000
4 12 12 0.000000
4 12 13 0.000000
4 12 14 0.000000
4 12 15 0.000000
4 13 0 0.000000
4 13 1 0.000000
4 13 2 0.000000
4 13 3 0.000000
4 13 4 0.000000
4 13 5 0.000000
4 13 6 0.000000
4 13 7 0.000000
4 13 8 0.000000
4 13 9 0.000000
4 13 10 0.000000
4 13 11 0.000000
4 13 12 0.000000
4 13 13 0.000000
4 13 14 0.000000
4 13 15 0.000000
4 14 0 0.000000
4 14 1 0.000000
4 14 2 0.000000
4 14 3 0.000000
4 14 4 0.000000
4 14 5 0.000000
4 14 6 0.000000
4 14 7 0.000000
4 14 8 0.000000
4 14 9 0.000000
4 14 10 0.000000
4 14 11 0.000000
4 14 12 0.000000
4 14 13 0.000000
4 14 14 0.000000
4 14 15 0.000000
4 15 0 0.000000
4 15 1 0.000000
4 15 2 0.000000
4 15 3 0.000000
4 15 4 0.000000
4 15 5 0.000000
4 15 6 0.000000
4 15 7 0.000000
4 15 8 0.000000
4 15 9 0.000000
4 15 10 0.000000
4 15 11 0.000000
4 15 12 0.000000
4 15 13 0.000000
4 15 14 0.000000
4 15 15 0.000000
5 0 0 44.791684
5 0 1 47.411002
5 0 2 46.679925
5 0 3 45.958339
5 0 4 44.793401
5 0 5 44.617384
5 0 6 48.082975
5 0 7 50.845956
5 0 8 50.889366
5 0 9 48.828229
5 0 10 46.028413
5 0 11 41.564980
5 0 12 36.514667
5 0 13 40.274933
5 0 14 43.276145
5 0 15 41.438495
5 1 0 30.693227
5 1 1 25.395193
5 1 2 30.279760
5 1 3 31.075997
5 1 4 23.843475
5 1 5 30.014078
5 1 6 35.556290
5 1 7 37.645226
5 1 8 38.079921
5 1 9 34.940054
5 1 10 30.414893
5 1 11 23.079417
5 1 12 0.000000
5 1 13 24.445321
5 1 14 29.080597
5 1 15 30.382759
5 2 0 21.485565
5 2 1 16.480385
5 2 2 20.402071
5 2 3 23.174640
5 2 4 15.322827
5 2 5 16.682681
5 2 6 25.576292
5 2 7 26.958427
5 2 8 25.015453
5 2 9 22.119170
5 2 10 15.470457
5 2 11 0.000000
5 2 12 6.833807
5 2 13 18.038453
5 2 14 21.242340
5 2 15 22.016041
5 3 0 0.000000
5 3 1 5.870958
5 3 2 0.000000
5 3 3 10.323714
5 3 4 10.370834
5 3 5 12.194538
5 3 6 18.094575
5 3 7 14.629972
5 3 8 0.000000
5 3 9 10.331875
5 3 10 4.596484
5 3 11 -29.837799
5 3 12 2.391393
5 3 13 11.690404
5 3 14 17.564968
5 3 15 18.246572
5 4 0 3.584416
5 4 1 0.000000
5 4 2 4.512249
5 4 3 12.241995
5 4 4 7.686110
5 4 5 12.214901
5 4 6 21.935301
5 4 7 10.950291
5 4 8 4.733746
5 4 9 8.541888
5 4 10 11.011866
5 4 11 -2.116096
5 4 12 5.409239
5 4 13 8.158438
5 4 14 14.649984
5 4 15 15.398386
5 5 0 0.000000
5 5 1 0.000000
5 5 2 0.000000
5 5 3 0.000000
5 5 4 0.000000
5 5 5 0.000000
5 5 6 0.000000
5 5 7 0.000000
5 5 8 0.000000
5 5 9 6.526166
5 5 10 0.000000
5 5 11 5.343905
5 5 12 0.000000
5 5 13 3.728111
5 5 14 0.000000
5 5 15 10.226850
5 6 0 0.000000
5 6 1 0.000000
5 6 2 0.000000
5 6 3 0.000000
5 6 4 0.000000
5 6 5 0.000000
5 6 6 0.000000
5 6 7 0.000000
5 6 8 0.000000
5 6 9 0.000000
5 6 10 0.000000
5 6 11 0.000000
5 6 12 0.000000
5 6 13 0.000000
5 6 14 0.000000
5 6 15 0.000000
5 7 0 0.000000
5 7 1 0.000000
5 7 2 0.000000
5 7 3 0.000000
5 7 4 0.000000
5 7 5 0.000000
5 7 6 0.000000
5 7 7 0.000000
5 7 8 0.000000
5 7 9 0.000000
5 7 10 0.000000
5 7 11 0.000000
5 7 12 0.000000
5 7 13 0.000000
5 7 14 0.000000
5 7 15 0.000000
5 8 0 0.000000
5 8 1 0.000000
5 8 2 0.000000
5 8 3 0.000000
5 8 4 0.000000
5 8 5 0.000000
5 8 6 0.000000
5 8 7 0.000000
5 8 8 0.000000
5 8 9 0.000000
5 8 10 0.000000
5 8 11 0.000000
5 8 12 0.000000
5 8 13 0.000000
5 8 14 0.000000
5 8 15 0.000000
5 9 0 0.000000
5 9 1 0.000000
5 9 2 0.000000
5 9 3 0.000000
5 9 4 0.000000
5 9 5 0.000000
5 9 6 0.000000
5 9 7 0.000000
5 9 8 0.000000
5 9 9 0.000000
5 9 10 0.000000
5 9 11 0.000000
5 9 12 0.000000
5 9 13 0.000000
5 9 14 0.000000
5 9 15 0.000000
5 10 0 0.000000
5 10 1 0.000000
5 10 2 0.000000
5 10 3 0.000000
5 10 4 0.000000
5 10 5 0.000000
5 10 6 0.000000
5 10 7 0.000000
5 10 8 0.000000
5 10 9 0.000000
5 10 10 0.000000
5 10 11 0.000000
5 10 12 0.000000
5 10 13 0.000000
5 10 14 0.000000
5 10 15 0.000000
5 11 0 0.000000
5 11 1 0.000000
5 11 2 0.000000
5 11 3 0.000000
5 11 4 0.000000
5 11 5 0.000000
5 11 6 0.000000
5 11 7 0.000000
5 11 8 0.000000
5 11 9 0.000000
5 11 10 0.000000
5 11 11 0.000000
5 11 12 0.000000
5 11 13 0.000000
5 11 14 0.000000
5 11 15 0.000000
5 12 0 0.000000
5 12 1 0.000000
5 12 2 0.000000
5 12 3 0.000000
5 12 4 0.000000
5 12 5 0.000000
5 12 6 0.000000
5 12 7 0.000000
5 12 8 0.000000
5 12 9 0.000000
5 12 10 0.000000
5 12 11 0.000000
5 12 12 0.000000
5 12 13 0.000000
5 12 14 0.000000
5 12 15 0.000000
5 13 0 0.000000
5 13 1 0.000000
5 13 2 0.000000
5 13 3 0.000000
5 13 4 0.000000
5 13 5 0.000000
5 13 6 0.000000
5 13 7 0.000000
5 13 8 0.000000
5 13 9 0.000000
5 13 10 0.000000
5 13 11 0.000000
5 13 12 0.000000
5 13 13 0.000000
5 13 14 0.000000
5 13 15 0.000000
5 14 0 0.000000
5 14 1 0.000000
5 14 2 0.000000
5 14 3 0.000000
5 14 4 0.000000
5 14 5 0.000000
5 14 6 0.000000
5 14 7 0.000000
5 14 8 0.000000
5 14 9 0.000000
5 14 10 0.000000
5 14 11 0.000000
5 14 12 0.000000
5 14 13 0.000000
5 14 14 0.000000
5 14 15 0.000000
5 15 0 0.000000
5 15 1 0.000000
5 15 2 0.000000
5 15 3 0.000000
5 15 4 0.000000
5 15 5 0.000000
5 15 6 0.000000
5 15 7 0.000000
5 15 8 0.000000
5 15 9 0.000000
5 15 10 0.000000
5 15 11 0.000000
5 15 12 0.000000
5 15 13 0.000000
5 15 14 0.000000
5 15 15 0.000000
6 0 0 50.866426
6 0 1 51.297768
6 0 2 50.498406
6 0 3 46.722011
6 0 4 46.931642
6 0 5 44.320371
6 0 6 48.505018
6 0 7 50.452850
6 0 8 50.242680
6 0 9 48.913533
6 0 10 45.554680
6 0 11 43.023456
6 0 12 41.116203
6 0 13 43.303622
6 0 14 43.471407
6 0 15 42.585474
6 1 0 37.287653
6 1 1 37.635425
6 1 2 36.068282
6 1 3 27.450762
6 1 4 0.000000
6 1 5 26.341620
6 1 6 36.018577
6 1 7 35.462139
6 1 8 35.610174
6 1 9 32.137236
6 1 10 31.092300
6 1 11 27.891457
6 1 12 24.904117
6 1 13 29.280246
6 1 14 32.049772
6 1 15 30.515186
6 2 0 26.805614
6 2 1 29.359630
6 2 2 24.866000
6 2 3 19.116381
6 2 4 0.000000
6 2 5 15.854211
6 2 6 15.902898
6 2 7 22.336860
6 2 8 23.937670
6 2 9 17.035196
6 2 10 18.822212
6 2 11 16.479632
6 2 12 19.289496
6 2 13 23.051930
6 2 14 23.751020
6 2 15 18.772496
6 3 0 12.047274
6 3 1 0.000000
6 3 2 11.386006
6 3 3 14.016975
6 3 4 8.536449
6 3 5 12.614781
6 3 6 9.552803
6 3 7 13.740652
6 3 8 13.780768
6 3 9 0.000000
6 3 10 8.975871
6 3 11 10.112448
6 3 12 13.947656
6 3 13 17.974575
6 3 14 18.089754
6 3 15 16.884269
6 4 0 9.792063
6 4 1 5.606562
6 4 2 13.125836
6 4 3 10.772377
6 4 4 0.000000
6 4 5 10.403782
6 4 6 0.000000
6 4 7 6.059361
6 4 8 0.000000
6 4 9 4.251240
6 4 10 8.938388
6 4 11 0.000000
6 4 12 10.038794
6 4 13 12.258364
6 4 14 11.397561
6 4 15 14.971671
6 5 0 7.958982
6 5 1 0.000000
6 5 2 0.000000
6 5 3 0.000000
6 5 4 0.000000
6 5 5 0.000000
6 5 6 0.000000
6 5 7 0.000000
6 5 8 0.023946
6 5 9 0.000000
6 5 10 8.576144
6 5 11 0.000000
6 5 12 8.105439
6 5 13 0.000000
6 5 14 0.000000
6 5 15 12.581210
6 6 0 0.000000
6 6 1 0.000000
6 6 2 0.000000
6 6 3 0.000000
6 6 4 0.000000
6 6 5 0.000000
6 6 6 0.000000
6 6 7 0.000000
6 6 8 0.000000
6 6 9 0.000000
6 6 10 0.000000
6 6 11 0.000000
6 6 12 0.000000
6 6 13 0.000000
6 6 14 0.000000
6 6 15 0.000000
6 7 0 0.000000
6 7 1 0.000000
6 7 2 0.000000
6 7 3 0.000000
6 7 4 0.000000
6 7 5 0.000000
6 7 6 0.000000
6 7 7 0.000000
6 7 8 0.000000
6 7 9 0.000000
6 7 10 0.000000
6 7 11 0.000000
6 7 12 0.000000
6 7 13 0.000000
6 7 14 0.000000
6 7 15 0.000000
6 8 0 0.000000
6 8 1 0.000000
6 8 2 0.000000
6 8 3 0.000000
6 8 4 0.000000
6 8 5 0.000000
6 8 6 0.000000
6 8 7 0.000000
6 8 8 0.000000
6 8 9 0.000000
6 8 10 0.000000
6 8 11 0.000000
6 8 12 0.000000
6 8 13 0.000000
6 8 14 0.000000
6 8 15 0.000000
6 9 0 0.000000
6 9 1 0.000000
6 9 2 0.000000
6 9 3 0.000000
6 9 4 0.000000
6 9 5 0.000000
6 9 6 0.000000
6 9 7 0.000000
6 9 8 0.000000
6 9 9 0.000000
6 9 10 0.000000
6 9 11 0.000000
6 9 12 0.000000
6 9 13 0.000000
6 9 14 0.000000
6 9 15 0.000000
6 10 0 0.000000
6 10 1 0.000000
6 10 2 0.000000
6 10 3 0.000000
6 10 4 0.000000
6 10 5 0.000000
6 10 6 0.000000
6 10 7 0.000000
6 10 8 0.000000
6 10 9 0.000000
6 10 10 0.000000
6 10 11 0.000000
6 10 12 0.000000
6 10 13 0.000000
6 10 14 0.000000
6 10 15 0.000000
6 11 0 0.000000
6 11 1 0.000000
6 11 2 0.000000
6 11 3 0.000000
6 11 4 0.000000
6 11 5 0.000000
6 11 6 0.000000
6 11 7 0.000000
6 11 8 0.000000
6 11 9 0.000000
6 11 10 0.000000
6 11 11 0.000000
6 11 12 0.000000
6 11 13 0.000000
6 11 14 0.000000
6 11 15 0.000000
6 12 0 0.000000
6 12 1 0.000000
6 12 2 0.000000
6 12 3 0.000000
6 12 4 0.000000
6 12 5 0.000000
6 12 6 0.000000
6 12 7 0.000000
6 12 8 0.000000
6 12 9 0.000000
6 12 10 0.000000
6 12 11 0.000000
6 12 12 0.000000
6 12 13 0.000000
6 12 14 0.000000
6 12 15 0.000000
6 13 0 0.000000
6 13 1 0.000000
6 13 2 0.000000
6 13 3 0.000000
6 13 4 0.000000
6 13 5 0.000000
6 13 6 0.000000
6 13 7 0.000000
6 13 8 0.000000
6 13 9 0.000000
6 13 10 0.000000
6 13 11 0.000000
6 13 12 0.000000
6 13 13 0.000000
6 13 14 0.000000
6 13 15 0.000000
6 14 0 0.000000
6 14 1 0.000000
6 14 2 0.000000
6 14 3 0.000000
6 14 4 0.000000
6 14 5 0.000000
6 14 6 0.000000
6 14 7 0.000000
6 14 8 0.000000
6 14 9 0.000000
6 14 10 0.000000
6 14 11 0.000000
6 14 12 0.000000
6 14 13 0.000000
6 14 14 0.000000
6 14 15 0.000000
6 15 0 0.000000
6 15 1 0.000000
6 15 2 0.000000
6 15 3 0.000000
6 15 4 0.000000
6 15 5 0.000000
6 15 6 0.000000
6 15 7 0.000000
6 15 8 0.000000
6 15 9 0.000000
6 15 10 0.000000
6 15 11 0.000000
6 15 12 0.000000
6 15 13 0.000000
6 15 14 0.000000
6 15 15 0.000000
7 0 0 55.095612
7 0 1 58.400440
7 0 2 53.147154
7 0 3 49.111785
7 0 4 45.053124
7 0 5 45.416794
7 0 6 49.098627
7 0 7 49.417464
7 0 8 48.637954
7 0 9 46.764015
7 0 10 47.786173
7 0 11 46.739550
7 0 12 45.386980
7 0 13 47.850139
7 0 14 45.602096
7 0 15 45.073133
7 1 0 42.822934
7 1 1 42.348887
7 1 2 40.121860
7 1 3 34.604852
7 1 4 25.711412
7 1 5 29.772189
7 1 6 35.076126
7 1 7 37.439827
7 1 8 34.163557
7 1 9 30.017099
7 1 10 29.813046
7 1 11 31.542026
7 1 12 32.901248
7 1 13 31.765296
7 1 14 32.848835
7 1 15 28.859705
7 2 0 32.783147
7 2 1 32.100358
7 2 2 31.256929
7 2 3 24.719434
7 2 4 14.789050
7 2 5 16.316454
7 2 6 0.000000
7 2 7 16.995099
7 2 8 19.486167
7 2 9 0.000000
7 2 10 18.154204
7 2 11 21.901125
7 2 12 25.613874
7 2 13 24.504181
7 2 14 23.183149
7 2 15 0.000000
7 3 0 22.140306
7 3 1 19.362019
7 3 2 20.992400
7 3 3 19.244348
7 3 4 14.868610
7 3 5 10.779229
7 3 6 -12.202464
7 3 7 8.480123
7 3 8 15.416454
7 3 9 6.037641
7 3 10 15.047927
7 3 11 16.434832
7 3 12 18.573510
7 3 13 18.908518
7 3 14 20.029940
7 3 15 13.339560
7 4 0 14.676616
7 4 1 10.818008
7 4 2 13.976012
7 4 3 18.123363
7 4 4 24.623206
7 4 5 13.271846
7 4 6 0.434056
7 4 7 0.000000
7 4 8 0.000000
7 4 9 7.990792
7 4 10 17.308887
7 4 11 13.172868
7 4 12 10.906550
7 4 13 0.000000
7 4 14 0.000000
7 4 15 13.477559
7 5 0 0.000000
7 5 1 7.144118
7 5 2 0.000000
7 5 3 0.000000
7 5 4 0.000000
7 5 5 0.000000
7 5 6 4.561879
7 5 7 1.438399
7 5 8 0.224529
7 5 9 0.000000
7 5 10 0.000000
7 5 11 10.027943
7 5 12 11.462563
7 5 13 0.000000
7 5 14 3.731249
7 5 15 16.126607
7 6 0 0.000000
7 6 1 0.000000
7 6 2 0.000000
7 6 3 0.000000
7 6 4 0.000000
7 6 5 0.000000
7 6 6 0.000000
7 6 7 0.000000
7 6 8 0.000000
7 6 9 0.000000
7 6 10 0.000000
7 6 11 0.000000
7 6 12 0.000000
7 6 13 0.000000
7 6 14 6.294677
7 6 15 0.000000
7 7 0 0.000000
7 7 1 0.000000
7 7 2 0.000000
7 7 3 0.000000
7 7 4 0.000000
7 7 5 0.000000
7 7 6 0.000000
7 7 7 0.000000
7 7 8 0.000000
7 7 9 0.000000
7 7 10 0.000000
7 7 11 0.000000
7 7 12 0.000000
7 7 13 0.000000
7 7 14 0.000000
7 7 15 0.000000
7 8 0 0.000000
7 8 1 0.000000
7 8 2 0.000000
7 8 3 0.000000
7 8 4 0.000000
7 8 5 0.000000
7 8 6 0.000000
7 8 7 0.000000
7 8 8 0.000000
7 8 9 0.000000
7 8 10 0.000000
7 8 11 0.000000
7 8 12 0.000000
7 8 13 0.000000
7 8 14 0.000000
7 8 15 0.000000
7 9 0 0.000000
7 9 1 0.000000
7 9 2 0.000000
7 9 3 0.000000
7 9 4 0.000000
7 9 5 0.000000
7 9 6 0.000000
7 9 7 0.000000
7 9 8 0.000000
7 9 9 0.000000
7 9 10 0.000000
7 9 11 0.000000
7 9 12 0.000000
7 9 13 0.000000
7 9 14 0.000000
7 9 15 0.000000
7 10 0 0.000000
7 10 1 0.000000
7 10 2 0.000000
7 10 3 0.000000
7 10 4 0.000000
7 10 5 0.000000
7 10 6 0.000000
7 10 7 0.000000
7 10 8 0.000000
7 10 9 0.000000
7 10 10 0.000000
7 10 11 0.000000
7 10 12 0.000000
7 10 13 0.000000
7 10 14 0.000000
7 10 15 0.000000
7 11 0 0.000000
7 11 1 0.000000
7 11 2 0.000000
7 11 3 0.000000
7 11 4 0.000000
7 11 5 0.000000
7 11 6 0.000000
7 11 7 0.000000
7 11 8 0.000000
7 11 9 0.000000
7 11 10 0.000000
7 11 11 0.000000
7 11 12 0.000000
7 11 13 0.000000
7 11 14 0.000000
7 11 15 0.000000
7 12 0 0.000000
7 12 1 0.000000
7 12 2 0.000000
7 12 3 0.000000
7 12 4 0.000000
7 12 5 0.000000
7 12 6 0.000000
7 12 7 0.000000
7 12 8 0.000000
7 12 9 0.000000
7 12 10 0.000000
7 12 11 0.000000
7 12 12 0.000000
7 12 13 0.000000
7 12 14 0.000000
7 12 15 0.000000
7 13 0 0.000000
7 13 1 0.000000
7 13 2 0.000000
7 13 3 0.000000
7 13 4 0.000000
7 13 5 0.000000
7 13 6 0.000000
7 13 7 0.000000
7 13 8 0.000000
7 13 9 0.000000
7 13 10 0.000000
7 13 11 0.000000
7 13 12 0.000000
7 13 13 0.000000
7 13 14 0.000000
7 13 15 0.000000
7 14 0 0.000000
7 14 1 0.000000
7 14 2 0.000000
7 14 3 0.000000
7 14 4 0.000000
7 14 5 0.000000
7 14 6 0.000000
7 14 7 0.000000
7 14 8 0.000000
7 14 9 0.000000
7 14 10 0.000000
7 14 11 0.000000
7 14 12 0.000000
7 14 13 0.000000
7 14 14 0.000000
7 14 15 0.000000
7 15 0 0.000000
7 15 1 0.000000
7 15 2 0.000000
7 15 3 0.000000
7 15 4 0.000000
7 15 5 0.000000
7 15 6 0.000000
7 15 7 0.000000
7 15 8 0.000000
7 15 9 0.000000
7 15 10 0.000000
7 15 11 0.000000
7 15 12 0.000000
7 15 13 0.000000
7 15 14 0.000000
7 15 15 0.000000
8 0 0 59.072739
8 0 1 59.746861
8 0 2 56.029262
8 0 3 51.734524
8 0 4 45.252033
8 0 5 45.180647
8 0 6 47.677628
8 0 7 49.013177
8 0 8 48.631263
8 0 9 46.683434
8 0 10 46.532838
8 0 11 46.214743
8 0 12 46.422468
8 0 13 47.876836
8 0 14 46.296009
8 0 15 44.843949
8 1 0 46.926193
8 1 1 46.611216
8 1 2 43.964282
8 1 3 37.531595
8 1 4 28.428727
8 1 5 32.594186
8 1 6 33.751258
8 1 7 35.431892
8 1 8 34.110759
8 1 9 32.881309
8 1 10 33.885848
8 1 11 34.919416
8 1 12 35.525542
8 1 13 35.246205
8 1 14 34.796974
8 1 15 32.714919
8 2 0 38.539859
8 2 1 37.888855
8 2 2 36.736872
8 2 3 24.185163
8 2 4 0.000000
8 2 5 23.180044
8 2 6 20.517335
8 2 7 22.832020
8 2 8 22.746284
8 2 9 18.333704
8 2 10 23.965239
8 2 11 27.484737
8 2 12 28.011344
8 2 13 26.412050
8 2 14 24.782572
8 2 15 20.298220
8 3 0 30.009688
8 3 1 30.553387
8 3 2 28.256210
8 3 3 19.475313
8 3 4 9.409171
8 3 5 14.434355
8 3 6 12.863352
8 3 7 14.615603
8 3 8 13.224332
8 3 9 0.000000
8 3 10 15.482732
8 3 11 17.377926
8 3 12 18.469049
8 3 13 17.883351
8 3 14 19.803613
8 3 15 19.394501
8 4 0 18.204836
8 4 1 0.000000
8 4 2 14.836874
8 4 3 11.934340
8 4 4 13.057161
8 4 5 10.395633
8 4 6 10.806425
8 4 7 6.353465
8 4 8 7.047599
8 4 9 8.759559
8 4 10 17.361673
8 4 11 13.565968
8 4 12 13.218333
8 4 13 9.736015
8 4 14 10.502568
8 4 15 18.405804
8 5 0 16.224094
8 5 1 7.971265
8 5 2 8.345543
8 5 3 0.000000
8 5 4 0.000000
8 5 5 8.699155
8 5 6 0.000000
8 5 7 3.862014
8 5 8 0.000000
8 5 9 8.939752
8 5 10 0.000000
8 5 11 0.000000
8 5 12 13.905929
8 5 13 10.002531
8 5 14 8.633214
8 5 15 7.490644
8 6 0 0.000000
8 6 1 0.000000
8 6 2 0.000000
8 6 3 0.000000
8 6 4 0.000000
8 6 5 0.000000
8 6 6 0.000000
8 6 7 0.000000
8 6 8 0.000000
8 6 9 0.000000
8 6 10 0.000000
8 6 11 0.000000
8 6 12 0.000000
8 6 13 0.000000
8 6 14 0.000000
8 6 15 7.700708
8 7 0 0.000000
8 7 1 0.000000
8 7 2 0.000000
8 7 3 0.000000
8 7 4 0.000000
8 7 5 0.000000
8 7 6 0.000000
8 7 7 0.000000
8 7 8 0.000000
8 7 9 0.000000
8 7 10 0.000000
8 7 11 0.000000
8 7 12 0.000000
8 7 13 0.000000
8 7 14 0.000000
8 7 15 0.000000
8 8 0 0.000000
8 8 1 0.000000
8 8 2 0.000000
8 8 3 0.000000
8 8 4 0.000000
8 8 5 0.000000
8 8 6 0.000000
8 8 7 0.000000
8 8 8 0.000000
8 8 9 0.000000
8 8 10 0.000000
8 8 11 0.000000
8 8 12 0.000000
8 8 13 0.000000
8 8 14 0.000000
8 8 15 0.000000
8 9 0 0.000000
8 9 1 0.000000
8 9 2 0.000000
8 9 3 0.000000
8 9 4 0.000000
8 9 5 0.000000
8 9 6 0.000000
8 9 7 0.000000
8 9 8 0.000000
8 9 9 0.000000
8 9 10 0.000000
8 9 11 0.000000
8 9 12 0.000000
8 9 13 0.000000
8 9 14 0.000000
8 9 15 0.000000
8 10 0 0.000000
8 10 1 0.000000
8 10 2 0.000000
8 10 3 0.000000
8 10 4 0.000000
8 10 5 0.000000
8 10 6 0.000000
8 10 7 0.000000
8 10 8 0.000000
8 10 9 0.000000
8 10 10 0.000000
8 10 11 0.000000
8 10 12 0.000000
8 10 13 0.000000
8 10 14 0.000000
8 10 15 0.000000
8 11 0 0.000000
8 11 1 0.000000
8 11 2 0.000000
8 11 3 0.000000
8 11 4 0.000000
8 11 5 0.000000
8 11 6 0.000000
8 11 7 0.000000
8 11 8 0.000000
8 11 9 0.000000
8 11 10 0.000000
8 11 11 0.000000
8 11 12 0.000000
8 11 13 0.000000
8 11 14 0.000000
8 11 15 0.000000
8 12 0 0.000000
8 12 1 0.000000
8 12 2 0.000000
8 12 3 0.000000
8 12 4 0.000000
8 12 5 0.000000
8 12 6 0.000000
8 12 7 0.000000
8 12 8 0.000000
8 12 9 0.000000
8 12 10 0.000000
8 12 11 0.000000
8 12 12 0.000000
8 12 13 0.000000
8 12 14 0.000000
8 12 15 0.000000
8 13 0 0.000000
8 13 1 0.000000
8 13 2 0.000000
8 13 3 0.000000
8 13 4 0.000000
8 13 5 0.000000
8 13 6 0.000000
8 13 7 0.000000
8 13 8 0.000000
8 13 9 0.000000
8 13 10 0.000000
8 13 11 0.000000
8 13 12 0.000000
8 13 13 0.000000
8 13 14 0.000000
8 13 15 0.000000
8 14 0 0.000000
8 14 1 0.000000
8 14 2 0.000000
8 14 3 0.000000
8 14 4 0.000000
8 14 5 0.000000
8 14 6 0.000000
8 14 7 0.000000
8 14 8 0.000000
8 14 9 0.000000
8 14 10 0.000000
8 14 11 0.000000
8 14 12 0.000000
8 14 13 0.000000
8 14 14 0.000000
8 14 15 0.000000
8 15 0 0.000000
8 15 1 0.000000
8 15 2 0.000000
8 15 3 0.000000
8 15 4 0.000000
8 15 5 0.000000
8 15 6 0.000000
8 15 7 0.000000
8 15 8 0.000000
8 15 9 0.000000
8 15 10 0.000000
8 15 11 0.000000
8 15 12 0.000000
8 15 13 0.000000
8 15 14 0.000000
8 15 15 0.000000
9 0 0 61.336776
9 0 1 62.606230
9 0 2 59.185183
9 0 3 53.939887
9 0 4 45.222632
9 0 5 44.978233
9 0 6 46.875566
9 0 7 47.927066
9 0 8 48.035692
9 0 9 46.919779
9 0 10 46.974539
9 0 11 47.420858
9 0 12 46.134731
9 0 13 47.080467
9 0 14 46.895689
9 0 15 45.552411
9 1 0 50.685436
9 1 1 49.709932
9 1 2 45.497375
9 1 3 37.366115
9 1 4 27.215958
9 1 5 33.057253
9 1 6 35.562010
9 1 7 36.726471
9 1 8 36.710405
9 1 9 35.086334
9 1 10 35.807248
9 1 11 34.824094
9 1 12 35.331320
9 1 13 35.192117
9 1 14 35.230598
9 1 15 35.366538
9 2 0 42.313267
9 2 1 42.385233
9 2 2 39.852274
9 2 3 29.518938
9 2 4 21.180821
9 2 5 29.347192
9 2 6 27.919664
9 2 7 28.268034
9 2 8 27.645428
9 2 9 24.043869
9 2 10 25.796671
9 2 11 25.780760
9 2 12 27.171697
9 2 13 22.895489
9 2 14 24.590076
9 2 15 25.049493
9 3 0 34.386878
9 3 1 34.412751
9 3 2 38.598994
9 3 3 23.096124
9 3 4 20.154508
9 3 5 38.479282
9 3 6 22.891230
9 3 7 22.749201
9 3 8 18.073995
9 3 9 14.435857
9 3 10 13.509176
9 3 11 17.335113
9 3 12 16.041264
9 3 13 14.045877
9 3 14 17.679307
9 3 15 18.442562
9 4 0 28.380771
9 4 1 24.311086
9 4 2 35.871413
9 4 3 0.000000
9 4 4 10.303436
9 4 5 0.000000
9 4 6 9.377137
9 4 7 0.000000
9 4 8 12.438904
9 4 9 13.187018
9 4 10 12.895923
9 4 11 15.836794
9 4 12 12.216790
9 4 13 9.517844
9 4 14 0.000000
9 4 15 11.106165
9 5 0 22.387385
9 5 1 16.205200
9 5 2 0.000000
9 5 3 1.259160
9 5 4 7.647461
9 5 5 0.000000
9 5 6 7.152348
9 5 7 0.000000
9 5 8 0.000000
9 5 9 0.000000
9 5 10 11.811118
9 5 11 13.161836
9 5 12 12.538711
9 5 13 14.109938
9 5 14 4.609918
9 5 15 0.000000
9 6 0 0.000000
9 6 1 0.000000
9 6 2 0.000000
9 6 3 0.000000
9 6 4 0.000000
9 6 5 0.000000
9 6 6 0.000000
9 6 7 0.000000
9 6 8 0.000000
9 6 9 0.000000
9 6 10 0.000000
9 6 11 0.000000
9 6 12 0.000000
9 6 13 0.000000
9 6 14 0.000000
9 6 15 3.545655
9 7 0 0.000000
9 7 1 0.000000
9 7 2 0.000000
9 7 3 0.000000
9 7 4 0.000000
9 7 5 0.000000
9 7 6 0.000000
9 7 7 0.000000
9 7 8 0.000000
9 7 9 0.000000
9 7 10 0.000000
9 7 11 0.000000
9 7 12 0.000000
9 7 13 0.000000
9 7 14 0.000000
9 7 15 0.000000
9 8 0 0.000000
9 8 1 0.000000
9 8 2 0.000000
9 8 3 0.000000
9 8 4 0.000000
9 8 5 0.000000
9 8 6 0.000000
9 8 7 0.000000
9 8 8 0.000000
9 8 9 0.000000
9 8 10 0.000000
9 8 11 0.000000
9 8 12 0.000000
9 8 13 0.000000
9 8 14 0.000000
9 8 15 0.000000
9 9 0 0.000000
9 9 1 0.000000
9 9 2 0.000000
9 9 3 0.000000
9 9 4 0.000000
9 9 5 0.000000
9 9 6 0.000000
9 9 7 0.000000
9 9 8 0.000000
9 9 9 0.000000
9 9 10 0.000000
9 9 11 0.000000
9 9 12 0.000000
9 9 13 0.000000
9 9 14 0.000000
9 9 15 0.000000
9 10 0 0.000000
9 10 1 0.000000
9 10 2 0.000000
9 10 3 0.000000
9 10 4 0.000000
9 10 5 0.000000
9 10 6 0.000000
9 10 7 0.000000
9 10 8 0.000000
9 10 9 0.000000
9 10 10 0.000000
9 10 11 0.000000
9 10 12 0.000000
9 10 13 0.000000
9 10 14 0.000000
9 10 15 0.000000
9 11 0 0.000000
9 11 1 0.000000
9 11 2 0.000000
9 11 3 0.000000
9 11 4 0.000000
9 11 5 0.000000
9 11 6 0.000000
9 11 7 0.000000
9 11 8 0.000000
9 11 9 0.000000
9 11 10 0.000000
9 11 11 0.000000
9 11 12 0.000000
9 11 13 0.000000
9 11 14 0.000000
9 11 15 0.000000
9 12 0 0.000000
9 12 1 0.000000
9 12 2 0.000000
9 12 3 0.000000
9 12 4 0.000000
9 12 5 0.000000
9 12 6 0.000000
9 12 7 0.000000
9 12 8 0.000000
9 12 9 0.000000
9 12 10 0.000000
9 12 11 0.000000
9 12 12 0.000000
9 12 13 0.000000
9 12 14 0.000000
9 12 15 0.000000
9 13 0 0.000000
9 13 1 0.000000
9 13 2 0.000000
9 13 3 0.000000
9 13 4 0.000000
9 13 5 0.000000
9 13 6 0.000000
9 13 7 0.000000
9 13 8 0.000000
9 13 9 0.000000
9 13 10 0.000000
9 13 11 0.000000
9 13 12 0.000000
9 13 13 0.000000
9 13 14 0.000000
9 13 15 0.000000
9 14 0 0.000000
9 14 1 0.000000
9 14 2 0.000000
9 14 3 0.000000
9 14 4 0.000000
9 14 5 0.000000
9 14 6 0.000000
9 14 7 0.000000
9 14 8 0.000000
9 14 9 0.000000
9 14 10 0.000000
9 14 11 0.000000
9 14 12 0.000000
9 14 13 0.000000
9 14 14 0.000000
9 14 15 0.000000
9 15 0 0.000000
9 15 1 0.000000
9 15 2 0.000000
9 15 3 0.000000
9 15 4 0.000000
9 15 5 0.000000
9 15 6 0.000000
9 15 7 0.000000
9 15 8 0.000000
9 15 9 0.000000
9 15 10 0.000000
9 15 11 0.000000
9 15 12 0.000000
9 15 13 0.000000
9 15 14 0.000000
9 15 15 0.000000
10 0 0 64.841943
10 0 1 68.312907
10 0 2 60.197146
10 0 3 52.125711
10 0 4 41.502159
10 0 5 44.584762
10 0 6 47.868995
10 0 7 49.024120
10 0 8 46.919299
10 0 9 45.546785
10 0 10 45.050254
10 0 11 45.959826
10 0 12 45.889762
10 0 13 48.169814
10 0 14 48.701642
10 0 15 46.059665
10 1 0 52.793070
10 1 1 51.792478
10 1 2 48.462285
10 1 3 36.872534
10 1 4 0.000000
10 1 5 28.442047
10 1 6 34.762732
10 1 7 36.348992
10 1 8 35.707235
10 1 9 34.036047
10 1 10 33.572019
10 1 11 34.441464
10 1 12 33.062901
10 1 13 34.294472
10 1 14 35.476760
10 1 15 35.597512
10 2 0 43.820981
10 2 1 41.666791
10 2 2 41.316755
10 2 3 33.882374
10 2 4 15.571436
10 2 5 22.722430
10 2 6 25.268164
10 2 7 26.566501
10 2 8 24.593147
10 2 9 22.741538
10 2 10 25.319320
10 2 11 21.952692
10 2 12 18.929659
10 2 13 0.000000
10 2 14 20.369828
10 2 15 25.104588
10 3 0 35.534284
10 3 1 32.859135
10 3 2 26.871391
10 3 3 19.864568
10 3 4 12.977689
10 3 5 0.000000
10 3 6 14.993631
10 3 7 16.391724
10 3 8 15.168417
10 3 9 11.018600
10 3 10 0.000000
10 3 11 11.355343
10 3 12 10.893594
10 3 13 7.069275
10 3 14 15.235580
10 3 15 18.321611
10 4 0 27.363290
10 4 1 22.604203
10 4 2 19.835098
10 4 3 13.000350
10 4 4 10.097925
10 4 5 5.580285
10 4 6 9.461740
10 4 7 9.066714
10 4 8 7.959525
10 4 9 0.000000
10 4 10 1.708180
10 4 11 10.328559
10 4 12 9.105002
10 4 13 7.904711
10 4 14 9.928582
10 4 15 12.136356
10 5 0 20.403470
10 5 1 13.170529
10 5 2 0.000000
10 5 3 0.000000
10 5 4 5.217509
10 5 5 0.000000
10 5 6 5.685778
10 5 7 10.454886
10 5 8 4.043063
10 5 9 1.944874
10 5 10 7.428909
10 5 11 11.047597
10 5 12 8.635176
10 5 13 0.000000
10 5 14 4.754087
10 5 15 7.598174
10 6 0 0.000000
10 6 1 0.000000
10 6 2 0.000000
10 6 3 0.000000
10 6 4 0.000000
10 6 5 0.000000
10 6 6 0.000000
10 6 7 0.000000
10 6 8 0.000000
10 6 9 0.000000
10 6 10 0.000000
10 6 11 0.000000
10 6 12 0.000000
10 6 13 0.000000
10 6 14 5.152893
10 6 15 10.586453
10 7 0 0.000000
10 7 1 0.000000
10 7 2 0.000000
10 7 3 0.000000
10 7 4 0.000000
10 7 5 0.000000
10 7 6 0.000000
10 7 7 0.000000
10 7 8 0.000000
10 7 9 0.000000
10 7 10 0.000000
10 7 11 0.000000
10 7 12 0.000000
10 7 13 0.000000
10 7 14 0.000000
10 7 15 0.000000
10 8 0 0.000000
10 8 1 0.000000
10 8 2 0.000000
10 8 3 0.000000
10 8 4 0.000000
10 8 5 0.000000
10 8 6 0.000000
10 8 7 0.000000
10 8 8 0.000000
10 8 9 0.000000
10 8 10 0.000000
10 8 11 0.000000
10 8 12 0.000000
10 8 13 0.000000
10 8 14 0.000000
10 8 15 0.000000
10 9 0 0.000000
10 9 1 0.000000
10 9 2 0.000000
10 9 3 0.000000
10 9 4 0.000000
10 9 5 0.000000
10 9 6 0.000000
10 9 7 0.000000
10 9 8 0.000000
10 9 9 0.000000
10 9 10 0.000000
10 9 11 0.000000
10 9 12 0.000000
10 9 13 0.000000
10 9 14 0.000000
10 9 15 0.000000
10 10 0 0.000000
10 10 1 0.000000
10 10 2 0.000000
10 10 3 0.000000
10 10 4 0.000000
10 10 5 0.000000
10 10 6 0.000000
10 10 7 0.000000
10 10 8 0.000000
10 10 9 0.000000
10 10 10 0.000000
10 10 11 0.000000
10 10 12 0.000000
10 10 13 0.000000
10 10 14 0.000000
10 10 15 0.000000
10 11 0 0.000000
10 11 1 0.000000
10 11 2 0.000000
10 11 3 0.000000
10 11 4 0.000000
10 11 5 0.000000
10 11 6 0.000000
10 11 7 0.000000
10 11 8 0.000000
10 11 9 0.000000
10 11 10 0.000000
10 11 11 0.000000
10 11 12 0.000000
10 11 13 0.000000
10 11 14 0.000000
10 11 15 0.000000
10 12 0 0.000000
10 12 1 0.000000
10 12 2 0.000000
10 12 3 0.000000
10 12 4 0.000000
10 12 5 0.000000
10 12 6 0.000000
10 12 7 0.000000
10 12 8 0.000000
10 12 9 0.000000
10 12 10 0.000000
10 12 11 0.000000
10 12 12 0.000000
10 12 13 0.000000
10 12 14 0.000000
10 12 15 0.000000
10 13 0 0.000000
10 13 1 0.000000
10 13 2 0.000000
10 13 3 0.000000
10 13 4 0.000000
10 13 5 0.000000
10 13 6 0.000000
10 13 7 0.000000
10 13 8 0.000000
10 13 9 0.000000
10 13 10 0.000000
10 13 11 0.000000
10 13 12 0.000000
10 13 13 0.000000
10 13 14 0.000000
10 13 15 0.000000
10 14 0 0.000000
10 14 1 0.000000
10 14 2 0.000000
10 14 3 0.000000
10 14 4 0.000000
10 14 5 0.000000
10 14 6 0.000000
10 14 7 0.000000
10 14 8 0.000000
10 14 9 0.000000
10 14 10 0.000000
10 14 11 0.000000
10 14 12 0.000000
10 14 13 0.000000
10 14 14 0.000000
10 14 15 0.000000
10 15 0 0.000000
10 15 1 0.000000
10 15 2 0.000000
10 15 3 0.000000
10 15 4 0.000000
10 15 5 0.000000
10 15 6 0.000000
10 15 7 0.000000
10 15 8 0.000000
10 15 9 0.000000
10 15 10 0.000000
10 15 11 0.000000
10 15 12 0.000000
10 15 13 0.000000
10 15 14 0.000000
10 15 15 0.000000
11 0 0 65.857783
11 0 1 67.386619
11 0 2 63.781196
11 0 3 59.197645
11 0 4 52.039347
11 0 5 49.251368
11 0 6 50.745091
11 0 7 48.620107
11 0 8 45.015324
11 0 9 42.875364
11 0 10 41.800692
11 0 11 42.914759
11 0 12 44.910091
11 0 13 47.580367
11 0 14 46.916761
11 0 15 46.115934
11 1 0 56.049106
11 1 1 54.508718
11 1 2 51.556557
11 1 3 49.606982
11 1 4 34.280219
11 1 5 35.253346
11 1 6 35.643232
11 1 7 35.189336
11 1 8 33.136285
11 1 9 29.973955
11 1 10 24.963280
11 1 11 30.719838
11 1 12 32.202963
11 1 13 33.137561
11 1 14 35.510227
11 1 15 36.224216
11 2 0 46.035787
11 2 1 44.453736
11 2 2 41.768338
11 2 3 57.984022
11 2 4 29.501792
11 2 5 25.223403
11 2 6 24.379209
11 2 7 22.255804
11 2 8 17.890793
11 2 9 18.773441
11 2 10 18.270943
11 2 11 19.956856
11 2 12 19.496325
11 2 13 18.587978
11 2 14 24.278630
11 2 15 26.903624
11 3 0 33.532370
11 3 1 29.213505
11 3 2 19.052332
11 3 3 0.000000
11 3 4 13.459877
11 3 5 11.952940
11 3 6 14.303659
11 3 7 11.363321
11 3 8 7.043512
11 3 9 8.960669
11 3 10 8.136862
11 3 11 9.498554
11 3 12 0.000000
11 3 13 9.632846
11 3 14 15.933226
11 3 15 17.201459
11 4 0 23.998961
11 4 1 20.034084
11 4 2 15.921125
11 4 3 5.631558
11 4 4 10.207840
11 4 5 14.019874
11 4 6 11.020096
11 4 7 9.483094
11 4 8 10.137936
11 4 9 0.000000
11 4 10 8.274325
11 4 11 8.946394
11 4 12 0.000000
11 4 13 5.258078
11 4 14 0.000000
11 4 15 7.991779
11 5 0 15.236198
11 5 1 0.000000
11 5 2 8.820350
11 5 3 5.932675
11 5 4 0.000000
11 5 5 0.000000
11 5 6 0.000000
11 5 7 8.940037
11 5 8 0.000000
11 5 9 0.000000
11 5 10 8.244062
11 5 11 12.698337
11 5 12 4.563371
11 5 13 0.000000
11 5 14 0.000000
11 5 15 4.359077
11 6 0 0.000000
11 6 1 0.000000
11 6 2 0.000000
11 6 3 0.000000
11 6 4 0.000000
11 6 5 0.000000
11 6 6 0.000000
11 6 7 0.000000
11 6 8 0.000000
11 6 9 0.000000
11 6 10 6.353002
11 6 11 0.000000
11 6 12 0.000000
11 6 13 0.000000
11 6 14 0.000000
11 6 15 0.000000
11 7 0 0.000000
11 7 1 0.000000
11 7 2 0.000000
11 7 3 0.000000
11 7 4 0.000000
11 7 5 0.000000
11 7 6 0.000000
11 7 7 0.000000
11 7 8 0.000000
11 7 9 0.000000
11 7 10 0.000000
11 7 11 0.000000
11 7 12 0.000000
11 7 13 0.000000
11 7 14 0.000000
11 7 15 0.000000
11 8 0 0.000000
11 8 1 0.000000
11 8 2 0.000000
11 8 3 0.000000
11 8 4 0.000000
11 8 5 0.000000
11 8 6 0.000000
11 8 7 0.000000
11 8 8 0.000000
11 8 9 0.000000
11 8 10 0.000000
11 8 11 0.000000
11 8 12 0.000000
11 8 13 0.000000
11 8 14 0.000000
11 8 15 0.000000
11 9 0 0.000000
11 9 1 0.000000
11 9 2 0.000000
11 9 3 0.000000
11 9 4 0.000000
11 9 5 0.000000
11 9 6 0.000000
11 9 7 0.000000
11 9 8 0.000000
11 9 9 0.000000
11 9 10 0.000000
11 9 11 0.000000
11 9 12 0.000000
11 9 13 0.000000
11 9 14 0.000000
11 9 15 0.000000
11 10 0 0.000000
11 10 1 0.000000
11 10 2 0.000000
11 10 3 0.000000
11 10 4 0.000000
11 10 5 0.000000
11 10 6 0.000000
11 10 7 0.000000
11 10 8 0.000000
11 10 9 0.000000
11 10 10 0.000000
11 10 11 0.000000
11 10 12 0.000000
11 10 13 0.000000
11 10 14 0.000000
11 10 15 0.000000
11 11 0 0.000000
11 11 1 0.000000
11 11 2 0.000000
11 11 3 0.000000
11 11 4 0.000000
11 11 5 0.000000
11 11 6 0.000000
11 11 7 0.000000
11 11 8 0.000000
11 11 9 0.000000
11 11 10 0.000000
11 11 11 0.000000
11 11 12 0.000000
11 11 13 0.000000
11 11 14 0.000000
11 11 15 0.000000
11 12 0 0.000000
11 12 1 0.000000
11 12 2 0.000000
11 12 3 0.000000
11 12 4 0.000000
11 12 5 0.000000
11 12 6 0.000000
11 12 7 0.000000
11 12 8 0.000000
11 12 9 0.000000
11 12 10 0.000000
11 12 11 0.000000
11 12 12 0.000000
11 12 13 0.000000
11 12 14 0.000000
11 12 15 0.000000
11 13 0 0.000000
11 13 1 0.000000
11 13 2 0.000000
11 13 3 0.000000
11 13 4 0.000000
11 13 5 0.000000
11 13 6 0.000000
11 13 7 0.000000
11 13 8 0.000000
11 13 9 0.000000
11 13 10 0.000000
11 13 11 0.000000
11 13 12 0.000000
11 13 13 0.000000
11 13 14 0.000000
11 13 15 0.000000
11 14 0 0.000000
11 14 1 0.000000
11 14 2 0.000000
11 14 3 0.000000
11 14 4 0.000000
11 14 5 0.000000
11 14 6 0.000000
11 14 7 0.000000
11 14 8 0.000000
11 14 9 0.000000
11 14 10 0.000000
11 14 11 0.000000
11 14 12 0.000000
11 14 13 0.000000
11 14 14 0.000000
11 14 15 0.000000
11 15 0 0.000000
11 15 1 0.000000
11 15 2 0.000000
11 15 3 0.000000
11 15 4 0.000000
11 15 5 0.000000
11 15 6 0.000000
11 15 7 0.000000
11 15 8 0.000000
11 15 9 0.000000
11 15 10 0.000000
11 15 11 0.000000
11 15 12 0.000000
11 15 13 0.000000
11 15 14 0.000000
11 15 15 0.000000
12 0 0 66.383128
12 0 1 67.773684
12 0 2 64.149201
12 0 3 60.564979
12 0 4 55.718185
12 0 5 54.076227
12 0 6 50.723923
12 0 7 48.113604
12 0 8 43.699546
12 0 9 41.330415
12 0 10 40.234268
12 0 11 41.029561
12 0 12 44.477315
12 0 13 46.848001
12 0 14 48.108812
12 0 15 47.336431
12 1 0 56.061388
12 1 1 58.958117
12 1 2 52.608548
12 1 3 50.131697
12 1 4 42.572232
12 1 5 39.197381
12 1 6 36.982647
12 1 7 34.022146
12 1 8 28.617821
12 1 9 25.055181
12 1 10 0.000000
12 1 11 25.863779
12 1 12 32.651181
12 1 13 35.836283
12 1 14 36.387499
12 1 15 36.656692
12 2 0 45.537179
12 2 1 49.654123
12 2 2 38.530213
12 2 3 43.472122
12 2 4 32.648272
12 2 5 25.434624
12 2 6 24.039600
12 2 7 18.682538
12 2 8 0.000000
12 2 9 13.435818
12 2 10 12.413252
12 2 11 20.236753
12 2 12 22.524234
12 2 13 25.615553
12 2 14 25.063500
12 2 15 26.181424
12 3 0 30.920773
12 3 1 19.233928
12 3 2 0.000000
12 3 3 36.038641
12 3 4 18.381177
12 3 5 0.000000
12 3 6 10.526336
12 3 7 0.000000
12 3 8 -19.796946
12 3 9 2.736992
12 3 10 0.000000
12 3 11 10.748298
12 3 12 12.013085
12 3 13 11.638883
12 3 14 12.705878
12 3 15 16.176367
12 4 0 20.993482
12 4 1 15.453187
12 4 2 7.576063
12 4 3 0.000000
12 4 4 9.626108
12 4 5 4.674814
12 4 6 8.040618
12 4 7 4.433964
12 4 8 -2.413455
12 4 9 5.096269
12 4 10 4.312721
12 4 11 6.454560
12 4 12 9.582147
12 4 13 8.599771
12 4 14 6.499723
12 4 15 9.715711
12 5 0 12.353473
12 5 1 12.696341
12 5 2 0.000000
12 5 3 4.875329
12 5 4 10.845288
12 5 5 5.869384
12 5 6 0.000000
12 5 7 4.164984
12 5 8 2.820277
12 5 9 10.897958
12 5 10 10.991583
12 5 11 7.527396
12 5 12 5.880251
12 5 13 6.144641
12 5 14 3.897570
12 5 15 0.000000
12 6 0 0.000000
12 6 1 0.000000
12 6 2 0.000000
12 6 3 0.000000
12 6 4 0.000000
12 6 5 0.000000
12 6 6 0.000000
12 6 7 0.000000
12 6 8 0.000000
12 6 9 0.000000
12 6 10 0.000000
12 6 11 0.000000
12 6 12 5.605389
12 6 13 0.000000
12 6 14 7.037138
12 6 15 0.000000
12 7 0 0.000000
12 7 1 0.000000
12 7 2 0.000000
12 7 3 0.000000
12 7 4 0.000000
12 7 5 0.000000
12 7 6 0.000000
12 7 7 0.000000
12 7 8 0.000000
12 7 9 0.000000
12 7 10 0.000000
12 7 11 0.000000
12 7 12 0.000000
12 7 13 0.000000
12 7 14 0.000000
12 7 15 0.000000
12 8 0 0.000000
12 8 1 0.000000
12 8 2 0.000000
12 8 3 0.000000
12 8 4 0.000000
12 8 5 0.000000
12 8 6 0.000000
12 8 7 0.000000
12 8 8 0.000000
12 8 9 0.000000
12 8 10 0.000000
12 8 11 0.000000
12 8 12 0.000000
12 8 13 0.000000
12 8 14 0.000000
12 8 15 0.000000
12 9 0 0.000000
12 9 1 0.000000
12 9 2 0.000000
12 9 3 0.000000
12 9 4 0.000000
12 9 5 0.000000
12 9 6 0.000000
12 9 7 0.000000
12 9 8 0.000000
12 9 9 0.000000
12 9 10 0.000000
12 9 11 0.000000
12 9 12 0.000000
12 9 13 0.000000
12 9 14 0.000000
12 9 15 0.000000
12 10 0 0.000000
12 10 1 0.000000
12 10 2 0.000000
12 10 3 0.000000
12 10 4 0.000000
12 10 5 0.000000
12 10 6 0.000000
12 10 7 0.000000
12 10 8 0.000000
12 10 9 0.000000
12 10 10 0.000000
12 10 11 0.000000
12 10 12 0.000000
12 10 13 0.000000
12 10 14 0.000000
12 10 15 0.000000
12 11 0 0.000000
12 11 1 0.000000
12 11 2 0.000000
12 11 3 0.000000
12 11 4 0.000000
12 11 5 0.000000
12 11 6 0.000000
12 11 7 0.000000
12 11 8 0.000000
12 11 9 0.000000
12 11 10 0.000000
12 11 11 0.000000
12 11 12 0.000000
12 11 13 0.000000
12 11 14 0.000000
12 11 15 0.000000
12 12 0 0.000000
12 12 1 0.000000
12 12 2 0.000000
12 12 3 0.000000
12 12 4 0.000000
12 12 5 0.000000
12 12 6 0.000000
12 12 7 0.000000
12 12 8 0.000000
12 12 9 0.000000
12 12 10 0.000000
12 12 11 0.000000
12 12 12 0.000000
12 12 13 0.000000
12 12 14 0.000000
12 12 15 0.000000
12 13 0 0.000000
12 13 1 0.000000
12 13 2 0.000000
12 13 3 0.000000
12 13 4 0.000000
12 13 5 0.000000
12 13 6 0.000000
12 13 7 0.000000
12 13 8 0.000000
12 13 9 0.000000
12 13 10 0.000000
12 13 11 0.000000
12 13 12 0.000000
12 13 13 0.000000
12 13 14 0.000000
12 13 15 0.000000
12 14 0 0.000000
12 14 1 0.000000
12 14 2 0.000000
12 14 3 0.000000
12 14 4 0.000000
12 14 5 0.000000
12 14 6 0.000000
12 14 7 0.000000
12 14 8 0.000000
12 14 9 0.000000
12 14 10 0.000000
12 14 11 0.000000
12 14 12 0.000000
12 14 13 0.000000
12 14 14 0.000000
12 14 15 0.000000
12 15 0 0.000000
12 15 1 0.000000
12 15 2 0.000000
12 15 3 0.000000
12 15 4 0.000000
12 15 5 0.000000
12 15 6 0.000000
12 15 7 0.000000
12 15 8 0.000000
12 15 9 0.000000
12 15 10 0.000000
12 15 11 0.000000
12 15 12 0.000000
12 15 13 0.000000
12 15 14 0.000000
12 15 15 0.000000
13 0 0 64.861869
13 0 1 65.893079
13 0 2 64.803012
13 0 3 61.691629
13 0 4 57.488966
13 0 5 55.034602
13 0 6 50.791787
13 0 7 48.052658
13 0 8 45.200884
13 0 9 42.354137
13 0 10 41.098334
13 0 11 42.386920
13 0 12 45.167740
13 0 13 47.859605
13 0 14 52.005990
13 0 15 48.335367
13 1 0 54.836631
13 1 1 55.458203
13 1 2 52.272879
13 1 3 51.103846
13 1 4 45.903933
13 1 5 43.136770
13 1 6 39.035922
13 1 7 36.228792
13 1 8 32.162674
13 1 9 30.823739
13 1 10 26.647847
13 1 11 31.459751
13 1 12 35.319998
13 1 13 37.338631
13 1 14 36.501861
13 1 15 37.716268
13 2 0 44.692895
13 2 1 42.694734
13 2 2 38.063890
13 2 3 39.044299
13 2 4 33.042785
13 2 5 28.730947
13 2 6 27.160766
13 2 7 23.821294
13 2 8 18.770993
13 2 9 22.976474
13 2 10 22.073653
13 2 11 23.726780
13 2 12 26.337245
13 2 13 25.708188
13 2 14 24.475034
13 2 15 27.193636
13 3 0 31.256135
13 3 1 27.983567
13 3 2 17.901434
13 3 3 0.000000
13 3 4 15.091566
13 3 5 0.000000
13 3 6 14.545117
13 3 7 12.377326
13 3 8 8.212830
13 3 9 11.678313
13 3 10 14.774410
13 3 11 13.801683
13 3 12 13.460661
13 3 13 14.210391
13 3 14 0.000000
13 3 15 14.286697
13 4 0 21.408266
13 4 1 23.273330
13 4 2 14.145045
13 4 3 4.693402
13 4 4 9.623157
13 4 5 6.171423
13 4 6 9.769868
13 4 7 14.485166
13 4 8 7.154129
13 4 9 7.213916
13 4 10 0.000000
13 4 11 0.000000
13 4 12 7.777556
13 4 13 13.402629
13 4 14 0.000000
13 4 15 8.152748
13 5 0 0.000000
13 5 1 19.781820
13 5 2 12.492882
13 5 3 12.439580
13 5 4 12.391990
13 5 5 12.499371
13 5 6 6.611461
13 5 7 0.000000
13 5 8 0.000000
13 5 9 7.961230
13 5 10 0.000000
13 5 11 0.000000
13 5 12 0.000000
13 5 13 0.000000
13 5 14 -2.504140
13 5 15 4.563606
13 6 0 1.913606
13 6 1 0.000000
13 6 2 0.000000
13 6 3 0.000000
13 6 4 0.000000
13 6 5 0.000000
13 6 6 0.000000
13 6 7 0.000000
13 6 8 0.000000
13 6 9 0.000000
13 6 10 0.000000
13 6 11 0.000000
13 6 12 0.000000
13 6 13 0.335496
13 6 14 0.000000
13 6 15 9.229145
13 7 0 0.000000
13 7 1 0.000000
13 7 2 0.000000
13 7 3 0.000000
13 7 4 0.000000
13 7 5 0.000000
13 7 6 0.000000
13 7 7 0.000000
13 7 8 0.000000
13 7 9 0.000000
13 7 10 0.000000
13 7 11 0.000000
13 7 12 0.000000
13 7 13 0.000000
13 7 14 0.000000
13 7 15 0.000000
13 8 0 0.000000
13 8 1 0.000000
13 8 2 0.000000
13 8 3 0.000000
13 8 4 0.000000
13 8 5 0.000000
13 8 6 0.000000
13 8 7 0.000000
13 8 8 0.000000
13 8 9 0.000000
13 8 10 0.000000
13 8 11 0.000000
13 8 12 0.000000
13 8 13 0.000000
13 8 14 0.000000
13 8 15 0.000000
13 9 0 0.000000
13 9 1 0.000000
13 9 2 0.000000
13 9 3 0.000000
13 9 4 0.000000
13 9 5 0.000000
13 9 6 0.000000
13 9 7 0.000000
13 9 8 0.000000
13 9 9 0.000000
13 9 10 0.000000
13 9 11 0.000000
13 9 12 0.000000
13 9 13 0.000000
13 9 14 0.000000
13 9 15 0.000000
13 10 0 0.000000
13 10 1 0.000000
13 10 2 0.000000
13 10 3 0.000000
13 10 4 0.000000
13 10 5 0.000000
13 10 6 0.000000
13 10 7 0.000000
13 10 8 0.000000
13 10 9 0.000000
13 10 10 0.000000
13 10 11 0.000000
13 10 12 0.000000
13 10 13 0.000000
13 10 14 0.000000
13 10 15 0.000000
13 11 0 0.000000
13 11 1 0.000000
13 11 2 0.000000
13 11 3 0.000000
13 11 4 0.000000
13 11 5 0.000000
13 11 6 0.000000
13 11 7 0.000000
13 11 8 0.000000
13 11 9 0.000000
13 11 10 0.000000
13 11 11 0.000000
13 11 12 0.000000
13 11 13 0.000000
13 11 14 0.000000
13 11 15 0.000000
13 12 0 0.000000
13 12 1 0.000000
13 12 2 0.000000
13 12 3 0.000000
13 12 4 0.000000
13 12 5 0.000000
13 12 6 0.000000
13 12 7 0.000000
13 12 8 0.000000
13 12 9 0.000000
13 12 10 0.000000
13 12 11 0.000000
13 12 12 0.000000
13 12 13 0.000000
13 12 14 0.000000
13 12 15 0.000000
13 13 0 0.000000
13 13 1 0.000000
13 13 2 0.000000
13 13 3 0.000000
13 13 4 0.000000
13 13 5 0.000000
13 13 6 0.000000
13 13 7 0.000000
13 13 8 0.000000
13 13 9 0.000000
13 13 10 0.000000
13 13 11 0.000000
13 13 12 0.000000
13 13 13 0.000000
13 13 14 0.000000
13 13 15 0.000000
13 14 0 0.000000
13 14 1 0.000000
13 14 2 0.000000
13 14 3 0.000000
13 14 4 0.000000
13 14 5 0.000000
13 14 6 0.000000
13 14 7 0.000000
13 14 8 0.000000
13 14 9 0.000000
13 14 10 0.000000
13 14 11 0.000000
13 14 12 0.000000
13 14 13 0.000000
13 14 14 0.000000
13 14 15 0.000000
13 15 0 0.000000
13 15 1 0.000000
13 15 2 0.000000
13 15 3 0.000000
13 15 4 0.000000
13 15 5 0.000000
13 15 6 0.000000
13 15 7 0.000000
13 15 8 0.000000
13 15 9 0.000000
13 15 10 0.000000
13 15 11 0.000000
13 15 12 0.000000
13 15 13 0.000000
13 15 14 0.000000
13 15 15 0.000000
14 0 0 65.495073
14 0 1 64.795134
14 0 2 62.676872
14 0 3 60.599837
14 0 4 58.879114
14 0 5 56.186127
14 0 6 52.271318
14 0 7 50.286404
14 0 8 49.794289
14 0 9 45.615148
14 0 10 44.363552
14 0 11 45.449763
14 0 12 46.403059
14 0 13 47.986529
14 0 14 50.137769
14 0 15 48.836316
14 1 0 53.003367
14 1 1 53.978147
14 1 2 51.668712
14 1 3 49.095219
14 1 4 46.189871
14 1 5 45.434647
14 1 6 40.908839
14 1 7 38.038909
14 1 8 34.144449
14 1 9 34.093046
14 1 10 32.922585
14 1 11 34.853628
14 1 12 36.930126
14 1 13 37.674135
14 1 14 37.902640
14 1 15 38.623973
14 2 0 43.905668
14 2 1 42.775876
14 2 2 40.107537
14 2 3 37.585256
14 2 4 34.820823
14 2 5 32.711589
14 2 6 29.752054
14 2 7 26.252541
14 2 8 23.154380
14 2 9 24.687685
14 2 10 25.437077
14 2 11 25.387543
14 2 12 26.359164
14 2 13 29.261731
14 2 14 28.648865
14 2 15 29.951454
14 3 0 33.501684
14 3 1 29.811822
14 3 2 26.556860
14 3 3 20.012855
14 3 4 16.867990
14 3 5 0.000000
14 3 6 12.670006
14 3 7 12.534648
14 3 8 14.670424
14 3 9 14.929690
14 3 10 16.073067
14 3 11 15.066767
14 3 12 13.356301
14 3 13 20.505077
14 3 14 18.858756
14 3 15 20.837687
14 4 0 20.920578
14 4 1 18.695016
14 4 2 16.615121
14 4 3 0.000000
14 4 4 8.342128
14 4 5 6.316432
14 4 6 9.711660
14 4 7 9.305882
14 4 8 0.000000
14 4 9 8.030499
14 4 10 8.008979
14 4 11 0.000000
14 4 12 7.844343
14 4 13 5.858978
14 4 14 0.000000
14 4 15 8.724642
14 5 0 12.527177
14 5 1 15.656269
14 5 2 14.066427
14 5 3 6.596456
14 5 4 0.000000
14 5 5 8.046032
14 5 6 6.248178
14 5 7 8.874968
14 5 8 -0.014467
14 5 9 0.000000
14 5 10 10.265161
14 5 11 4.854687
14 5 12 9.872528
14 5 13 0.206753
14 5 14 -23.784380
14 5 15 0.000000
14 6 0 10.372345
14 6 1 10.779835
14 6 2 13.407406
14 6 3 10.574155
14 6 4 0.000000
14 6 5 0.000000
14 6 6 2.133058
14 6 7 0.000000
14 6 8 3.398856
14 6 9 0.000000
14 6 10 4.921022
14 6 11 0.000000
14 6 12 0.000000
14 6 13 2.108474
14 6 14 -0.901300
14 6 15 4.120720
14 7 0 0.000000
14 7 1 0.000000
14 7 2 0.000000
14 7 3 0.000000
14 7 4 0.000000
14 7 5 0.000000
14 7 6 0.000000
14 7 7 0.000000
14 7 8 0.000000
14 7 9 0.000000
14 7 10 0.000000
14 7 11 0.000000
14 7 12 0.000000
14 7 13 0.000000
14 7 14 0.000000
14 7 15 0.000000
14 8 0 0.000000
14 8 1 0.000000
14 8 2 0.000000
14 8 3 0.000000
14 8 4 0.000000
14 8 5 0.000000
14 8 6 0.000000
14 8 7 0.000000
14 8 8 0.000000
14 8 9 0.000000
14 8 10 0.000000
14 8 11 0.000000
14 8 12 0.000000
14 8 13 0.000000
14 8 14 0.000000
14 8 15 0.000000
14 9 0 0.000000
14 9 1 0.000000
14 9 2 0.000000
14 9 3 0.000000
14 9 4 0.000000
14 9 5 0.000000
14 9 6 0.000000
14 9 7 0.000000
14 9 8 0.000000
14 9 9 0.000000
14 9 10 0.000000
14 9 11 0.000000
14 9 12 0.000000
14 9 13 0.000000
14 9 14 0.000000
14 9 15 0.000000
14 10 0 0.000000
14 10 1 0.000000
14 10 2 0.000000
14 10 3 0.000000
14 10 4 0.000000
14 10 5 0.000000
14 10 6 0.000000
14 10 7 0.000000
14 10 8 0.000000
14 10 9 0.000000
14 10 10 0.000000
14 10 11 0.000000
14 10 12 0.000000
14 10 13 0.000000
14 10 14 0.000000
14 10 15 0.000000
14 11 0 0.000000
14 11 1 0.000000
14 11 2 0.000000
14 11 3 0.000000
14 11 4 0.000000
14 11 5 0.000000
14 11 6 0.000000
14 11 7 0.000000
14 11 8 0.000000
14 11 9 0.000000
14 11 10 0.000000
14 11 11 0.000000
14 11 12 0.000000
14 11 13 0.000000
14 11 14 0.000000
14 11 15 0.000000
14 12 0 0.000000
14 12 1 0.000000
14 12 2 0.000000
14 12 3 0.000000
14 12 4 0.000000
14 12 5 0.000000
14 12 6 0.000000
14 12 7 0.000000
14 12 8 0.000000
14 12 9 0.000000
14 12 10 0.000000
14 12 11 0.000000
14 12 12 0.000000
14 12 13 0.000000
14 12 14 0.000000
14 12 15 0.000000
14 13 0 0.000000
14 13 1 0.000000
14 13 2 0.000000
14 13 3 0.000000
14 13 4 0.000000
14 13 5 0.000000
14 13 6 0.000000
14 13 7 0.000000
14 13 8 0.000000
14 13 9 0.000000
14 13 10 0.000000
14 13 11 0.000000
14 13 12 0.000000
14 13 13 0.000000
14 13 14 0.000000
14 13 15 0.000000
14 14 0 0.000000
14 14 1 0.000000
14 14 2 0.000000
14 14 3 0.000000
14 14 4 0.000000
14 14 5 0.000000
14 14 6 0.000000
14 14 7 0.000000
14 14 8 0.000000
14 14 9 0.000000
14 14 10 0.000000
14 14 11 0.000000
14 14 12 0.000000
14 14 13 0.000000
14 14 14 0.000000
14 14 15 0.000000
14 15 0 0.000000
14 15 1 0.000000
14 15 2 0.000000
14 15 3 0.000000
14 15 4 0.000000
14 15 5 0.000000
14 15 6 0.000000
14 15 7 0.000000
14 15 8 0.000000
14 15 9 0.000000
14 15 10 0.000000
14 15 11 0.000000
14 15 12 0.000000
14 15 13 0.000000
14 15 14 0.000000
14 15 15 0.000000
15 0 0 63.840235
15 0 1 63.409519
15 0 2 62.189918
15 0 3 59.542389
15 0 4 57.742420
15 0 5 54.116746
15 0 6 50.699611
15 0 7 48.769572
15 0 8 47.426241
15 0 9 45.377102
15 0 10 44.689059
15 0 11 45.322614
15 0 12 46.368192
15 0 13 47.585535
15 0 14 48.327318
15 0 15 48.275059
15 1 0 53.198241
15 1 1 53.600834
15 1 2 52.213556
15 1 3 49.308644
15 1 4 45.622784
15 1 5 43.512754
15 1 6 40.199446
15 1 7 37.450645
15 1 8 35.667912
15 1 9 36.001832
15 1 10 34.691337
15 1 11 34.555123
15 1 12 35.466806
15 1 13 37.446423
15 1 14 38.863718
15 1 15 38.673491
15 2 0 43.493927
15 2 1 43.956106
15 2 2 41.712204
15 2 3 38.615161
15 2 4 34.855635
15 2 5 31.406219
15 2 6 28.599323
15 2 7 23.868399
15 2 8 23.898050
15 2 9 25.617502
15 2 10 26.270112
15 2 11 24.964764
15 2 12 23.734716
15 2 13 28.074813
15 2 14 29.187919
15 2 15 29.590169
15 3 0 31.434543
15 3 1 31.743642
15 3 2 28.399676
15 3 3 27.123041
15 3 4 23.969350
15 3 5 17.606030
15 3 6 15.753844
15 3 7 0.000000
15 3 8 13.013597
15 3 9 16.455627
15 3 10 17.573394
15 3 11 14.270320
15 3 12 0.000000
15 3 13 17.602358
15 3 14 20.554062
15 3 15 21.215982
15 4 0 16.408831
15 4 1 0.000000
15 4 2 16.388504
15 4 3 20.473108
15 4 4 15.879841
15 4 5 13.740698
15 4 6 12.747233
15 4 7 5.832065
15 4 8 9.163644
15 4 9 10.736960
15 4 10 11.223353
15 4 11 8.740876
15 4 12 5.695472
15 4 13 12.087972
15 4 14 11.096510
15 4 15 12.677036
15 5 0 13.073515
15 5 1 8.700369
15 5 2 13.917905
15 5 3 12.819465
15 5 4 10.538270
15 5 5 9.141071
15 5 6 0.000000
15 5 7 6.027594
15 5 8 9.772987
15 5 9 9.862989
15 5 10 9.756949
15 5 11 8.829582
15 5 12 7.978299
15 5 13 10.512292
15 5 14 2.476886
15 5 15 7.930445
15 6 0 8.484819
15 6 1 0.000000
15 6 2 12.961937
15 6 3 11.442071
15 6 4 10.287058
15 6 5 8.571709
15 6 6 0.000000
15 6 7 0.000000
15 6 8 10.348711
15 6 9 11.909939
15 6 10 7.451707
15 6 11 0.000000
15 6 12 3.613070
15 6 13 0.000000
15 6 14 6.076875
15 6 15 12.673796
15 7 0 0.000000
15 7 1 0.000000
15 7 2 0.000000
15 7 3 0.000000
15 7 4 0.000000
15 7 5 0.000000
15 7 6 0.000000
15 7 7 0.000000
15 7 8 0.000000
15 7 9 0.000000
15 7 10 0.000000
15 7 11 0.000000
15 7 12 0.000000
15 7 13 0.000000
15 7 14 6.458247
15 7 15 0.000000
15 8 0 0.000000
15 8 1 0.000000
15 8 2 0.000000
15 8 3 0.000000
15 8 4 0.000000
15 8 5 0.000000
15 8 6 0.000000
15 8 7 0.000000
15 8 8 0.000000
15 8 9 0.000000
15 8 10 0.000000
15 8 11 0.000000
15 8 12 0.000000
15 8 13 0.000000
15 8 14 0.000000
15 8 15 0.000000
15 9 0 0.000000
15 9 1 0.000000
15 9 2 0.000000
15 9 3 0.000000
15 9 4 0.000000
15 9 5 0.000000
15 9 6 0.000000
15 9 7 0.000000
15 9 8 0.000000
15 9 9 0.000000
15 9 10 0.000000
15 9 11 0.000000
15 9 12 0.000000
15 9 13 0.000000
15 9 14 0.000000
15 9 15 0.000000
15 10 0 0.000000
15 10 1 0.000000
15 10 2 0.000000
15 10 3 0.000000
15 10 4 0.000000
15 10 5 0.000000
15 10 6 0.000000
15 10 7 0.000000
15 10 8 0.000000
15 10 9 0.000000
15 10 10 0.000000
15 10 11 0.000000
15 10 12 0.000000
15 10 13 0.000000
15 10 14 0.000000
15 10 15 0.000000
15 11 0 0.000000
15 11 1 0.000000
15 11 2 0.000000
15 11 3 0.000000
15 11 4 0.000000
15 11 5 0.000000
15 11 6 0.000000
15 11 7 0.000000
15 11 8 0.000000
15 11 9 0.000000
15 11 10 0.000000
15 11 11 0.000000
15 11 12 0.000000
15 11 13 0.000000
15 11 14 0.000000
15 11 15 0.000000
15 12 0 0.000000
15 12 1 0.000000
15 12 2 0.000000
15 12 3 0.000000
15 12 4 0.000000
15 12 5 0.000000
15 12 6 0.000000
15 12 7 0.000000
15 12 8 0.000000
15 12 9 0.000000
15 12 10 0.000000
15 12 11 0.000000
15 12 12 0.000000
15 12 13 0.000000
15 12 14 0.000000
15 12 15 0.000000
15 13 0 0.000000
15 13 1 0.000000
15 13 2 0.000000
15 13 3 0.000000
15 13 4 0.000000
15 13 5 0.000000
15 13 6 0.000000
15 13 7 0.000000
15 13 8 0.000000
15 13 9 0.000000
15 13 10 0.000000
15 13 11 0.000000
15 13 12 0.000000
15 13 13 0.000000
15 13 14 0.000000
15 13 15 0.000000
15 14 0 0.000000
15 14 1 0.000000
15 14 2 0.000000
15 14 3 0.000000
15 14 4 0.000000
15 14 5 0.000000
15 14 6 0.000000
15 14 7 0.000000
15 14 8 0.000000
15 14 9 0.000000
15 14 10 0.000000
15 14 11 0.000000
15 14 12 0.000000
15 14 13 0.000000
15 14 14 0.000000
15 14 15 0.000000
15 15 0 0.000000
15 15 1 0.000000
15 15 2 0.000000
15 15 3 0.000000
15 15 4 0.000000
15 15 5 0.000000
15 15 6 0.000000
15 15 7 0.000000
15 15 8 0.000000
15 15 9 0.000000
15 15 10 0.000000
15 15 11 0.000000
15 15 12 0.000000
15 15 13 0.000000
15 15 14 0.000000
15 15 15 0.000000
