0 0 0 0.000000
0 0 1 0.000000
0 0 2 0.000000
0 0 3 0.000000
0 0 4 0.000000
0 0 5 0.000000
0 0 6 0.000000
0 0 7 0.000000
0 1 0 0.000000
0 1 1 0.000000
0 1 2 0.000000
0 1 3 0.000000
0 1 4 0.000000
0 1 5 0.000000
0 1 6 0.000000
0 1 7 0.000000
0 2 0 0.000000
0 2 1 0.000000
0 2 2 0.000000
0 2 3 0.000000
0 2 4 0.000000
0 2 5 0.000000
0 2 6 0.000000
0 2 7 0.000000
0 3 0 0.000000
0 3 1 0.000000
0 3 2 0.000000
0 3 3 0.000000
0 3 4 0.000000
0 3 5 0.000000
0 3 6 0.000000
0 3 7 0.000000
0 4 0 0.000000
0 4 1 0.000000
0 4 2 0.000000
0 4 3 0.000000
0 4 4 0.000000
0 4 5 0.000000
0 4 6 0.000000
0 4 7 0.000000
0 5 0 0.000000
0 5 1 0.000000
0 5 2 0.000000
0 5 3 0.000000
0 5 4 0.000000
0 5 5 0.000000
0 5 6 0.000000
0 5 7 0.000000
0 6 0 0.000000
0 6 1 0.000000
0 6 2 0.000000
0 6 3 -99.687712
0 6 4 -119.191825
0 6 5 -100.001039
0 6 6 0.000000
0 6 7 0.000000
0 7 0 0.000000
0 7 1 0.000000
0 7 2 0.000000
0 7 3 -59.018534
0 7 4 -75.594050
0 7 5 -59.659630
0 7 6 0.000000
0 7 7 0.000000
1 0 0 0.000000
1 0 1 0.000000
1 0 2 0.000000
1 0 3 0.000000
1 0 4 0.000000
1 0 5 0.000000
1 0 6 0.000000
1 0 7 0.000000
1 1 0 0.000000
1 1 1 0.000000
1 1 2 0.000000
1 1 3 0.000000
1 1 4 0.000000
1 1 5 0.000000
1 1 6 0.000000
1 1 7 0.000000
1 2 0 0.000000
1 2 1 0.000000
1 2 2 0.000000
1 2 3 0.000000
1 2 4 0.000000
1 2 5 0.000000
1 2 6 0.000000
1 2 7 0.000000
1 3 0 0.000000
1 3 1 0.000000
1 3 2 0.000000
1 3 3 0.000000
1 3 4 0.000000
1 3 5 0.000000
1 3 6 0.000000
1 3 7 0.000000
1 4 0 0.000000
1 4 1 0.000000
1 4 2 0.000000
1 4 3 0.000000
1 4 4 0.000000
1 4 5 0.000000
1 4 6 0.000000
1 4 7 0.000000
1 5 0 0.000000
1 5 1 0.000000
1 5 2 0.000000
1 5 3 -99.687712
1 5 4 -119.191825
1 5 5 -100.001039
1 5 6 0.000000
1 5 7 0.000000
1 6 0 0.000000
1 6 1 0.000000
1 6 2 0.000000
1 6 3 -59.018534
1 6 4 -75.594050
1 6 5 -59.659630
1 6 6 0.000000
1 6 7 0.000000
1 7 0 0.000000
1 7 1 0.000000
1 7 2 0.000000
1 7 3 -44.271521
1 7 4 -58.833942
1 7 5 -44.600225
1 7 6 0.000000
1 7 7 0.000000
2 0 0 0.000000
2 0 1 0.000000
2 0 2 0.000000
2 0 3 0.000000
2 0 4 0.000000
2 0 5 0.000000
2 0 6 0.000000
2 0 7 0.000000
2 1 0 0.000000
2 1 1 0.000000
2 1 2 0.000000
2 1 3 0.000000
2 1 4 0.000000
2 1 5 0.000000
2 1 6 0.000000
2 1 7 0.000000
2 2 0 0.000000
2 2 1 0.000000
2 2 2 0.000000
2 2 3 0.000000
2 2 4 0.000000
2 2 5 0.000000
2 2 6 0.000000
2 2 7 0.000000
2 3 0 0.000000
2 3 1 0.000000
2 3 2 0.000000
2 3 3 0.000000
2 3 4 0.000000
2 3 5 0.000000
2 3 6 0.000000
2 3 7 0.000000
2 4 0 0.000000
2 4 1 0.000000
2 4 2 0.000000
2 4 3 -99.687712
2 4 4 -119.191825
2 4 5 -100.001039
2 4 6 0.000000
2 4 7 0.000000
2 5 0 0.000000
2 5 1 0.000000
2 5 2 0.000000
2 5 3 -59.018534
2 5 4 -75.594050
2 5 5 -59.659630
2 5 6 0.000000
2 5 7 0.000000
2 6 0 0.000000
2 6 1 0.000000
2 6 2 0.000000
2 6 3 -44.271521
2 6 4 -58.833942
2 6 5 -44.600225
2 6 6 0.000000
2 6 7 0.000000
2 7 0 0.000000
2 7 1 0.000000
2 7 2 0.000000
2 7 3 -44.108427
2 7 4 -63.068606
2 7 5 -44.079623
2 7 6 0.000000
2 7 7 0.000000
3 0 0 0.000000
3 0 1 0.000000
3 0 2 0.000000
3 0 3 0.000000
3 0 4 0.000000
3 0 5 0.000000
3 0 6 0.000000
3 0 7 0.000000
3 1 0 0.000000
3 1 1 0.000000
3 1 2 0.000000
3 1 3 0.000000
3 1 4 0.000000
3 1 5 0.000000
3 1 6 0.000000
3 1 7 0.000000
3 2 0 0.000000
3 2 1 0.000000
3 2 2 0.000000
3 2 3 0.000000
3 2 4 0.000000
3 2 5 0.000000
3 2 6 0.000000
3 2 7 0.000000
3 3 0 0.000000
3 3 1 0.000000
3 3 2 0.000000
3 3 3 -99.687712
3 3 4 -119.191825
3 3 5 -100.001039
3 3 6 0.000000
3 3 7 0.000000
3 4 0 0.000000
3 4 1 0.000000
3 4 2 0.000000
3 4 3 -59.018534
3 4 4 -75.594050
3 4 5 -59.659630
3 4 6 0.000000
3 4 7 0.000000
3 5 0 0.000000
3 5 1 0.000000
3 5 2 0.000000
3 5 3 -44.271521
3 5 4 -58.833942
3 5 5 -44.600225
3 5 6 0.000000
3 5 7 0.000000
3 6 0 0.000000
3 6 1 0.000000
3 6 2 0.000000
3 6 3 -44.108427
3 6 4 -63.068606
3 6 5 -44.079623
3 6 6 0.000000
3 6 7 0.000000
3 7 0 0.000000
3 7 1 0.000000
3 7 2 0.000000
3 7 3 -153.659785
3 7 4 -194.256055
3 7 5 -153.597890
3 7 6 0.000000
3 7 7 0.000000
4 0 0 0.000000
4 0 1 0.000000
4 0 2 0.000000
4 0 3 0.000000
4 0 4 0.000000
4 0 5 0.000000
4 0 6 0.000000
4 0 7 0.000000
4 1 0 0.000000
4 1 1 0.000000
4 1 2 0.000000
4 1 3 0.000000
4 1 4 0.000000
4 1 5 0.000000
4 1 6 0.000000
4 1 7 0.000000
4 2 0 0.000000
4 2 1 0.000000
4 2 2 0.000000
4 2 3 -99.687712
4 2 4 -119.191825
4 2 5 -100.001039
4 2 6 0.000000
4 2 7 0.000000
4 3 0 0.000000
4 3 1 0.000000
4 3 2 0.000000
4 3 3 -59.018534
4 3 4 -75.594050
4 3 5 -59.659630
4 3 6 0.000000
4 3 7 0.000000
4 4 0 0.000000
4 4 1 0.000000
4 4 2 0.000000
4 4 3 -44.271521
4 4 4 -58.833942
4 4 5 -44.600225
4 4 6 0.000000
4 4 7 0.000000
4 5 0 0.000000
4 5 1 0.000000
4 5 2 0.000000
4 5 3 -44.108427
4 5 4 -63.068606
4 5 5 -44.079623
4 5 6 0.000000
4 5 7 0.000000
4 6 0 0.000000
4 6 1 0.000000
4 6 2 0.000000
4 6 3 -153.659785
4 6 4 -194.256055
4 6 5 -153.597890
4 6 6 0.000000
4 6 7 0.000000
4 7 0 0.000000
4 7 1 0.000000
4 7 2 0.000000
4 7 3 -263.440520
4 7 4 -330.670945
4 7 5 -263.412166
4 7 6 0.000000
4 7 7 0.000000
5 0 0 0.000000
5 0 1 0.000000
5 0 2 0.000000
5 0 3 0.000000
5 0 4 0.000000
5 0 5 0.000000
5 0 6 0.000000
5 0 7 0.000000
5 1 0 0.000000
5 1 1 0.000000
5 1 2 0.000000
5 1 3 -99.687712
5 1 4 -119.191825
5 1 5 -100.001039
5 1 6 0.000000
5 1 7 0.000000
5 2 0 0.000000
5 2 1 0.000000
5 2 2 0.000000
5 2 3 -59.018534
5 2 4 -75.594050
5 2 5 -59.659630
5 2 6 0.000000
5 2 7 0.000000
5 3 0 0.000000
5 3 1 0.000000
5 3 2 0.000000
5 3 3 -44.271521
5 3 4 -58.833942
5 3 5 -44.600225
5 3 6 0.000000
5 3 7 0.000000
5 4 0 0.000000
5 4 1 0.000000
5 4 2 0.000000
5 4 3 -44.108427
5 4 4 -63.068606
5 4 5 -44.079623
5 4 6 0.000000
5 4 7 0.000000
5 5 0 0.000000
5 5 1 0.000000
5 5 2 0.000000
5 5 3 -153.659785
5 5 4 -194.256055
5 5 5 -153.597890
5 5 6 0.000000
5 5 7 0.000000
5 6 0 0.000000
5 6 1 0.000000
5 6 2 0.000000
5 6 3 -263.440520
5 6 4 -330.670945
5 6 5 -263.412166
5 6 6 0.000000
5 6 7 0.000000
5 7 0 0.000000
5 7 1 0.000000
5 7 2 0.000000
5 7 3 -402.427934
5 7 4 -494.930392
5 7 5 -402.511489
5 7 6 0.000000
5 7 7 0.000000
6 0 0 0.000000
6 0 1 0.000000
6 0 2 0.000000
6 0 3 -99.687712
6 0 4 -119.191825
6 0 5 -100.001039
6 0 6 0.000000
6 0 7 0.000000
6 1 0 0.000000
6 1 1 0.000000
6 1 2 0.000000
6 1 3 -59.018534
6 1 4 -75.594050
6 1 5 -59.659630
6 1 6 0.000000
6 1 7 0.000000
6 2 0 0.000000
6 2 1 0.000000
6 2 2 0.000000
6 2 3 -44.271521
6 2 4 -58.833942
6 2 5 -44.600225
6 2 6 0.000000
6 2 7 0.000000
6 3 0 0.000000
6 3 1 0.000000
6 3 2 0.000000
6 3 3 -44.108427
6 3 4 -63.068606
6 3 5 -44.079623
6 3 6 0.000000
6 3 7 0.000000
6 4 0 0.000000
6 4 1 0.000000
6 4 2 0.000000
6 4 3 -153.659785
6 4 4 -194.256055
6 4 5 -153.597890
6 4 6 0.000000
6 4 7 0.000000
6 5 0 0.000000
6 5 1 0.000000
6 5 2 0.000000
6 5 3 -263.440520
6 5 4 -330.670945
6 5 5 -263.412166
6 5 6 0.000000
6 5 7 0.000000
6 6 0 0.000000
6 6 1 0.000000
6 6 2 0.000000
6 6 3 -402.427934
6 6 4 -494.930392
6 6 5 -402.511489
6 6 6 0.000000
6 6 7 0.000000
6 7 0 0.000000
6 7 1 0.000000
6 7 2 0.000000
6 7 3 0.000000
6 7 4 0.000000
6 7 5 0.000000
6 7 6 0.000000
6 7 7 0.000000
7 0 0 0.000000
7 0 1 0.000000
7 0 2 0.000000
7 0 3 -59.018534
7 0 4 -75.594050
7 0 5 -59.659630
7 0 6 0.000000
7 0 7 0.000000
7 1 0 0.000000
7 1 1 0.000000
7 1 2 0.000000
7 1 3 -44.271521
7 1 4 -58.833942
7 1 5 -44.600225
7 1 6 0.000000
7 1 7 0.000000
7 2 0 0.000000
7 2 1 0.000000
7 2 2 0.000000
7 2 3 -44.108427
7 2 4 -63.068606
7 2 5 -44.079623
7 2 6 0.000000
7 2 7 0.000000
7 3 0 0.000000
7 3 1 0.000000
7 3 2 0.000000
7 3 3 -153.659785
7 3 4 -194.256055
7 3 5 -153.597890
7 3 6 0.000000
7 3 7 0.000000
7 4 0 0.000000
7 4 1 0.000000
7 4 2 0.000000
7 4 3 -263.440520
7 4 4 -330.670945
7 4 5 -263.412166
7 4 6 0.000000
7 4 7 0.000000
7 5 0 0.000000
7 5 1 0.000000
7 5 2 0.000000
7 5 3 -402.427934
7 5 4 -494.930392
7 5 5 -402.511489
7 5 6 0.000000
7 5 7 0.000000
7 6 0 0.000000
7 6 1 0.000000
7 6 2 0.000000
7 6 3 0.000000
7 6 4 0.000000
7 6 5 0.000000
7 6 6 0.000000
7 6 7 0.000000
7 7 0 0.000000
7 7 1 0.000000
7 7 2 0.000000
7 7 3 0.000000
7 7 4 0.000000
7 7 5 0.000000
7 7 6 0.000000
7 7 7 0.000000
