0.000000 0.000000 0.005291
0.000000 0.010000 -0.003065
0.000000 0.020000 0.000000
0.000000 0.030000 0.000000
0.000000 0.040000 0.000038
0.000000 0.050000 0.000038
0.000000 0.060000 0.000064
0.000000 0.070000 0.000114
0.000000 0.080000 0.000042
0.000000 0.090000 -0.000038
0.000000 0.100000 -0.000123
0.000000 0.110000 -0.000210
0.000000 0.120000 -0.000301
0.000000 0.130000 -0.000394
0.000000 0.140000 -0.000490
0.000000 0.150000 -0.000587
0.000000 0.160000 -0.000686
0.000000 0.170000 -0.000787
0.000000 0.180000 -0.000890
0.000000 0.190000 -0.000995
0.000000 0.200000 -0.001102
0.000000 0.210000 -0.001211
0.000000 0.220000 -0.001322
0.000000 0.230000 -0.001435
0.000000 0.240000 -0.001548
0.000000 0.250000 -0.001658
0.000000 0.260000 -0.001762
0.000000 0.270000 -0.001855
0.000000 0.280000 -0.001915
0.000000 0.290000 -0.001833
0.000000 0.300000 0.000000
0.000000 0.310000 0.000000
0.000000 0.320000 0.000000
0.000000 0.330000 0.000000
0.000000 0.340000 0.000000
0.000000 0.350000 0.000000
0.000000 0.360000 0.000000
0.000000 0.370000 0.000000
0.000000 0.380000 0.000000
0.000000 0.390000 0.000000
0.000000 0.400000 0.000000
0.000000 0.410000 0.000000
0.000000 0.420000 0.000000
0.000000 0.430000 0.000000
0.000000 0.440000 0.000000
0.000000 0.450000 0.000000
0.000000 0.460000 0.000000
0.000000 0.470000 0.000000
0.000000 0.480000 0.000000
0.000000 0.490000 0.000000
0.010000 0.000000 0.005471
0.010000 0.010000 -0.004053
0.010000 0.020000 -0.020939
0.010000 0.030000 0.000000
0.010000 0.040000 0.000000
0.010000 0.050000 -0.000027
0.010000 0.060000 0.000000
0.010000 0.070000 0.000213
0.010000 0.080000 0.000049
0.010000 0.090000 -0.000037
0.010000 0.100000 -0.000121
0.010000 0.110000 -0.000208
0.010000 0.120000 -0.000299
0.010000 0.130000 -0.000393
0.010000 0.140000 -0.000488
0.010000 0.150000 -0.000586
0.010000 0.160000 -0.000685
0.010000 0.170000 -0.000786
0.010000 0.180000 -0.000888
0.010000 0.190000 -0.000993
0.010000 0.200000 -0.001100
0.010000 0.210000 -0.001209
0.010000 0.220000 -0.001321
0.010000 0.230000 -0.001434
0.010000 0.240000 -0.001549
0.010000 0.250000 -0.001664
0.010000 0.260000 -0.001774
0.010000 0.270000 -0.001891
0.010000 0.280000 -0.002011
0.010000 0.290000 0.000000
0.010000 0.300000 0.000000
0.010000 0.310000 0.000000
0.010000 0.320000 0.000000
0.010000 0.330000 0.000000
0.010000 0.340000 0.000000
0.010000 0.350000 0.000000
0.010000 0.360000 0.000000
0.010000 0.370000 0.000000
0.010000 0.380000 0.000000
0.010000 0.390000 0.000000
0.010000 0.400000 0.000000
0.010000 0.410000 0.000000
0.010000 0.420000 0.000000
0.010000 0.430000 0.000000
0.010000 0.440000 0.000000
0.010000 0.450000 0.000000
0.010000 0.460000 0.000000
0.010000 0.470000 0.000000
0.010000 0.480000 0.000000
0.010000 0.490000 0.000000
0.020000 0.000000 0.011305
0.020000 0.010000 0.003549
0.020000 0.020000 -0.032122
0.020000 0.030000 0.000000
0.020000 0.040000 0.000000
0.020000 0.050000 -0.000077
0.020000 0.060000 0.000000
0.020000 0.070000 0.000264
0.020000 0.080000 0.000075
0.020000 0.090000 -0.000023
0.020000 0.100000 -0.000113
0.020000 0.110000 -0.000202
0.020000 0.120000 -0.000294
0.020000 0.130000 -0.000389
0.020000 0.140000 -0.000484
0.020000 0.150000 -0.000582
0.020000 0.160000 -0.000681
0.020000 0.170000 -0.000782
0.020000 0.180000 -0.000885
0.020000 0.190000 -0.000989
0.020000 0.200000 -0.001096
0.020000 0.210000 -0.001205
0.020000 0.220000 -0.001317
0.020000 0.230000 -0.001432
0.020000 0.240000 -0.001551
0.020000 0.250000 -0.001674
0.020000 0.260000 -0.001801
0.020000 0.270000 -0.001952
0.020000 0.280000 -0.002077
0.020000 0.290000 -0.002264
0.020000 0.300000 0.000000
0.020000 0.310000 0.000000
0.020000 0.320000 0.000000
0.020000 0.330000 0.000000
0.020000 0.340000 0.000000
0.020000 0.350000 0.000000
0.020000 0.360000 0.000000
0.020000 0.370000 0.000000
0.020000 0.380000 0.000000
0.020000 0.390000 0.000000
0.020000 0.400000 0.000000
0.020000 0.410000 0.000000
0.020000 0.420000 0.000000
0.020000 0.430000 0.000000
0.020000 0.440000 0.000000
0.020000 0.450000 0.000000
0.020000 0.460000 0.000000
0.020000 0.470000 0.000000
0.020000 0.480000 0.000000
0.020000 0.490000 0.000000
0.030000 0.000000 0.013720
0.030000 0.010000 0.003777
0.030000 0.020000 0.000000
0.030000 0.030000 0.000000
0.030000 0.040000 0.000000
0.030000 0.050000 -0.000129
0.030000 0.060000 0.000000
0.030000 0.070000 0.000293
0.030000 0.080000 0.000097
0.030000 0.090000 -0.000008
0.030000 0.100000 -0.000102
0.030000 0.110000 -0.000194
0.030000 0.120000 -0.000288
0.030000 0.130000 -0.000383
0.030000 0.140000 -0.000479
0.030000 0.150000 -0.000577
0.030000 0.160000 -0.000676
0.030000 0.170000 -0.000776
0.030000 0.180000 -0.000879
0.030000 0.190000 -0.000983
0.030000 0.200000 -0.001089
0.030000 0.210000 -0.001198
0.030000 0.220000 -0.001310
0.030000 0.230000 -0.001426
0.030000 0.240000 -0.001549
0.030000 0.250000 -0.001680
0.030000 0.260000 -0.001821
0.030000 0.270000 -0.001996
0.030000 0.280000 -0.002191
0.030000 0.290000 0.000000
0.030000 0.300000 0.000000
0.030000 0.310000 0.000000
0.030000 0.320000 0.000000
0.030000 0.330000 0.000000
0.030000 0.340000 0.000000
0.030000 0.350000 0.000000
0.030000 0.360000 0.000000
0.030000 0.370000 0.000000
0.030000 0.380000 0.000000
0.030000 0.390000 0.000000
0.030000 0.400000 0.000000
0.030000 0.410000 0.000000
0.030000 0.420000 0.000000
0.030000 0.430000 0.000000
0.030000 0.440000 0.000000
0.030000 0.450000 0.000000
0.030000 0.460000 0.000000
0.030000 0.470000 0.000000
0.030000 0.480000 0.000000
0.030000 0.490000 0.000000
0.040000 0.000000 0.012123
0.040000 0.010000 0.005728
0.040000 0.020000 0.000000
0.040000 0.030000 0.000000
0.040000 0.040000 0.006015
0.040000 0.050000 -0.000215
0.040000 0.060000 0.000000
0.040000 0.070000 0.000300
0.040000 0.080000 0.000111
0.040000 0.090000 0.000005
0.040000 0.100000 -0.000090
0.040000 0.110000 -0.000184
0.040000 0.120000 -0.000279
0.040000 0.130000 -0.000375
0.040000 0.140000 -0.000472
0.040000 0.150000 -0.000570
0.040000 0.160000 -0.000669
0.040000 0.170000 -0.000769
0.040000 0.180000 -0.000871
0.040000 0.190000 -0.000974
0.040000 0.200000 -0.001080
0.040000 0.210000 -0.001187
0.040000 0.220000 -0.001299
0.040000 0.230000 -0.001415
0.040000 0.240000 -0.001538
0.040000 0.250000 -0.001674
0.040000 0.260000 -0.001831
0.040000 0.270000 -0.002051
0.040000 0.280000 -0.002338
0.040000 0.290000 -0.002986
0.040000 0.300000 0.000000
0.040000 0.310000 0.000000
0.040000 0.320000 0.000000
0.040000 0.330000 0.000000
0.040000 0.340000 0.000000
0.040000 0.350000 0.000000
0.040000 0.360000 0.000000
0.040000 0.370000 0.000000
0.040000 0.380000 0.000000
0.040000 0.390000 0.000000
0.040000 0.400000 0.000000
0.040000 0.410000 0.000000
0.040000 0.420000 0.000000
0.040000 0.430000 0.000000
0.040000 0.440000 0.000000
0.040000 0.450000 0.000000
0.040000 0.460000 0.000000
0.040000 0.470000 0.000000
0.040000 0.480000 0.000000
0.040000 0.490000 0.000000
0.050000 0.000000 0.009765
0.050000 0.010000 0.008093
0.050000 0.020000 0.000000
0.050000 0.030000 0.000000
0.050000 0.040000 0.000583
0.050000 0.050000 0.000000
0.050000 0.060000 0.000574
0.050000 0.070000 0.000301
0.050000 0.080000 0.000141
0.050000 0.090000 0.000027
0.050000 0.100000 -0.000075
0.050000 0.110000 -0.000173
0.050000 0.120000 -0.000270
0.050000 0.130000 -0.000367
0.050000 0.140000 -0.000464
0.050000 0.150000 -0.000562
0.050000 0.160000 -0.000661
0.050000 0.170000 -0.000761
0.050000 0.180000 -0.000862
0.050000 0.190000 -0.000964
0.050000 0.200000 -0.001068
0.050000 0.210000 -0.001174
0.050000 0.220000 -0.001282
0.050000 0.230000 -0.001396
0.050000 0.240000 -0.001515
0.050000 0.250000 -0.001646
0.050000 0.260000 -0.001796
0.050000 0.270000 -0.001998
0.050000 0.280000 -0.002231
0.050000 0.290000 -0.002695
0.050000 0.300000 0.000000
0.050000 0.310000 0.000000
0.050000 0.320000 0.000000
0.050000 0.330000 0.000000
0.050000 0.340000 0.000000
0.050000 0.350000 0.000000
0.050000 0.360000 0.000000
0.050000 0.370000 0.000000
0.050000 0.380000 0.000000
0.050000 0.390000 0.000000
0.050000 0.400000 0.000000
0.050000 0.410000 0.000000
0.050000 0.420000 0.000000
0.050000 0.430000 0.000000
0.050000 0.440000 0.000000
0.050000 0.450000 0.000000
0.050000 0.460000 0.000000
0.050000 0.470000 0.000000
0.050000 0.480000 0.000000
0.050000 0.490000 0.000000
0.060000 0.000000 0.009478
0.060000 0.010000 0.008563
0.060000 0.020000 0.000000
0.060000 0.030000 0.000000
0.060000 0.040000 0.000000
0.060000 0.050000 0.001894
0.060000 0.060000 0.000000
0.060000 0.070000 0.000336
0.060000 0.080000 0.000147
0.060000 0.090000 0.000036
0.060000 0.100000 -0.000065
0.060000 0.110000 -0.000163
0.060000 0.120000 -0.000261
0.060000 0.130000 -0.000358
0.060000 0.140000 -0.000456
0.060000 0.150000 -0.000554
0.060000 0.160000 -0.000652
0.060000 0.170000 -0.000751
0.060000 0.180000 -0.000851
0.060000 0.190000 -0.000952
0.060000 0.200000 -0.001054
0.060000 0.210000 -0.001157
0.060000 0.220000 -0.001262
0.060000 0.230000 -0.001370
0.060000 0.240000 -0.001481
0.060000 0.250000 -0.001599
0.060000 0.260000 -0.001724
0.060000 0.270000 -0.001876
0.060000 0.280000 -0.001998
0.060000 0.290000 -0.002187
0.060000 0.300000 0.000000
0.060000 0.310000 0.000000
0.060000 0.320000 0.000000
0.060000 0.330000 0.000000
0.060000 0.340000 0.000000
0.060000 0.350000 0.000000
0.060000 0.360000 0.000000
0.060000 0.370000 0.000000
0.060000 0.380000 0.000000
0.060000 0.390000 0.000000
0.060000 0.400000 0.000000
0.060000 0.410000 0.000000
0.060000 0.420000 0.000000
0.060000 0.430000 0.000000
0.060000 0.440000 0.000000
0.060000 0.450000 0.000000
0.060000 0.460000 0.000000
0.060000 0.470000 0.000000
0.060000 0.480000 0.000000
0.060000 0.490000 0.000000
0.070000 0.000000 0.009591
0.070000 0.010000 0.008521
0.070000 0.020000 0.006355
0.070000 0.030000 0.005328
0.070000 0.040000 0.002639
0.070000 0.050000 0.001779
0.070000 0.060000 0.000000
0.070000 0.070000 0.000361
0.070000 0.080000 0.000162
0.070000 0.090000 0.000046
0.070000 0.100000 -0.000056
0.070000 0.110000 -0.000154
0.070000 0.120000 -0.000252
0.070000 0.130000 -0.000350
0.070000 0.140000 -0.000447
0.070000 0.150000 -0.000545
0.070000 0.160000 -0.000643
0.070000 0.170000 -0.000741
0.070000 0.180000 -0.000840
0.070000 0.190000 -0.000939
0.070000 0.200000 -0.001038
0.070000 0.210000 -0.001138
0.070000 0.220000 -0.001239
0.070000 0.230000 -0.001340
0.070000 0.240000 -0.001442
0.070000 0.250000 -0.001543
0.070000 0.260000 -0.001642
0.070000 0.270000 -0.001749
0.070000 0.280000 -0.001801
0.070000 0.290000 -0.001905
0.070000 0.300000 0.000000
0.070000 0.310000 0.000000
0.070000 0.320000 0.000000
0.070000 0.330000 0.000000
0.070000 0.340000 0.000000
0.070000 0.350000 0.000000
0.070000 0.360000 0.000000
0.070000 0.370000 0.000000
0.070000 0.380000 0.000000
0.070000 0.390000 0.000000
0.070000 0.400000 0.000000
0.070000 0.410000 0.000000
0.070000 0.420000 0.000000
0.070000 0.430000 0.000000
0.070000 0.440000 0.000000
0.070000 0.450000 0.000000
0.070000 0.460000 0.000000
0.070000 0.470000 0.000000
0.070000 0.480000 0.000000
0.070000 0.490000 0.000000
0.080000 0.000000 0.010063
0.080000 0.010000 0.009316
0.080000 0.020000 0.009967
0.080000 0.030000 0.008208
0.080000 0.040000 0.007816
0.080000 0.050000 0.004672
0.080000 0.060000 0.001142
0.080000 0.070000 0.000366
0.080000 0.080000 0.000168
0.080000 0.090000 0.000049
0.080000 0.100000 -0.000050
0.080000 0.110000 -0.000147
0.080000 0.120000 -0.000244
0.080000 0.130000 -0.000341
0.080000 0.140000 -0.000438
0.080000 0.150000 -0.000535
0.080000 0.160000 -0.000633
0.080000 0.170000 -0.000730
0.080000 0.180000 -0.000828
0.080000 0.190000 -0.000925
0.080000 0.200000 -0.001022
0.080000 0.210000 -0.001119
0.080000 0.220000 -0.001215
0.080000 0.230000 -0.001310
0.080000 0.240000 -0.001402
0.080000 0.250000 -0.001489
0.080000 0.260000 -0.001566
0.080000 0.270000 -0.001642
0.080000 0.280000 -0.001654
0.080000 0.290000 -0.001723
0.080000 0.300000 0.000000
0.080000 0.310000 0.000000
0.080000 0.320000 0.000000
0.080000 0.330000 0.000000
0.080000 0.340000 0.000000
0.080000 0.350000 0.000000
0.080000 0.360000 0.000000
0.080000 0.370000 0.000000
0.080000 0.380000 0.000000
0.080000 0.390000 0.000000
0.080000 0.400000 0.000000
0.080000 0.410000 0.000000
0.080000 0.420000 0.000000
0.080000 0.430000 0.000000
0.080000 0.440000 0.000000
0.080000 0.450000 0.000000
0.080000 0.460000 0.000000
0.080000 0.470000 0.000000
0.080000 0.480000 0.000000
0.080000 0.490000 0.000000
0.090000 0.000000 0.010379
0.090000 0.010000 0.009246
0.090000 0.020000 0.007755
0.090000 0.030000 0.007103
0.090000 0.040000 0.000000
0.090000 0.050000 0.004628
0.090000 0.060000 0.000000
0.090000 0.070000 0.000361
0.090000 0.080000 0.000164
0.090000 0.090000 0.000056
0.090000 0.100000 -0.000042
0.090000 0.110000 -0.000138
0.090000 0.120000 -0.000235
0.090000 0.130000 -0.000332
0.090000 0.140000 -0.000429
0.090000 0.150000 -0.000526
0.090000 0.160000 -0.000623
0.090000 0.170000 -0.000720
0.090000 0.180000 -0.000816
0.090000 0.190000 -0.000912
0.090000 0.200000 -0.001007
0.090000 0.210000 -0.001101
0.090000 0.220000 -0.001193
0.090000 0.230000 -0.001282
0.090000 0.240000 -0.001367
0.090000 0.250000 -0.001444
0.090000 0.260000 -0.001507
0.090000 0.270000 -0.001564
0.090000 0.280000 -0.001551
0.090000 0.290000 -0.001572
0.090000 0.300000 0.000000
0.090000 0.310000 0.000000
0.090000 0.320000 0.000000
0.090000 0.330000 0.000000
0.090000 0.340000 0.000000
0.090000 0.350000 0.000000
0.090000 0.360000 0.000000
0.090000 0.370000 0.000000
0.090000 0.380000 0.000000
0.090000 0.390000 0.000000
0.090000 0.400000 0.000000
0.090000 0.410000 0.000000
0.090000 0.420000 0.000000
0.090000 0.430000 0.000000
0.090000 0.440000 0.000000
0.090000 0.450000 0.000000
0.090000 0.460000 0.000000
0.090000 0.470000 0.000000
0.090000 0.480000 0.000000
0.090000 0.490000 0.000000
0.100000 0.000000 0.010481
0.100000 0.010000 0.000000
0.100000 0.020000 0.000000
0.100000 0.030000 0.007639
0.100000 0.040000 0.005678
0.100000 0.050000 0.000000
0.100000 0.060000 0.001195
0.100000 0.070000 0.000390
0.100000 0.080000 0.000179
0.100000 0.090000 0.000074
0.100000 0.100000 -0.000027
0.100000 0.110000 -0.000126
0.100000 0.120000 -0.000225
0.100000 0.130000 -0.000322
0.100000 0.140000 -0.000420
0.100000 0.150000 -0.000517
0.100000 0.160000 -0.000613
0.100000 0.170000 -0.000709
0.100000 0.180000 -0.000804
0.100000 0.190000 -0.000899
0.100000 0.200000 -0.000993
0.100000 0.210000 -0.001084
0.100000 0.220000 -0.001174
0.100000 0.230000 -0.001259
0.100000 0.240000 -0.001340
0.100000 0.250000 -0.001411
0.100000 0.260000 -0.001470
0.100000 0.270000 -0.001522
0.100000 0.280000 -0.001518
0.100000 0.290000 -0.001552
0.100000 0.300000 0.000000
0.100000 0.310000 0.000000
0.100000 0.320000 0.000000
0.100000 0.330000 0.000000
0.100000 0.340000 0.000000
0.100000 0.350000 0.000000
0.100000 0.360000 0.000000
0.100000 0.370000 0.000000
0.100000 0.380000 0.000000
0.100000 0.390000 0.000000
0.100000 0.400000 0.000000
0.100000 0.410000 0.000000
0.100000 0.420000 0.000000
0.100000 0.430000 0.000000
0.100000 0.440000 0.000000
0.100000 0.450000 0.000000
0.100000 0.460000 0.000000
0.100000 0.470000 0.000000
0.100000 0.480000 0.000000
0.100000 0.490000 0.000000
0.110000 0.000000 0.010584
0.110000 0.010000 0.010121
0.110000 0.020000 0.000000
0.110000 0.030000 0.008199
0.110000 0.040000 0.000000
0.110000 0.050000 -0.007261
0.110000 0.060000 0.000000
0.110000 0.070000 0.000402
0.110000 0.080000 0.000189
0.110000 0.090000 0.000077
0.110000 0.100000 -0.000021
0.110000 0.110000 -0.000118
0.110000 0.120000 -0.000216
0.110000 0.130000 -0.000314
0.110000 0.140000 -0.000411
0.110000 0.150000 -0.000507
0.110000 0.160000 -0.000604
0.110000 0.170000 -0.000699
0.110000 0.180000 -0.000794
0.110000 0.190000 -0.000888
0.110000 0.200000 -0.000980
0.110000 0.210000 -0.001070
0.110000 0.220000 -0.001158
0.110000 0.230000 -0.001242
0.110000 0.240000 -0.001320
0.110000 0.250000 -0.001392
0.110000 0.260000 -0.001452
0.110000 0.270000 -0.001505
0.110000 0.280000 -0.001547
0.110000 0.290000 -0.001663
0.110000 0.300000 0.000000
0.110000 0.310000 0.000000
0.110000 0.320000 0.000000
0.110000 0.330000 0.000000
0.110000 0.340000 0.000000
0.110000 0.350000 0.000000
0.110000 0.360000 0.000000
0.110000 0.370000 0.000000
0.110000 0.380000 0.000000
0.110000 0.390000 0.000000
0.110000 0.400000 0.000000
0.110000 0.410000 0.000000
0.110000 0.420000 0.000000
0.110000 0.430000 0.000000
0.110000 0.440000 0.000000
0.110000 0.450000 0.000000
0.110000 0.460000 0.000000
0.110000 0.470000 0.000000
0.110000 0.480000 0.000000
0.110000 0.490000 0.000000
0.120000 0.000000 0.010628
0.120000 0.010000 0.009986
0.120000 0.020000 0.000000
0.120000 0.030000 0.008196
0.120000 0.040000 0.000000
0.120000 0.050000 -0.007427
0.120000 0.060000 0.000000
0.120000 0.070000 0.000402
0.120000 0.080000 0.000204
0.120000 0.090000 0.000090
0.120000 0.100000 -0.000012
0.120000 0.110000 -0.000110
0.120000 0.120000 -0.000208
0.120000 0.130000 -0.000305
0.120000 0.140000 -0.000402
0.120000 0.150000 -0.000499
0.120000 0.160000 -0.000595
0.120000 0.170000 -0.000690
0.120000 0.180000 -0.000784
0.120000 0.190000 -0.000877
0.120000 0.200000 -0.000969
0.120000 0.210000 -0.001059
0.120000 0.220000 -0.001146
0.120000 0.230000 -0.001229
0.120000 0.240000 -0.001309
0.120000 0.250000 -0.001383
0.120000 0.260000 -0.001448
0.120000 0.270000 -0.001513
0.120000 0.280000 -0.001584
0.120000 0.290000 -0.001745
0.120000 0.300000 0.000000
0.120000 0.310000 0.000000
0.120000 0.320000 0.000000
0.120000 0.330000 0.000000
0.120000 0.340000 0.000000
0.120000 0.350000 0.000000
0.120000 0.360000 0.000000
0.120000 0.370000 0.000000
0.120000 0.380000 0.000000
0.120000 0.390000 0.000000
0.120000 0.400000 0.000000
0.120000 0.410000 0.000000
0.120000 0.420000 0.000000
0.120000 0.430000 0.000000
0.120000 0.440000 0.000000
0.120000 0.450000 0.000000
0.120000 0.460000 0.000000
0.120000 0.470000 0.000000
0.120000 0.480000 0.000000
0.120000 0.490000 0.000000
0.130000 0.000000 0.010660
0.130000 0.010000 0.009948
0.130000 0.020000 0.000000
0.130000 0.030000 0.008160
0.130000 0.040000 0.000000
0.130000 0.050000 -0.007505
0.130000 0.060000 0.000000
0.130000 0.070000 0.000417
0.130000 0.080000 0.000217
0.130000 0.090000 0.000101
0.130000 0.100000 -0.000002
0.130000 0.110000 -0.000101
0.130000 0.120000 -0.000200
0.130000 0.130000 -0.000298
0.130000 0.140000 -0.000395
0.130000 0.150000 -0.000491
0.130000 0.160000 -0.000587
0.130000 0.170000 -0.000682
0.130000 0.180000 -0.000776
0.130000 0.190000 -0.000869
0.130000 0.200000 -0.000960
0.130000 0.210000 -0.001050
0.130000 0.220000 -0.001137
0.130000 0.230000 -0.001222
0.130000 0.240000 -0.001303
0.130000 0.250000 -0.001381
0.130000 0.260000 -0.001452
0.130000 0.270000 -0.001528
0.130000 0.280000 -0.001618
0.130000 0.290000 -0.001798
0.130000 0.300000 0.000000
0.130000 0.310000 0.000000
0.130000 0.320000 0.000000
0.130000 0.330000 0.000000
0.130000 0.340000 0.000000
0.130000 0.350000 0.000000
0.130000 0.360000 0.000000
0.130000 0.370000 0.000000
0.130000 0.380000 0.000000
0.130000 0.390000 0.000000
0.130000 0.400000 0.000000
0.130000 0.410000 0.000000
0.130000 0.420000 0.000000
0.130000 0.430000 0.000000
0.130000 0.440000 0.000000
0.130000 0.450000 0.000000
0.130000 0.460000 0.000000
0.130000 0.470000 0.000000
0.130000 0.480000 0.000000
0.130000 0.490000 0.000000
0.140000 0.000000 0.010697
0.140000 0.010000 0.009840
0.140000 0.020000 0.000000
0.140000 0.030000 0.008123
0.140000 0.040000 0.000000
0.140000 0.050000 -0.007546
0.140000 0.060000 0.000000
0.140000 0.070000 0.000423
0.140000 0.080000 0.000224
0.140000 0.090000 0.000108
0.140000 0.100000 0.000006
0.140000 0.110000 -0.000094
0.140000 0.120000 -0.000192
0.140000 0.130000 -0.000290
0.140000 0.140000 -0.000388
0.140000 0.150000 -0.000484
0.140000 0.160000 -0.000580
0.140000 0.170000 -0.000675
0.140000 0.180000 -0.000769
0.140000 0.190000 -0.000861
0.140000 0.200000 -0.000953
0.140000 0.210000 -0.001043
0.140000 0.220000 -0.001131
0.140000 0.230000 -0.001217
0.140000 0.240000 -0.001300
0.140000 0.250000 -0.001382
0.140000 0.260000 -0.001460
0.140000 0.270000 -0.001544
0.140000 0.280000 -0.001644
0.140000 0.290000 -0.001833
0.140000 0.300000 0.000000
0.140000 0.310000 0.000000
0.140000 0.320000 0.000000
0.140000 0.330000 0.000000
0.140000 0.340000 0.000000
0.140000 0.350000 0.000000
0.140000 0.360000 0.000000
0.140000 0.370000 0.000000
0.140000 0.380000 0.000000
0.140000 0.390000 0.000000
0.140000 0.400000 0.000000
0.140000 0.410000 0.000000
0.140000 0.420000 0.000000
0.140000 0.430000 0.000000
0.140000 0.440000 0.000000
0.140000 0.450000 0.000000
0.140000 0.460000 0.000000
0.140000 0.470000 0.000000
0.140000 0.480000 0.000000
0.140000 0.490000 0.000000
0.150000 0.000000 0.010735
0.150000 0.010000 0.000000
0.150000 0.020000 0.000000
0.150000 0.030000 0.008087
0.150000 0.040000 0.000000
0.150000 0.050000 -0.007574
0.150000 0.060000 0.000000
0.150000 0.070000 0.000427
0.150000 0.080000 0.000230
0.150000 0.090000 0.000115
0.150000 0.100000 0.000012
0.150000 0.110000 -0.000087
0.150000 0.120000 -0.000186
0.150000 0.130000 -0.000284
0.150000 0.140000 -0.000381
0.150000 0.150000 -0.000478
0.150000 0.160000 -0.000573
0.150000 0.170000 -0.000668
0.150000 0.180000 -0.000763
0.150000 0.190000 -0.000856
0.150000 0.200000 -0.000947
0.150000 0.210000 -0.001038
0.150000 0.220000 -0.001127
0.150000 0.230000 -0.001215
0.150000 0.240000 -0.001300
0.150000 0.250000 -0.001385
0.150000 0.260000 -0.001468
0.150000 0.270000 -0.001558
0.150000 0.280000 -0.001664
0.150000 0.290000 -0.001857
0.150000 0.300000 0.000000
0.150000 0.310000 0.000000
0.150000 0.320000 0.000000
0.150000 0.330000 0.000000
0.150000 0.340000 0.000000
0.150000 0.350000 0.000000
0.150000 0.360000 0.000000
0.150000 0.370000 0.000000
0.150000 0.380000 0.000000
0.150000 0.390000 0.000000
0.150000 0.400000 0.000000
0.150000 0.410000 0.000000
0.150000 0.420000 0.000000
0.150000 0.430000 0.000000
0.150000 0.440000 0.000000
0.150000 0.450000 0.000000
0.150000 0.460000 0.000000
0.150000 0.470000 0.000000
0.150000 0.480000 0.000000
0.150000 0.490000 0.000000
0.160000 0.000000 0.010768
0.160000 0.010000 0.000000
0.160000 0.020000 0.000000
0.160000 0.030000 0.008051
0.160000 0.040000 0.000000
0.160000 0.050000 -0.007588
0.160000 0.060000 0.000000
0.160000 0.070000 0.000430
0.160000 0.080000 0.000235
0.160000 0.090000 0.000120
0.160000 0.100000 0.000018
0.160000 0.110000 -0.000081
0.160000 0.120000 -0.000180
0.160000 0.130000 -0.000278
0.160000 0.140000 -0.000375
0.160000 0.150000 -0.000472
0.160000 0.160000 -0.000568
0.160000 0.170000 -0.000663
0.160000 0.180000 -0.000757
0.160000 0.190000 -0.000851
0.160000 0.200000 -0.000943
0.160000 0.210000 -0.001035
0.160000 0.220000 -0.001125
0.160000 0.230000 -0.001214
0.160000 0.240000 -0.001302
0.160000 0.250000 -0.001390
0.160000 0.260000 -0.001475
0.160000 0.270000 -0.001569
0.160000 0.280000 -0.001679
0.160000 0.290000 -0.001875
0.160000 0.300000 0.000000
0.160000 0.310000 0.000000
0.160000 0.320000 0.000000
0.160000 0.330000 0.000000
0.160000 0.340000 0.000000
0.160000 0.350000 0.000000
0.160000 0.360000 0.000000
0.160000 0.370000 0.000000
0.160000 0.380000 0.000000
0.160000 0.390000 0.000000
0.160000 0.400000 0.000000
0.160000 0.410000 0.000000
0.160000 0.420000 0.000000
0.160000 0.430000 0.000000
0.160000 0.440000 0.000000
0.160000 0.450000 0.000000
0.160000 0.460000 0.000000
0.160000 0.470000 0.000000
0.160000 0.480000 0.000000
0.160000 0.490000 0.000000
0.170000 0.000000 0.010802
0.170000 0.010000 0.000000
0.170000 0.020000 0.000000
0.170000 0.030000 0.008015
0.170000 0.040000 0.000000
0.170000 0.050000 -0.007593
0.170000 0.060000 0.000000
0.170000 0.070000 0.000433
0.170000 0.080000 0.000239
0.170000 0.090000 0.000125
0.170000 0.100000 0.000023
0.170000 0.110000 -0.000076
0.170000 0.120000 -0.000175
0.170000 0.130000 -0.000273
0.170000 0.140000 -0.000370
0.170000 0.150000 -0.000467
0.170000 0.160000 -0.000563
0.170000 0.170000 -0.000659
0.170000 0.180000 -0.000753
0.170000 0.190000 -0.000847
0.170000 0.200000 -0.000940
0.170000 0.210000 -0.001032
0.170000 0.220000 -0.001124
0.170000 0.230000 -0.001214
0.170000 0.240000 -0.001304
0.170000 0.250000 -0.001394
0.170000 0.260000 -0.001482
0.170000 0.270000 -0.001579
0.170000 0.280000 -0.001691
0.170000 0.290000 -0.001889
0.170000 0.300000 0.000000
0.170000 0.310000 0.000000
0.170000 0.320000 0.000000
0.170000 0.330000 0.000000
0.170000 0.340000 0.000000
0.170000 0.350000 0.000000
0.170000 0.360000 0.000000
0.170000 0.370000 0.000000
0.170000 0.380000 0.000000
0.170000 0.390000 0.000000
0.170000 0.400000 0.000000
0.170000 0.410000 0.000000
0.170000 0.420000 0.000000
0.170000 0.430000 0.000000
0.170000 0.440000 0.000000
0.170000 0.450000 0.000000
0.170000 0.460000 0.000000
0.170000 0.470000 0.000000
0.170000 0.480000 0.000000
0.170000 0.490000 0.000000
0.180000 0.000000 0.010835
0.180000 0.010000 0.000000
0.180000 0.020000 0.000000
0.180000 0.030000 0.007979
0.180000 0.040000 0.000000
0.180000 0.050000 -0.007594
0.180000 0.060000 0.000000
0.180000 0.070000 0.000435
0.180000 0.080000 0.000242
0.180000 0.090000 0.000129
0.180000 0.100000 0.000027
0.180000 0.110000 -0.000072
0.180000 0.120000 -0.000170
0.180000 0.130000 -0.000269
0.180000 0.140000 -0.000366
0.180000 0.150000 -0.000463
0.180000 0.160000 -0.000559
0.180000 0.170000 -0.000655
0.180000 0.180000 -0.000750
0.180000 0.190000 -0.000844
0.180000 0.200000 -0.000938
0.180000 0.210000 -0.001031
0.180000 0.220000 -0.001123
0.180000 0.230000 -0.001215
0.180000 0.240000 -0.001306
0.180000 0.250000 -0.001398
0.180000 0.260000 -0.001489
0.180000 0.270000 -0.001587
0.180000 0.280000 -0.001701
0.180000 0.290000 -0.001899
0.180000 0.300000 0.000000
0.180000 0.310000 0.000000
0.180000 0.320000 0.000000
0.180000 0.330000 0.000000
0.180000 0.340000 0.000000
0.180000 0.350000 0.000000
0.180000 0.360000 0.000000
0.180000 0.370000 0.000000
0.180000 0.380000 0.000000
0.180000 0.390000 0.000000
0.180000 0.400000 0.000000
0.180000 0.410000 0.000000
0.180000 0.420000 0.000000
0.180000 0.430000 0.000000
0.180000 0.440000 0.000000
0.180000 0.450000 0.000000
0.180000 0.460000 0.000000
0.180000 0.470000 0.000000
0.180000 0.480000 0.000000
0.180000 0.490000 0.000000
0.190000 0.000000 0.010869
0.190000 0.010000 0.000000
0.190000 0.020000 0.000000
0.190000 0.030000 0.007942
0.190000 0.040000 0.000000
0.190000 0.050000 -0.007593
0.190000 0.060000 0.000000
0.190000 0.070000 0.000438
0.190000 0.080000 0.000245
0.190000 0.090000 0.000132
0.190000 0.100000 0.000031
0.190000 0.110000 -0.000068
0.190000 0.120000 -0.000167
0.190000 0.130000 -0.000265
0.190000 0.140000 -0.000362
0.190000 0.150000 -0.000459
0.190000 0.160000 -0.000556
0.190000 0.170000 -0.000652
0.190000 0.180000 -0.000747
0.190000 0.190000 -0.000842
0.190000 0.200000 -0.000936
0.190000 0.210000 -0.001030
0.190000 0.220000 -0.001123
0.190000 0.230000 -0.001216
0.190000 0.240000 -0.001309
0.190000 0.250000 -0.001402
0.190000 0.260000 -0.001494
0.190000 0.270000 -0.001594
0.190000 0.280000 -0.001709
0.190000 0.290000 -0.001908
0.190000 0.300000 0.000000
0.190000 0.310000 0.000000
0.190000 0.320000 0.000000
0.190000 0.330000 0.000000
0.190000 0.340000 0.000000
0.190000 0.350000 0.000000
0.190000 0.360000 0.000000
0.190000 0.370000 0.000000
0.190000 0.380000 0.000000
0.190000 0.390000 0.000000
0.190000 0.400000 0.000000
0.190000 0.410000 0.000000
0.190000 0.420000 0.000000
0.190000 0.430000 0.000000
0.190000 0.440000 0.000000
0.190000 0.450000 0.000000
0.190000 0.460000 0.000000
0.190000 0.470000 0.000000
0.190000 0.480000 0.000000
0.190000 0.490000 0.000000
0.200000 0.000000 0.010904
0.200000 0.010000 0.000000
0.200000 0.020000 0.000000
0.200000 0.030000 0.007906
0.200000 0.040000 0.000000
0.200000 0.050000 -0.007592
0.200000 0.060000 0.000000
0.200000 0.070000 0.000440
0.200000 0.080000 0.000248
0.200000 0.090000 0.000135
0.200000 0.100000 0.000034
0.200000 0.110000 -0.000065
0.200000 0.120000 -0.000163
0.200000 0.130000 -0.000261
0.200000 0.140000 -0.000359
0.200000 0.150000 -0.000456
0.200000 0.160000 -0.000553
0.200000 0.170000 -0.000649
0.200000 0.180000 -0.000745
0.200000 0.190000 -0.000840
0.200000 0.200000 -0.000935
0.200000 0.210000 -0.001029
0.200000 0.220000 -0.001123
0.200000 0.230000 -0.001217
0.200000 0.240000 -0.001311
0.200000 0.250000 -0.001405
0.200000 0.260000 -0.001498
0.200000 0.270000 -0.001599
0.200000 0.280000 -0.001715
0.200000 0.290000 -0.001914
0.200000 0.300000 0.000000
0.200000 0.310000 0.000000
0.200000 0.320000 0.000000
0.200000 0.330000 0.000000
0.200000 0.340000 0.000000
0.200000 0.350000 0.000000
0.200000 0.360000 0.000000
0.200000 0.370000 0.000000
0.200000 0.380000 0.000000
0.200000 0.390000 0.000000
0.200000 0.400000 0.000000
0.200000 0.410000 0.000000
0.200000 0.420000 0.000000
0.200000 0.430000 0.000000
0.200000 0.440000 0.000000
0.200000 0.450000 0.000000
0.200000 0.460000 0.000000
0.200000 0.470000 0.000000
0.200000 0.480000 0.000000
0.200000 0.490000 0.000000
0.210000 0.000000 0.010938
0.210000 0.010000 0.000000
0.210000 0.020000 0.000000
0.210000 0.030000 0.007870
0.210000 0.040000 0.000000
0.210000 0.050000 -0.007591
0.210000 0.060000 0.000000
0.210000 0.070000 0.000443
0.210000 0.080000 0.000251
0.210000 0.090000 0.000138
0.210000 0.100000 0.000037
0.210000 0.110000 -0.000062
0.210000 0.120000 -0.000161
0.210000 0.130000 -0.000259
0.210000 0.140000 -0.000356
0.210000 0.150000 -0.000454
0.210000 0.160000 -0.000551
0.210000 0.170000 -0.000647
0.210000 0.180000 -0.000743
0.210000 0.190000 -0.000839
0.210000 0.200000 -0.000934
0.210000 0.210000 -0.001029
0.210000 0.220000 -0.001124
0.210000 0.230000 -0.001218
0.210000 0.240000 -0.001313
0.210000 0.250000 -0.001408
0.210000 0.260000 -0.001502
0.210000 0.270000 -0.001604
0.210000 0.280000 -0.001720
0.210000 0.290000 -0.001920
0.210000 0.300000 0.000000
0.210000 0.310000 0.000000
0.210000 0.320000 0.000000
0.210000 0.330000 0.000000
0.210000 0.340000 0.000000
0.210000 0.350000 0.000000
0.210000 0.360000 0.000000
0.210000 0.370000 0.000000
0.210000 0.380000 0.000000
0.210000 0.390000 0.000000
0.210000 0.400000 0.000000
0.210000 0.410000 0.000000
0.210000 0.420000 0.000000
0.210000 0.430000 0.000000
0.210000 0.440000 0.000000
0.210000 0.450000 0.000000
0.210000 0.460000 0.000000
0.210000 0.470000 0.000000
0.210000 0.480000 0.000000
0.210000 0.490000 0.000000
0.220000 0.000000 0.010972
0.220000 0.010000 0.000000
0.220000 0.020000 0.000000
0.220000 0.030000 0.007834
0.220000 0.040000 0.000000
0.220000 0.050000 -0.007590
0.220000 0.060000 0.000000
0.220000 0.070000 0.000445
0.220000 0.080000 0.000253
0.220000 0.090000 0.000140
0.220000 0.100000 0.000039
0.220000 0.110000 -0.000060
0.220000 0.120000 -0.000158
0.220000 0.130000 -0.000256
0.220000 0.140000 -0.000354
0.220000 0.150000 -0.000452
0.220000 0.160000 -0.000549
0.220000 0.170000 -0.000645
0.220000 0.180000 -0.000742
0.220000 0.190000 -0.000838
0.220000 0.200000 -0.000933
0.220000 0.210000 -0.001029
0.220000 0.220000 -0.001124
0.220000 0.230000 -0.001219
0.220000 0.240000 -0.001315
0.220000 0.250000 -0.001411
0.220000 0.260000 -0.001505
0.220000 0.270000 -0.001608
0.220000 0.280000 -0.001724
0.220000 0.290000 -0.001924
0.220000 0.300000 0.000000
0.220000 0.310000 0.000000
0.220000 0.320000 0.000000
0.220000 0.330000 0.000000
0.220000 0.340000 0.000000
0.220000 0.350000 0.000000
0.220000 0.360000 0.000000
0.220000 0.370000 0.000000
0.220000 0.380000 0.000000
0.220000 0.390000 0.000000
0.220000 0.400000 0.000000
0.220000 0.410000 0.000000
0.220000 0.420000 0.000000
0.220000 0.430000 0.000000
0.220000 0.440000 0.000000
0.220000 0.450000 0.000000
0.220000 0.460000 0.000000
0.220000 0.470000 0.000000
0.220000 0.480000 0.000000
0.220000 0.490000 0.000000
0.230000 0.000000 0.011006
0.230000 0.010000 0.000000
0.230000 0.020000 0.000000
0.230000 0.030000 0.007797
0.230000 0.040000 0.000000
0.230000 0.050000 -0.007588
0.230000 0.060000 0.000000
0.230000 0.070000 0.000447
0.230000 0.080000 0.000255
0.230000 0.090000 0.000142
0.230000 0.100000 0.000041
0.230000 0.110000 -0.000058
0.230000 0.120000 -0.000156
0.230000 0.130000 -0.000254
0.230000 0.140000 -0.000352
0.230000 0.150000 -0.000450
0.230000 0.160000 -0.000547
0.230000 0.170000 -0.000644
0.230000 0.180000 -0.000741
0.230000 0.190000 -0.000837
0.230000 0.200000 -0.000933
0.230000 0.210000 -0.001029
0.230000 0.220000 -0.001125
0.230000 0.230000 -0.001221
0.230000 0.240000 -0.001316
0.230000 0.250000 -0.001413
0.230000 0.260000 -0.001508
0.230000 0.270000 -0.001611
0.230000 0.280000 -0.001728
0.230000 0.290000 -0.001928
0.230000 0.300000 0.000000
0.230000 0.310000 0.000000
0.230000 0.320000 0.000000
0.230000 0.330000 0.000000
0.230000 0.340000 0.000000
0.230000 0.350000 0.000000
0.230000 0.360000 0.000000
0.230000 0.370000 0.000000
0.230000 0.380000 0.000000
0.230000 0.390000 0.000000
0.230000 0.400000 0.000000
0.230000 0.410000 0.000000
0.230000 0.420000 0.000000
0.230000 0.430000 0.000000
0.230000 0.440000 0.000000
0.230000 0.450000 0.000000
0.230000 0.460000 0.000000
0.230000 0.470000 0.000000
0.230000 0.480000 0.000000
0.230000 0.490000 0.000000
0.240000 0.000000 0.011041
0.240000 0.010000 0.000000
0.240000 0.020000 0.000000
0.240000 0.030000 0.007761
0.240000 0.040000 0.000000
0.240000 0.050000 -0.007586
0.240000 0.060000 0.000000
0.240000 0.070000 0.000449
0.240000 0.080000 0.000257
0.240000 0.090000 0.000144
0.240000 0.100000 0.000043
0.240000 0.110000 -0.000056
0.240000 0.120000 -0.000154
0.240000 0.130000 -0.000253
0.240000 0.140000 -0.000351
0.240000 0.150000 -0.000448
0.240000 0.160000 -0.000546
0.240000 0.170000 -0.000643
0.240000 0.180000 -0.000740
0.240000 0.190000 -0.000836
0.240000 0.200000 -0.000933
0.240000 0.210000 -0.001029
0.240000 0.220000 -0.001125
0.240000 0.230000 -0.001222
0.240000 0.240000 -0.001318
0.240000 0.250000 -0.001415
0.240000 0.260000 -0.001510
0.240000 0.270000 -0.001613
0.240000 0.280000 -0.001731
0.240000 0.290000 -0.001931
0.240000 0.300000 0.000000
0.240000 0.310000 0.000000
0.240000 0.320000 0.000000
0.240000 0.330000 0.000000
0.240000 0.340000 0.000000
0.240000 0.350000 0.000000
0.240000 0.360000 0.000000
0.240000 0.370000 0.000000
0.240000 0.380000 0.000000
0.240000 0.390000 0.000000
0.240000 0.400000 0.000000
0.240000 0.410000 0.000000
0.240000 0.420000 0.000000
0.240000 0.430000 0.000000
0.240000 0.440000 0.000000
0.240000 0.450000 0.000000
0.240000 0.460000 0.000000
0.240000 0.470000 0.000000
0.240000 0.480000 0.000000
0.240000 0.490000 0.000000
0.250000 0.000000 0.011075
0.250000 0.010000 0.000000
0.250000 0.020000 0.000000
0.250000 0.030000 0.007725
0.250000 0.040000 0.000000
0.250000 0.050000 -0.007584
0.250000 0.060000 0.000000
0.250000 0.070000 0.000450
0.250000 0.080000 0.000258
0.250000 0.090000 0.000145
0.250000 0.100000 0.000044
0.250000 0.110000 -0.000054
0.250000 0.120000 -0.000153
0.250000 0.130000 -0.000252
0.250000 0.140000 -0.000350
0.250000 0.150000 -0.000447
0.250000 0.160000 -0.000545
0.250000 0.170000 -0.000642
0.250000 0.180000 -0.000739
0.250000 0.190000 -0.000836
0.250000 0.200000 -0.000933
0.250000 0.210000 -0.001029
0.250000 0.220000 -0.001126
0.250000 0.230000 -0.001222
0.250000 0.240000 -0.001319
0.250000 0.250000 -0.001416
0.250000 0.260000 -0.001512
0.250000 0.270000 -0.001615
0.250000 0.280000 -0.001733
0.250000 0.290000 -0.001933
0.250000 0.300000 0.000000
0.250000 0.310000 0.000000
0.250000 0.320000 0.000000
0.250000 0.330000 0.000000
0.250000 0.340000 0.000000
0.250000 0.350000 0.000000
0.250000 0.360000 0.000000
0.250000 0.370000 0.000000
0.250000 0.380000 0.000000
0.250000 0.390000 0.000000
0.250000 0.400000 0.000000
0.250000 0.410000 0.000000
0.250000 0.420000 0.000000
0.250000 0.430000 0.000000
0.250000 0.440000 0.000000
0.250000 0.450000 0.000000
0.250000 0.460000 0.000000
0.250000 0.470000 0.000000
0.250000 0.480000 0.000000
0.250000 0.490000 0.000000
0.260000 0.000000 0.011109
0.260000 0.010000 0.000000
0.260000 0.020000 0.000000
0.260000 0.030000 0.007689
0.260000 0.040000 0.000000
0.260000 0.050000 -0.007582
0.260000 0.060000 0.000000
0.260000 0.070000 0.000452
0.260000 0.080000 0.000259
0.260000 0.090000 0.000147
0.260000 0.100000 0.000045
0.260000 0.110000 -0.000053
0.260000 0.120000 -0.000152
0.260000 0.130000 -0.000251
0.260000 0.140000 -0.000349
0.260000 0.150000 -0.000447
0.260000 0.160000 -0.000544
0.260000 0.170000 -0.000642
0.260000 0.180000 -0.000739
0.260000 0.190000 -0.000836
0.260000 0.200000 -0.000933
0.260000 0.210000 -0.001030
0.260000 0.220000 -0.001126
0.260000 0.230000 -0.001223
0.260000 0.240000 -0.001320
0.260000 0.250000 -0.001418
0.260000 0.260000 -0.001513
0.260000 0.270000 -0.001617
0.260000 0.280000 -0.001735
0.260000 0.290000 -0.001935
0.260000 0.300000 0.000000
0.260000 0.310000 0.000000
0.260000 0.320000 0.000000
0.260000 0.330000 0.000000
0.260000 0.340000 0.000000
0.260000 0.350000 0.000000
0.260000 0.360000 0.000000
0.260000 0.370000 0.000000
0.260000 0.380000 0.000000
0.260000 0.390000 0.000000
0.260000 0.400000 0.000000
0.260000 0.410000 0.000000
0.260000 0.420000 0.000000
0.260000 0.430000 0.000000
0.260000 0.440000 0.000000
0.260000 0.450000 0.000000
0.260000 0.460000 0.000000
0.260000 0.470000 0.000000
0.260000 0.480000 0.000000
0.260000 0.490000 0.000000
0.270000 0.000000 0.011142
0.270000 0.010000 0.000000
0.270000 0.020000 0.000000
0.270000 0.030000 0.007653
0.270000 0.040000 0.000000
0.270000 0.050000 -0.007579
0.270000 0.060000 0.000000
0.270000 0.070000 0.000453
0.270000 0.080000 0.000260
0.270000 0.090000 0.000147
0.270000 0.100000 0.000046
0.270000 0.110000 -0.000053
0.270000 0.120000 -0.000151
0.270000 0.130000 -0.000250
0.270000 0.140000 -0.000348
0.270000 0.150000 -0.000446
0.270000 0.160000 -0.000544
0.270000 0.170000 -0.000641
0.270000 0.180000 -0.000739
0.270000 0.190000 -0.000836
0.270000 0.200000 -0.000933
0.270000 0.210000 -0.001030
0.270000 0.220000 -0.001127
0.270000 0.230000 -0.001224
0.270000 0.240000 -0.001321
0.270000 0.250000 -0.001419
0.270000 0.260000 -0.001515
0.270000 0.270000 -0.001618
0.270000 0.280000 -0.001736
0.270000 0.290000 -0.001937
0.270000 0.300000 0.000000
0.270000 0.310000 0.000000
0.270000 0.320000 0.000000
0.270000 0.330000 0.000000
0.270000 0.340000 0.000000
0.270000 0.350000 0.000000
0.270000 0.360000 0.000000
0.270000 0.370000 0.000000
0.270000 0.380000 0.000000
0.270000 0.390000 0.000000
0.270000 0.400000 0.000000
0.270000 0.410000 0.000000
0.270000 0.420000 0.000000
0.270000 0.430000 0.000000
0.270000 0.440000 0.000000
0.270000 0.450000 0.000000
0.270000 0.460000 0.000000
0.270000 0.470000 0.000000
0.270000 0.480000 0.000000
0.270000 0.490000 0.000000
0.280000 0.000000 0.011176
0.280000 0.010000 0.000000
0.280000 0.020000 0.000000
0.280000 0.030000 0.007616
0.280000 0.040000 0.000000
0.280000 0.050000 -0.007575
0.280000 0.060000 0.000000
0.280000 0.070000 0.000453
0.280000 0.080000 0.000261
0.280000 0.090000 0.000148
0.280000 0.100000 0.000047
0.280000 0.110000 -0.000052
0.280000 0.120000 -0.000151
0.280000 0.130000 -0.000249
0.280000 0.140000 -0.000348
0.280000 0.150000 -0.000446
0.280000 0.160000 -0.000544
0.280000 0.170000 -0.000641
0.280000 0.180000 -0.000739
0.280000 0.190000 -0.000836
0.280000 0.200000 -0.000933
0.280000 0.210000 -0.001030
0.280000 0.220000 -0.001127
0.280000 0.230000 -0.001224
0.280000 0.240000 -0.001321
0.280000 0.250000 -0.001419
0.280000 0.260000 -0.001515
0.280000 0.270000 -0.001619
0.280000 0.280000 -0.001737
0.280000 0.290000 -0.001938
0.280000 0.300000 0.000000
0.280000 0.310000 0.000000
0.280000 0.320000 0.000000
0.280000 0.330000 0.000000
0.280000 0.340000 0.000000
0.280000 0.350000 0.000000
0.280000 0.360000 0.000000
0.280000 0.370000 0.000000
0.280000 0.380000 0.000000
0.280000 0.390000 0.000000
0.280000 0.400000 0.000000
0.280000 0.410000 0.000000
0.280000 0.420000 0.000000
0.280000 0.430000 0.000000
0.280000 0.440000 0.000000
0.280000 0.450000 0.000000
0.280000 0.460000 0.000000
0.280000 0.470000 0.000000
0.280000 0.480000 0.000000
0.280000 0.490000 0.000000
0.290000 0.000000 0.011209
0.290000 0.010000 0.000000
0.290000 0.020000 0.000000
0.290000 0.030000 0.007580
0.290000 0.040000 0.000000
0.290000 0.050000 -0.007571
0.290000 0.060000 0.000000
0.290000 0.070000 0.000453
0.290000 0.080000 0.000261
0.290000 0.090000 0.000148
0.290000 0.100000 0.000047
0.290000 0.110000 -0.000052
0.290000 0.120000 -0.000151
0.290000 0.130000 -0.000249
0.290000 0.140000 -0.000348
0.290000 0.150000 -0.000446
0.290000 0.160000 -0.000544
0.290000 0.170000 -0.000641
0.290000 0.180000 -0.000739
0.290000 0.190000 -0.000836
0.290000 0.200000 -0.000933
0.290000 0.210000 -0.001030
0.290000 0.220000 -0.001128
0.290000 0.230000 -0.001225
0.290000 0.240000 -0.001322
0.290000 0.250000 -0.001420
0.290000 0.260000 -0.001516
0.290000 0.270000 -0.001620
0.290000 0.280000 -0.001737
0.290000 0.290000 -0.001938
0.290000 0.300000 0.000000
0.290000 0.310000 0.000000
0.290000 0.320000 0.000000
0.290000 0.330000 0.000000
0.290000 0.340000 0.000000
0.290000 0.350000 0.000000
0.290000 0.360000 0.000000
0.290000 0.370000 0.000000
0.290000 0.380000 0.000000
0.290000 0.390000 0.000000
0.290000 0.400000 0.000000
0.290000 0.410000 0.000000
0.290000 0.420000 0.000000
0.290000 0.430000 0.000000
0.290000 0.440000 0.000000
0.290000 0.450000 0.000000
0.290000 0.460000 0.000000
0.290000 0.470000 0.000000
0.290000 0.480000 0.000000
0.290000 0.490000 0.000000
0.300000 0.000000 0.011242
0.300000 0.010000 0.000000
0.300000 0.020000 0.000000
0.300000 0.030000 0.007544
0.300000 0.040000 0.000000
0.300000 0.050000 -0.007567
0.300000 0.060000 0.000000
0.300000 0.070000 0.000453
0.300000 0.080000 0.000261
0.300000 0.090000 0.000148
0.300000 0.100000 0.000047
0.300000 0.110000 -0.000052
0.300000 0.120000 -0.000151
0.300000 0.130000 -0.000249
0.300000 0.140000 -0.000348
0.300000 0.150000 -0.000446
0.300000 0.160000 -0.000544
0.300000 0.170000 -0.000641
0.300000 0.180000 -0.000739
0.300000 0.190000 -0.000836
0.300000 0.200000 -0.000934
0.300000 0.210000 -0.001031
0.300000 0.220000 -0.001128
0.300000 0.230000 -0.001225
0.300000 0.240000 -0.001322
0.300000 0.250000 -0.001420
0.300000 0.260000 -0.001516
0.300000 0.270000 -0.001620
0.300000 0.280000 -0.001737
0.300000 0.290000 -0.001938
0.300000 0.300000 0.000000
0.300000 0.310000 0.000000
0.300000 0.320000 0.000000
0.300000 0.330000 0.000000
0.300000 0.340000 0.000000
0.300000 0.350000 0.000000
0.300000 0.360000 0.000000
0.300000 0.370000 0.000000
0.300000 0.380000 0.000000
0.300000 0.390000 0.000000
0.300000 0.400000 0.000000
0.300000 0.410000 0.000000
0.300000 0.420000 0.000000
0.300000 0.430000 0.000000
0.300000 0.440000 0.000000
0.300000 0.450000 0.000000
0.300000 0.460000 0.000000
0.300000 0.470000 0.000000
0.300000 0.480000 0.000000
0.300000 0.490000 0.000000
0.310000 0.000000 0.011275
0.310000 0.010000 0.000000
0.310000 0.020000 0.000000
0.310000 0.030000 0.007508
0.310000 0.040000 0.000000
0.310000 0.050000 -0.007561
0.310000 0.060000 0.000000
0.310000 0.070000 0.000453
0.310000 0.080000 0.000261
0.310000 0.090000 0.000148
0.310000 0.100000 0.000046
0.310000 0.110000 -0.000052
0.310000 0.120000 -0.000151
0.310000 0.130000 -0.000250
0.310000 0.140000 -0.000348
0.310000 0.150000 -0.000446
0.310000 0.160000 -0.000544
0.310000 0.170000 -0.000642
0.310000 0.180000 -0.000739
0.310000 0.190000 -0.000837
0.310000 0.200000 -0.000934
0.310000 0.210000 -0.001031
0.310000 0.220000 -0.001128
0.310000 0.230000 -0.001225
0.310000 0.240000 -0.001322
0.310000 0.250000 -0.001420
0.310000 0.260000 -0.001516
0.310000 0.270000 -0.001620
0.310000 0.280000 -0.001737
0.310000 0.290000 -0.001938
0.310000 0.300000 0.000000
0.310000 0.310000 0.000000
0.310000 0.320000 0.000000
0.310000 0.330000 0.000000
0.310000 0.340000 0.000000
0.310000 0.350000 0.000000
0.310000 0.360000 0.000000
0.310000 0.370000 0.000000
0.310000 0.380000 0.000000
0.310000 0.390000 0.000000
0.310000 0.400000 0.000000
0.310000 0.410000 0.000000
0.310000 0.420000 0.000000
0.310000 0.430000 0.000000
0.310000 0.440000 0.000000
0.310000 0.450000 0.000000
0.310000 0.460000 0.000000
0.310000 0.470000 0.000000
0.310000 0.480000 0.000000
0.310000 0.490000 0.000000
0.320000 0.000000 0.011308
0.320000 0.010000 0.000000
0.320000 0.020000 0.000000
0.320000 0.030000 0.007472
0.320000 0.040000 0.000000
0.320000 0.050000 -0.007555
0.320000 0.060000 0.000000
0.320000 0.070000 0.000452
0.320000 0.080000 0.000260
0.320000 0.090000 0.000147
0.320000 0.100000 0.000046
0.320000 0.110000 -0.000053
0.320000 0.120000 -0.000152
0.320000 0.130000 -0.000250
0.320000 0.140000 -0.000349
0.320000 0.150000 -0.000447
0.320000 0.160000 -0.000545
0.320000 0.170000 -0.000642
0.320000 0.180000 -0.000740
0.320000 0.190000 -0.000837
0.320000 0.200000 -0.000934
0.320000 0.210000 -0.001032
0.320000 0.220000 -0.001129
0.320000 0.230000 -0.001226
0.320000 0.240000 -0.001323
0.320000 0.250000 -0.001420
0.320000 0.260000 -0.001516
0.320000 0.270000 -0.001619
0.320000 0.280000 -0.001736
0.320000 0.290000 -0.001937
0.320000 0.300000 0.000000
0.320000 0.310000 0.000000
0.320000 0.320000 0.000000
0.320000 0.330000 0.000000
0.320000 0.340000 0.000000
0.320000 0.350000 0.000000
0.320000 0.360000 0.000000
0.320000 0.370000 0.000000
0.320000 0.380000 0.000000
0.320000 0.390000 0.000000
0.320000 0.400000 0.000000
0.320000 0.410000 0.000000
0.320000 0.420000 0.000000
0.320000 0.430000 0.000000
0.320000 0.440000 0.000000
0.320000 0.450000 0.000000
0.320000 0.460000 0.000000
0.320000 0.470000 0.000000
0.320000 0.480000 0.000000
0.320000 0.490000 0.000000
0.330000 0.000000 0.011340
0.330000 0.010000 0.000000
0.330000 0.020000 0.000000
0.330000 0.030000 0.007435
0.330000 0.040000 0.000000
0.330000 0.050000 -0.007549
0.330000 0.060000 0.000000
0.330000 0.070000 0.000451
0.330000 0.080000 0.000259
0.330000 0.090000 0.000146
0.330000 0.100000 0.000045
0.330000 0.110000 -0.000054
0.330000 0.120000 -0.000153
0.330000 0.130000 -0.000251
0.330000 0.140000 -0.000349
0.330000 0.150000 -0.000447
0.330000 0.160000 -0.000545
0.330000 0.170000 -0.000643
0.330000 0.180000 -0.000740
0.330000 0.190000 -0.000838
0.330000 0.200000 -0.000935
0.330000 0.210000 -0.001032
0.330000 0.220000 -0.001129
0.330000 0.230000 -0.001226
0.330000 0.240000 -0.001323
0.330000 0.250000 -0.001420
0.330000 0.260000 -0.001515
0.330000 0.270000 -0.001619
0.330000 0.280000 -0.001735
0.330000 0.290000 -0.001936
0.330000 0.300000 0.000000
0.330000 0.310000 0.000000
0.330000 0.320000 0.000000
0.330000 0.330000 0.000000
0.330000 0.340000 0.000000
0.330000 0.350000 0.000000
0.330000 0.360000 0.000000
0.330000 0.370000 0.000000
0.330000 0.380000 0.000000
0.330000 0.390000 0.000000
0.330000 0.400000 0.000000
0.330000 0.410000 0.000000
0.330000 0.420000 0.000000
0.330000 0.430000 0.000000
0.330000 0.440000 0.000000
0.330000 0.450000 0.000000
0.330000 0.460000 0.000000
0.330000 0.470000 0.000000
0.330000 0.480000 0.000000
0.330000 0.490000 0.000000
0.340000 0.000000 0.011372
0.340000 0.010000 0.000000
0.340000 0.020000 0.000000
0.340000 0.030000 0.007399
0.340000 0.040000 0.000000
0.340000 0.050000 -0.007541
0.340000 0.060000 0.000000
0.340000 0.070000 0.000450
0.340000 0.080000 0.000257
0.340000 0.090000 0.000145
0.340000 0.100000 0.000043
0.340000 0.110000 -0.000055
0.340000 0.120000 -0.000154
0.340000 0.130000 -0.000252
0.340000 0.140000 -0.000351
0.340000 0.150000 -0.000448
0.340000 0.160000 -0.000546
0.340000 0.170000 -0.000644
0.340000 0.180000 -0.000741
0.340000 0.190000 -0.000838
0.340000 0.200000 -0.000935
0.340000 0.210000 -0.001033
0.340000 0.220000 -0.001129
0.340000 0.230000 -0.001226
0.340000 0.240000 -0.001323
0.340000 0.250000 -0.001420
0.340000 0.260000 -0.001515
0.340000 0.270000 -0.001617
0.340000 0.280000 -0.001733
0.340000 0.290000 -0.001934
0.340000 0.300000 0.000000
0.340000 0.310000 0.000000
0.340000 0.320000 0.000000
0.340000 0.330000 0.000000
0.340000 0.340000 0.000000
0.340000 0.350000 0.000000
0.340000 0.360000 0.000000
0.340000 0.370000 0.000000
0.340000 0.380000 0.000000
0.340000 0.390000 0.000000
0.340000 0.400000 0.000000
0.340000 0.410000 0.000000
0.340000 0.420000 0.000000
0.340000 0.430000 0.000000
0.340000 0.440000 0.000000
0.340000 0.450000 0.000000
0.340000 0.460000 0.000000
0.340000 0.470000 0.000000
0.340000 0.480000 0.000000
0.340000 0.490000 0.000000
0.350000 0.000000 0.011406
0.350000 0.010000 0.000000
0.350000 0.020000 0.000000
0.350000 0.030000 0.007363
0.350000 0.040000 0.000000
0.350000 0.050000 -0.007532
0.350000 0.060000 0.000000
0.350000 0.070000 0.000448
0.350000 0.080000 0.000256
0.350000 0.090000 0.000143
0.350000 0.100000 0.000042
0.350000 0.110000 -0.000057
0.350000 0.120000 -0.000155
0.350000 0.130000 -0.000254
0.350000 0.140000 -0.000352
0.350000 0.150000 -0.000450
0.350000 0.160000 -0.000547
0.350000 0.170000 -0.000645
0.350000 0.180000 -0.000742
0.350000 0.190000 -0.000839
0.350000 0.200000 -0.000936
0.350000 0.210000 -0.001033
0.350000 0.220000 -0.001130
0.350000 0.230000 -0.001227
0.350000 0.240000 -0.001323
0.350000 0.250000 -0.001420
0.350000 0.260000 -0.001514
0.350000 0.270000 -0.001616
0.350000 0.280000 -0.001731
0.350000 0.290000 -0.001931
0.350000 0.300000 0.000000
0.350000 0.310000 0.000000
0.350000 0.320000 0.000000
0.350000 0.330000 0.000000
0.350000 0.340000 0.000000
0.350000 0.350000 0.000000
0.350000 0.360000 0.000000
0.350000 0.370000 0.000000
0.350000 0.380000 0.000000
0.350000 0.390000 0.000000
0.350000 0.400000 0.000000
0.350000 0.410000 0.000000
0.350000 0.420000 0.000000
0.350000 0.430000 0.000000
0.350000 0.440000 0.000000
0.350000 0.450000 0.000000
0.350000 0.460000 0.000000
0.350000 0.470000 0.000000
0.350000 0.480000 0.000000
0.350000 0.490000 0.000000
0.360000 0.000000 0.011447
0.360000 0.010000 0.010712
0.360000 0.020000 0.000000
0.360000 0.030000 0.007327
0.360000 0.040000 0.000000
0.360000 0.050000 -0.007523
0.360000 0.060000 0.000000
0.360000 0.070000 0.000446
0.360000 0.080000 0.000254
0.360000 0.090000 0.000141
0.360000 0.100000 0.000040
0.360000 0.110000 -0.000059
0.360000 0.120000 -0.000157
0.360000 0.130000 -0.000255
0.360000 0.140000 -0.000353
0.360000 0.150000 -0.000451
0.360000 0.160000 -0.000548
0.360000 0.170000 -0.000646
0.360000 0.180000 -0.000743
0.360000 0.190000 -0.000840
0.360000 0.200000 -0.000937
0.360000 0.210000 -0.001034
0.360000 0.220000 -0.001131
0.360000 0.230000 -0.001227
0.360000 0.240000 -0.001323
0.360000 0.250000 -0.001420
0.360000 0.260000 -0.001514
0.360000 0.270000 -0.001614
0.360000 0.280000 -0.001727
0.360000 0.290000 -0.001926
0.360000 0.300000 0.000000
0.360000 0.310000 0.000000
0.360000 0.320000 0.000000
0.360000 0.330000 0.000000
0.360000 0.340000 0.000000
0.360000 0.350000 0.000000
0.360000 0.360000 0.000000
0.360000 0.370000 0.000000
0.360000 0.380000 0.000000
0.360000 0.390000 0.000000
0.360000 0.400000 0.000000
0.360000 0.410000 0.000000
0.360000 0.420000 0.000000
0.360000 0.430000 0.000000
0.360000 0.440000 0.000000
0.360000 0.450000 0.000000
0.360000 0.460000 0.000000
0.360000 0.470000 0.000000
0.360000 0.480000 0.000000
0.360000 0.490000 0.000000
0.370000 0.000000 0.011391
0.370000 0.010000 0.010697
0.370000 0.020000 0.000000
0.370000 0.030000 0.007291
0.370000 0.040000 0.000000
0.370000 0.050000 -0.007512
0.370000 0.060000 0.000000
0.370000 0.070000 0.000444
0.370000 0.080000 0.000251
0.370000 0.090000 0.000138
0.370000 0.100000 0.000037
0.370000 0.110000 -0.000061
0.370000 0.120000 -0.000159
0.370000 0.130000 -0.000257
0.370000 0.140000 -0.000355
0.370000 0.150000 -0.000453
0.370000 0.160000 -0.000550
0.370000 0.170000 -0.000647
0.370000 0.180000 -0.000744
0.370000 0.190000 -0.000841
0.370000 0.200000 -0.000938
0.370000 0.210000 -0.001035
0.370000 0.220000 -0.001132
0.370000 0.230000 -0.001228
0.370000 0.240000 -0.001324
0.370000 0.250000 -0.001421
0.370000 0.260000 -0.001514
0.370000 0.270000 -0.001613
0.370000 0.280000 -0.001722
0.370000 0.290000 -0.001918
0.370000 0.300000 0.000000
0.370000 0.310000 0.000000
0.370000 0.320000 0.000000
0.370000 0.330000 0.000000
0.370000 0.340000 0.000000
0.370000 0.350000 0.000000
0.370000 0.360000 0.000000
0.370000 0.370000 0.000000
0.370000 0.380000 0.000000
0.370000 0.390000 0.000000
0.370000 0.400000 0.000000
0.370000 0.410000 0.000000
0.370000 0.420000 0.000000
0.370000 0.430000 0.000000
0.370000 0.440000 0.000000
0.370000 0.450000 0.000000
0.370000 0.460000 0.000000
0.370000 0.470000 0.000000
0.370000 0.480000 0.000000
0.370000 0.490000 0.000000
0.380000 0.000000 0.011388
0.380000 0.010000 0.010703
0.380000 0.020000 0.000000
0.380000 0.030000 0.007255
0.380000 0.040000 0.000000
0.380000 0.050000 -0.007499
0.380000 0.060000 0.000000
0.380000 0.070000 0.000441
0.380000 0.080000 0.000248
0.380000 0.090000 0.000135
0.380000 0.100000 0.000034
0.380000 0.110000 -0.000064
0.380000 0.120000 -0.000162
0.380000 0.130000 -0.000260
0.380000 0.140000 -0.000357
0.380000 0.150000 -0.000454
0.380000 0.160000 -0.000551
0.380000 0.170000 -0.000648
0.380000 0.180000 -0.000745
0.380000 0.190000 -0.000842
0.380000 0.200000 -0.000939
0.380000 0.210000 -0.001036
0.380000 0.220000 -0.001133
0.380000 0.230000 -0.001229
0.380000 0.240000 -0.001326
0.380000 0.250000 -0.001422
0.380000 0.260000 -0.001516
0.380000 0.270000 -0.001615
0.380000 0.280000 -0.001717
0.380000 0.290000 -0.001904
0.380000 0.300000 0.000000
0.380000 0.310000 0.000000
0.380000 0.320000 0.000000
0.380000 0.330000 0.000000
0.380000 0.340000 0.000000
0.380000 0.350000 0.000000
0.380000 0.360000 0.000000
0.380000 0.370000 0.000000
0.380000 0.380000 0.000000
0.380000 0.390000 0.000000
0.380000 0.400000 0.000000
0.380000 0.410000 0.000000
0.380000 0.420000 0.000000
0.380000 0.430000 0.000000
0.380000 0.440000 0.000000
0.380000 0.450000 0.000000
0.380000 0.460000 0.000000
0.380000 0.470000 0.000000
0.380000 0.480000 0.000000
0.380000 0.490000 0.000000
0.390000 0.000000 0.011438
0.390000 0.010000 0.010682
0.390000 0.020000 0.000000
0.390000 0.030000 0.007219
0.390000 0.040000 0.000000
0.390000 0.050000 -0.007485
0.390000 0.060000 0.000000
0.390000 0.070000 0.000437
0.390000 0.080000 0.000244
0.390000 0.090000 0.000132
0.390000 0.100000 0.000031
0.390000 0.110000 -0.000067
0.390000 0.120000 -0.000165
0.390000 0.130000 -0.000262
0.390000 0.140000 -0.000359
0.390000 0.150000 -0.000456
0.390000 0.160000 -0.000553
0.390000 0.170000 -0.000650
0.390000 0.180000 -0.000746
0.390000 0.190000 -0.000843
0.390000 0.200000 -0.000940
0.390000 0.210000 -0.001037
0.390000 0.220000 -0.001134
0.390000 0.230000 -0.001231
0.390000 0.240000 -0.001328
0.390000 0.250000 -0.001425
0.390000 0.260000 -0.001520
0.390000 0.270000 -0.001628
0.390000 0.280000 -0.001710
0.390000 0.290000 -0.001883
0.390000 0.300000 0.000000
0.390000 0.310000 0.000000
0.390000 0.320000 0.000000
0.390000 0.330000 0.000000
0.390000 0.340000 0.000000
0.390000 0.350000 0.000000
0.390000 0.360000 0.000000
0.390000 0.370000 0.000000
0.390000 0.380000 0.000000
0.390000 0.390000 0.000000
0.390000 0.400000 0.000000
0.390000 0.410000 0.000000
0.390000 0.420000 0.000000
0.390000 0.430000 0.000000
0.390000 0.440000 0.000000
0.390000 0.450000 0.000000
0.390000 0.460000 0.000000
0.390000 0.470000 0.000000
0.390000 0.480000 0.000000
0.390000 0.490000 0.000000
0.400000 0.000000 0.011533
0.400000 0.010000 0.010592
0.400000 0.020000 0.009720
0.400000 0.030000 0.007182
0.400000 0.040000 0.000000
0.400000 0.050000 -0.007469
0.400000 0.060000 0.000000
0.400000 0.070000 0.000433
0.400000 0.080000 0.000240
0.400000 0.090000 0.000127
0.400000 0.100000 0.000027
0.400000 0.110000 -0.000071
0.400000 0.120000 -0.000168
0.400000 0.130000 -0.000265
0.400000 0.140000 -0.000362
0.400000 0.150000 -0.000458
0.400000 0.160000 -0.000555
0.400000 0.170000 -0.000651
0.400000 0.180000 -0.000748
0.400000 0.190000 -0.000844
0.400000 0.200000 -0.000941
0.400000 0.210000 -0.001038
0.400000 0.220000 -0.001135
0.400000 0.230000 -0.001232
0.400000 0.240000 -0.001330
0.400000 0.250000 -0.001428
0.400000 0.260000 -0.001525
0.400000 0.270000 -0.001636
0.400000 0.280000 -0.001713
0.400000 0.290000 -0.001883
0.400000 0.300000 0.000000
0.400000 0.310000 0.000000
0.400000 0.320000 0.000000
0.400000 0.330000 0.000000
0.400000 0.340000 0.000000
0.400000 0.350000 0.000000
0.400000 0.360000 0.000000
0.400000 0.370000 0.000000
0.400000 0.380000 0.000000
0.400000 0.390000 0.000000
0.400000 0.400000 0.000000
0.400000 0.410000 0.000000
0.400000 0.420000 0.000000
0.400000 0.430000 0.000000
0.400000 0.440000 0.000000
0.400000 0.450000 0.000000
0.400000 0.460000 0.000000
0.400000 0.470000 0.000000
0.400000 0.480000 0.000000
0.400000 0.490000 0.000000
0.410000 0.000000 0.011689
0.410000 0.010000 0.000000
0.410000 0.020000 0.010625
0.410000 0.030000 0.006131
0.410000 0.040000 0.000000
0.410000 0.050000 -0.007451
0.410000 0.060000 0.000000
0.410000 0.070000 0.000428
0.410000 0.080000 0.000234
0.410000 0.090000 0.000122
0.410000 0.100000 0.000022
0.410000 0.110000 -0.000075
0.410000 0.120000 -0.000172
0.410000 0.130000 -0.000268
0.410000 0.140000 -0.000364
0.410000 0.150000 -0.000461
0.410000 0.160000 -0.000557
0.410000 0.170000 -0.000653
0.410000 0.180000 -0.000749
0.410000 0.190000 -0.000845
0.410000 0.200000 -0.000941
0.410000 0.210000 -0.001038
0.410000 0.220000 -0.001135
0.410000 0.230000 -0.001233
0.410000 0.240000 -0.001332
0.410000 0.250000 -0.001431
0.410000 0.260000 -0.001530
0.410000 0.270000 -0.001645
0.410000 0.280000 -0.001724
0.410000 0.290000 -0.001901
0.410000 0.300000 0.000000
0.410000 0.310000 0.000000
0.410000 0.320000 0.000000
0.410000 0.330000 0.000000
0.410000 0.340000 0.000000
0.410000 0.350000 0.000000
0.410000 0.360000 0.000000
0.410000 0.370000 0.000000
0.410000 0.380000 0.000000
0.410000 0.390000 0.000000
0.410000 0.400000 0.000000
0.410000 0.410000 0.000000
0.410000 0.420000 0.000000
0.410000 0.430000 0.000000
0.410000 0.440000 0.000000
0.410000 0.450000 0.000000
0.410000 0.460000 0.000000
0.410000 0.470000 0.000000
0.410000 0.480000 0.000000
0.410000 0.490000 0.000000
0.420000 0.000000 0.011774
0.420000 0.010000 0.011025
0.420000 0.020000 0.009551
0.420000 0.030000 0.007058
0.420000 0.040000 0.000000
0.420000 0.050000 -0.007430
0.420000 0.060000 0.000000
0.420000 0.070000 0.000422
0.420000 0.080000 0.000228
0.420000 0.090000 0.000116
0.420000 0.100000 0.000017
0.420000 0.110000 -0.000080
0.420000 0.120000 -0.000176
0.420000 0.130000 -0.000272
0.420000 0.140000 -0.000367
0.420000 0.150000 -0.000463
0.420000 0.160000 -0.000558
0.420000 0.170000 -0.000654
0.420000 0.180000 -0.000750
0.420000 0.190000 -0.000846
0.420000 0.200000 -0.000942
0.420000 0.210000 -0.001038
0.420000 0.220000 -0.001135
0.420000 0.230000 -0.001233
0.420000 0.240000 -0.001332
0.420000 0.250000 -0.001433
0.420000 0.260000 -0.001535
0.420000 0.270000 -0.001655
0.420000 0.280000 -0.001741
0.420000 0.290000 -0.001925
0.420000 0.300000 0.000000
0.420000 0.310000 0.000000
0.420000 0.320000 0.000000
0.420000 0.330000 0.000000
0.420000 0.340000 0.000000
0.420000 0.350000 0.000000
0.420000 0.360000 0.000000
0.420000 0.370000 0.000000
0.420000 0.380000 0.000000
0.420000 0.390000 0.000000
0.420000 0.400000 0.000000
0.420000 0.410000 0.000000
0.420000 0.420000 0.000000
0.420000 0.430000 0.000000
0.420000 0.440000 0.000000
0.420000 0.450000 0.000000
0.420000 0.460000 0.000000
0.420000 0.470000 0.000000
0.420000 0.480000 0.000000
0.420000 0.490000 0.000000
0.430000 0.000000 0.011827
0.430000 0.010000 0.010878
0.430000 0.020000 0.000000
0.430000 0.030000 0.006857
0.430000 0.040000 0.000000
0.430000 0.050000 -0.007405
0.430000 0.060000 0.000000
0.430000 0.070000 0.000414
0.430000 0.080000 0.000220
0.430000 0.090000 0.000109
0.430000 0.100000 0.000011
0.430000 0.110000 -0.000085
0.430000 0.120000 -0.000180
0.430000 0.130000 -0.000275
0.430000 0.140000 -0.000370
0.430000 0.150000 -0.000465
0.430000 0.160000 -0.000560
0.430000 0.170000 -0.000655
0.430000 0.180000 -0.000751
0.430000 0.190000 -0.000846
0.430000 0.200000 -0.000942
0.430000 0.210000 -0.001038
0.430000 0.220000 -0.001135
0.430000 0.230000 -0.001232
0.430000 0.240000 -0.001331
0.430000 0.250000 -0.001433
0.430000 0.260000 -0.001538
0.430000 0.270000 -0.001664
0.430000 0.280000 -0.001763
0.430000 0.290000 -0.001967
0.430000 0.300000 0.000000
0.430000 0.310000 0.000000
0.430000 0.320000 0.000000
0.430000 0.330000 0.000000
0.430000 0.340000 0.000000
0.430000 0.350000 0.000000
0.430000 0.360000 0.000000
0.430000 0.370000 0.000000
0.430000 0.380000 0.000000
0.430000 0.390000 0.000000
0.430000 0.400000 0.000000
0.430000 0.410000 0.000000
0.430000 0.420000 0.000000
0.430000 0.430000 0.000000
0.430000 0.440000 0.000000
0.430000 0.450000 0.000000
0.430000 0.460000 0.000000
0.430000 0.470000 0.000000
0.430000 0.480000 0.000000
0.430000 0.490000 0.000000
0.440000 0.000000 0.011871
0.440000 0.010000 0.010742
0.440000 0.020000 0.009146
0.440000 0.030000 0.006945
0.440000 0.040000 0.000000
0.440000 0.050000 -0.007378
0.440000 0.060000 0.000000
0.440000 0.070000 0.000405
0.440000 0.080000 0.000211
0.440000 0.090000 0.000101
0.440000 0.100000 0.000003
0.440000 0.110000 -0.000091
0.440000 0.120000 -0.000185
0.440000 0.130000 -0.000279
0.440000 0.140000 -0.000373
0.440000 0.150000 -0.000467
0.440000 0.160000 -0.000562
0.440000 0.170000 -0.000656
0.440000 0.180000 -0.000751
0.440000 0.190000 -0.000846
0.440000 0.200000 -0.000942
0.440000 0.210000 -0.001037
0.440000 0.220000 -0.001133
0.440000 0.230000 -0.001230
0.440000 0.240000 -0.001328
0.440000 0.250000 -0.001428
0.440000 0.260000 -0.001533
0.440000 0.270000 -0.001666
0.440000 0.280000 -0.001790
0.440000 0.290000 -0.002058
0.440000 0.300000 0.000000
0.440000 0.310000 0.000000
0.440000 0.320000 0.000000
0.440000 0.330000 0.000000
0.440000 0.340000 0.000000
0.440000 0.350000 0.000000
0.440000 0.360000 0.000000
0.440000 0.370000 0.000000
0.440000 0.380000 0.000000
0.440000 0.390000 0.000000
0.440000 0.400000 0.000000
0.440000 0.410000 0.000000
0.440000 0.420000 0.000000
0.440000 0.430000 0.000000
0.440000 0.440000 0.000000
0.440000 0.450000 0.000000
0.440000 0.460000 0.000000
0.440000 0.470000 0.000000
0.440000 0.480000 0.000000
0.440000 0.490000 0.000000
0.450000 0.000000 0.011834
0.450000 0.010000 0.010563
0.450000 0.020000 0.009116
0.450000 0.030000 0.007061
0.450000 0.040000 0.000000
0.450000 0.050000 -0.007347
0.450000 0.060000 0.000000
0.450000 0.070000 0.000393
0.450000 0.080000 0.000198
0.450000 0.090000 0.000090
0.450000 0.100000 -0.000005
0.450000 0.110000 -0.000097
0.450000 0.120000 -0.000190
0.450000 0.130000 -0.000283
0.450000 0.140000 -0.000376
0.450000 0.150000 -0.000470
0.450000 0.160000 -0.000563
0.450000 0.170000 -0.000658
0.450000 0.180000 -0.000752
0.450000 0.190000 -0.000846
0.450000 0.200000 -0.000941
0.450000 0.210000 -0.001036
0.450000 0.220000 -0.001131
0.450000 0.230000 -0.001226
0.450000 0.240000 -0.001322
0.450000 0.250000 -0.001419
0.450000 0.260000 -0.001517
0.450000 0.270000 -0.001637
0.450000 0.280000 -0.001782
0.450000 0.290000 0.000000
0.450000 0.300000 0.000000
0.450000 0.310000 0.000000
0.450000 0.320000 0.000000
0.450000 0.330000 0.000000
0.450000 0.340000 0.000000
0.450000 0.350000 0.000000
0.450000 0.360000 0.000000
0.450000 0.370000 0.000000
0.450000 0.380000 0.000000
0.450000 0.390000 0.000000
0.450000 0.400000 0.000000
0.450000 0.410000 0.000000
0.450000 0.420000 0.000000
0.450000 0.430000 0.000000
0.450000 0.440000 0.000000
0.450000 0.450000 0.000000
0.450000 0.460000 0.000000
0.450000 0.470000 0.000000
0.450000 0.480000 0.000000
0.450000 0.490000 0.000000
0.460000 0.000000 0.011950
0.460000 0.010000 0.010716
0.460000 0.020000 0.008960
0.460000 0.030000 0.006899
0.460000 0.040000 0.000000
0.460000 0.050000 -0.007309
0.460000 0.060000 0.000000
0.460000 0.070000 0.000375
0.460000 0.080000 0.000182
0.460000 0.090000 0.000079
0.460000 0.100000 -0.000013
0.460000 0.110000 -0.000103
0.460000 0.120000 -0.000194
0.460000 0.130000 -0.000286
0.460000 0.140000 -0.000379
0.460000 0.150000 -0.000472
0.460000 0.160000 -0.000565
0.460000 0.170000 -0.000658
0.460000 0.180000 -0.000752
0.460000 0.190000 -0.000846
0.460000 0.200000 -0.000940
0.460000 0.210000 -0.001034
0.460000 0.220000 -0.001128
0.460000 0.230000 -0.001222
0.460000 0.240000 -0.001315
0.460000 0.250000 -0.001408
0.460000 0.260000 -0.001499
0.460000 0.270000 -0.001614
0.460000 0.280000 -0.001761
0.460000 0.290000 0.000000
0.460000 0.300000 0.000000
0.460000 0.310000 0.000000
0.460000 0.320000 0.000000
0.460000 0.330000 0.000000
0.460000 0.340000 0.000000
0.460000 0.350000 0.000000
0.460000 0.360000 0.000000
0.460000 0.370000 0.000000
0.460000 0.380000 0.000000
0.460000 0.390000 0.000000
0.460000 0.400000 0.000000
0.460000 0.410000 0.000000
0.460000 0.420000 0.000000
0.460000 0.430000 0.000000
0.460000 0.440000 0.000000
0.460000 0.450000 0.000000
0.460000 0.460000 0.000000
0.460000 0.470000 0.000000
0.460000 0.480000 0.000000
0.460000 0.490000 0.000000
0.470000 0.000000 0.013108
0.470000 0.010000 0.011437
0.470000 0.020000 0.008189
0.470000 0.030000 0.005405
0.470000 0.040000 0.000000
0.470000 0.050000 -0.007261
0.470000 0.060000 0.000000
0.470000 0.070000 0.000347
0.470000 0.080000 0.000162
0.470000 0.090000 0.000066
0.470000 0.100000 -0.000021
0.470000 0.110000 -0.000109
0.470000 0.120000 -0.000199
0.470000 0.130000 -0.000289
0.470000 0.140000 -0.000381
0.470000 0.150000 -0.000473
0.470000 0.160000 -0.000566
0.470000 0.170000 -0.000659
0.470000 0.180000 -0.000752
0.470000 0.190000 -0.000846
0.470000 0.200000 -0.000939
0.470000 0.210000 -0.001033
0.470000 0.220000 -0.001126
0.470000 0.230000 -0.001218
0.470000 0.240000 -0.001309
0.470000 0.250000 -0.001399
0.470000 0.260000 -0.001483
0.470000 0.270000 -0.001587
0.470000 0.280000 -0.001705
0.470000 0.290000 0.000000
0.470000 0.300000 0.000000
0.470000 0.310000 0.000000
0.470000 0.320000 0.000000
0.470000 0.330000 0.000000
0.470000 0.340000 0.000000
0.470000 0.350000 0.000000
0.470000 0.360000 0.000000
0.470000 0.370000 0.000000
0.470000 0.380000 0.000000
0.470000 0.390000 0.000000
0.470000 0.400000 0.000000
0.470000 0.410000 0.000000
0.470000 0.420000 0.000000
0.470000 0.430000 0.000000
0.470000 0.440000 0.000000
0.470000 0.450000 0.000000
0.470000 0.460000 0.000000
0.470000 0.470000 0.000000
0.470000 0.480000 0.000000
0.470000 0.490000 0.000000
0.480000 0.000000 0.015010
0.480000 0.010000 0.013365
0.480000 0.020000 0.006752
0.480000 0.030000 0.003909
0.480000 0.040000 0.000112
0.480000 0.050000 -0.007181
0.480000 0.060000 0.000000
0.480000 0.070000 0.000302
0.480000 0.080000 0.000142
0.480000 0.090000 0.000056
0.480000 0.100000 -0.000028
0.480000 0.110000 -0.000114
0.480000 0.120000 -0.000202
0.480000 0.130000 -0.000292
0.480000 0.140000 -0.000383
0.480000 0.150000 -0.000474
0.480000 0.160000 -0.000567
0.480000 0.170000 -0.000660
0.480000 0.180000 -0.000753
0.480000 0.190000 -0.000846
0.480000 0.200000 -0.000939
0.480000 0.210000 -0.001032
0.480000 0.220000 -0.001124
0.480000 0.230000 -0.001216
0.480000 0.240000 -0.001306
0.480000 0.250000 -0.001395
0.480000 0.260000 -0.001480
0.480000 0.270000 -0.001572
0.480000 0.280000 -0.001599
0.480000 0.290000 -0.001601
0.480000 0.300000 0.000000
0.480000 0.310000 0.000000
0.480000 0.320000 0.000000
0.480000 0.330000 0.000000
0.480000 0.340000 0.000000
0.480000 0.350000 0.000000
0.480000 0.360000 0.000000
0.480000 0.370000 0.000000
0.480000 0.380000 0.000000
0.480000 0.390000 0.000000
0.480000 0.400000 0.000000
0.480000 0.410000 0.000000
0.480000 0.420000 0.000000
0.480000 0.430000 0.000000
0.480000 0.440000 0.000000
0.480000 0.450000 0.000000
0.480000 0.460000 0.000000
0.480000 0.470000 0.000000
0.480000 0.480000 0.000000
0.480000 0.490000 0.000000
0.490000 0.000000 0.000000
0.490000 0.010000 0.000000
0.490000 0.020000 0.007080
0.490000 0.030000 0.002612
0.490000 0.040000 -0.003177
0.490000 0.050000 0.000000
0.490000 0.060000 0.000163
0.490000 0.070000 0.000211
0.490000 0.080000 0.000139
0.490000 0.090000 0.000057
0.490000 0.100000 -0.000028
0.490000 0.110000 -0.000113
0.490000 0.120000 -0.000202
0.490000 0.130000 -0.000291
0.490000 0.140000 -0.000382
0.490000 0.150000 -0.000474
0.490000 0.160000 -0.000567
0.490000 0.170000 -0.000659
0.490000 0.180000 -0.000753
0.490000 0.190000 -0.000846
0.490000 0.200000 -0.000939
0.490000 0.210000 -0.001031
0.490000 0.220000 -0.001124
0.490000 0.230000 -0.001215
0.490000 0.240000 -0.001305
0.490000 0.250000 -0.001393
0.490000 0.260000 -0.001478
0.490000 0.270000 -0.001563
0.490000 0.280000 -0.001649
0.490000 0.290000 -0.001715
0.490000 0.300000 0.000000
0.490000 0.310000 0.000000
0.490000 0.320000 0.000000
0.490000 0.330000 0.000000
0.490000 0.340000 0.000000
0.490000 0.350000 0.000000
0.490000 0.360000 0.000000
0.490000 0.370000 0.000000
0.490000 0.380000 0.000000
0.490000 0.390000 0.000000
0.490000 0.400000 0.000000
0.490000 0.410000 0.000000
0.490000 0.420000 0.000000
0.490000 0.430000 0.000000
0.490000 0.440000 0.000000
0.490000 0.450000 0.000000
0.490000 0.460000 0.000000
0.490000 0.470000 0.000000
0.490000 0.480000 0.000000
0.490000 0.490000 0.000000
