0 0 0 0.000000
0 0 1 0.000000
0 0 2 0.000000
0 0 3 0.000000
0 0 4 0.000000
0 0 5 0.000000
0 0 6 0.000000
0 0 7 0.000000
0 1 0 0.000000
0 1 1 0.000000
0 1 2 0.000000
0 1 3 0.000000
0 1 4 0.000000
0 1 5 0.000000
0 1 6 0.000000
0 1 7 0.000000
0 2 0 0.000000
0 2 1 0.000000
0 2 2 0.000000
0 2 3 0.000000
0 2 4 0.000000
0 2 5 0.000000
0 2 6 0.000000
0 2 7 0.000000
0 3 0 0.000000
0 3 1 0.000000
0 3 2 0.000000
0 3 3 0.000000
0 3 4 0.000000
0 3 5 0.000000
0 3 6 0.000000
0 3 7 0.000000
0 4 0 0.000000
0 4 1 0.000000
0 4 2 0.000000
0 4 3 0.000000
0 4 4 0.000000
0 4 5 0.000000
0 4 6 0.000000
0 4 7 0.000000
0 5 0 0.000000
0 5 1 0.000000
0 5 2 0.000000
0 5 3 0.000000
0 5 4 0.000000
0 5 5 0.000000
0 5 6 0.000000
0 5 7 0.000000
0 6 0 0.000000
0 6 1 0.000000
0 6 2 0.000000
0 6 3 -211.336810
0 6 4 -252.995822
0 6 5 -211.336810
0 6 6 0.000000
0 6 7 0.000000
0 7 0 0.000000
0 7 1 0.000000
0 7 2 0.000000
0 7 3 -170.430452
0 7 4 -210.568592
0 7 5 -170.430452
0 7 6 0.000000
0 7 7 0.000000
1 0 0 0.000000
1 0 1 0.000000
1 0 2 0.000000
1 0 3 0.000000
1 0 4 0.000000
1 0 5 0.000000
1 0 6 0.000000
1 0 7 0.000000
1 1 0 0.000000
1 1 1 0.000000
1 1 2 0.000000
1 1 3 0.000000
1 1 4 0.000000
1 1 5 0.000000
1 1 6 0.000000
1 1 7 0.000000
1 2 0 0.000000
1 2 1 0.000000
1 2 2 0.000000
1 2 3 0.000000
1 2 4 0.000000
1 2 5 0.000000
1 2 6 0.000000
1 2 7 0.000000
1 3 0 0.000000
1 3 1 0.000000
1 3 2 0.000000
1 3 3 0.000000
1 3 4 0.000000
1 3 5 0.000000
1 3 6 0.000000
1 3 7 0.000000
1 4 0 0.000000
1 4 1 0.000000
1 4 2 0.000000
1 4 3 0.000000
1 4 4 0.000000
1 4 5 0.000000
1 4 6 0.000000
1 4 7 0.000000
1 5 0 0.000000
1 5 1 0.000000
1 5 2 0.000000
1 5 3 -211.336810
1 5 4 -252.995822
1 5 5 -211.336810
1 5 6 0.000000
1 5 7 0.000000
1 6 0 0.000000
1 6 1 0.000000
1 6 2 0.000000
1 6 3 -170.430452
1 6 4 -210.568592
1 6 5 -170.430452
1 6 6 0.000000
1 6 7 0.000000
1 7 0 0.000000
1 7 1 0.000000
1 7 2 0.000000
1 7 3 -131.797624
1 7 4 -166.236379
1 7 5 -131.797624
1 7 6 0.000000
1 7 7 0.000000
2 0 0 0.000000
2 0 1 0.000000
2 0 2 0.000000
2 0 3 0.000000
2 0 4 0.000000
2 0 5 0.000000
2 0 6 0.000000
2 0 7 0.000000
2 1 0 0.000000
2 1 1 0.000000
2 1 2 0.000000
2 1 3 0.000000
2 1 4 0.000000
2 1 5 0.000000
2 1 6 0.000000
2 1 7 0.000000
2 2 0 0.000000
2 2 1 0.000000
2 2 2 0.000000
2 2 3 0.000000
2 2 4 0.000000
2 2 5 0.000000
2 2 6 0.000000
2 2 7 0.000000
2 3 0 0.000000
2 3 1 0.000000
2 3 2 0.000000
2 3 3 0.000000
2 3 4 0.000000
2 3 5 0.000000
2 3 6 0.000000
2 3 7 0.000000
2 4 0 0.000000
2 4 1 0.000000
2 4 2 0.000000
2 4 3 -211.336810
2 4 4 -252.995822
2 4 5 -211.336810
2 4 6 0.000000
2 4 7 0.000000
2 5 0 0.000000
2 5 1 0.000000
2 5 2 0.000000
2 5 3 -170.430452
2 5 4 -210.568592
2 5 5 -170.430452
2 5 6 0.000000
2 5 7 0.000000
2 6 0 0.000000
2 6 1 0.000000
2 6 2 0.000000
2 6 3 -131.797624
2 6 4 -166.236379
2 6 5 -131.797624
2 6 6 0.000000
2 6 7 0.000000
2 7 0 0.000000
2 7 1 0.000000
2 7 2 0.000000
2 7 3 -103.552431
2 7 4 -137.006117
2 7 5 -103.552431
2 7 6 0.000000
2 7 7 0.000000
3 0 0 0.000000
3 0 1 0.000000
3 0 2 0.000000
3 0 3 0.000000
3 0 4 0.000000
3 0 5 0.000000
3 0 6 0.000000
3 0 7 0.000000
3 1 0 0.000000
3 1 1 0.000000
3 1 2 0.000000
3 1 3 0.000000
3 1 4 0.000000
3 1 5 0.000000
3 1 6 0.000000
3 1 7 0.000000
3 2 0 0.000000
3 2 1 0.000000
3 2 2 0.000000
3 2 3 0.000000
3 2 4 0.000000
3 2 5 0.000000
3 2 6 0.000000
3 2 7 0.000000
3 3 0 0.000000
3 3 1 0.000000
3 3 2 0.000000
3 3 3 -211.336810
3 3 4 -252.995822
3 3 5 -211.336810
3 3 6 0.000000
3 3 7 0.000000
3 4 0 0.000000
3 4 1 0.000000
3 4 2 0.000000
3 4 3 -170.430452
3 4 4 -210.568592
3 4 5 -170.430452
3 4 6 0.000000
3 4 7 0.000000
3 5 0 0.000000
3 5 1 0.000000
3 5 2 0.000000
3 5 3 -131.797624
3 5 4 -166.236379
3 5 5 -131.797624
3 5 6 0.000000
3 5 7 0.000000
3 6 0 0.000000
3 6 1 0.000000
3 6 2 0.000000
3 6 3 -103.552431
3 6 4 -137.006117
3 6 5 -103.552431
3 6 6 0.000000
3 6 7 0.000000
3 7 0 0.000000
3 7 1 0.000000
3 7 2 0.000000
3 7 3 -158.787457
3 7 4 -202.722726
3 7 5 -158.787457
3 7 6 0.000000
3 7 7 0.000000
4 0 0 0.000000
4 0 1 0.000000
4 0 2 0.000000
4 0 3 0.000000
4 0 4 0.000000
4 0 5 0.000000
4 0 6 0.000000
4 0 7 0.000000
4 1 0 0.000000
4 1 1 0.000000
4 1 2 0.000000
4 1 3 0.000000
4 1 4 0.000000
4 1 5 0.000000
4 1 6 0.000000
4 1 7 0.000000
4 2 0 0.000000
4 2 1 0.000000
4 2 2 0.000000
4 2 3 -211.336810
4 2 4 -252.995822
4 2 5 -211.336810
4 2 6 0.000000
4 2 7 0.000000
4 3 0 0.000000
4 3 1 0.000000
4 3 2 0.000000
4 3 3 -170.430452
4 3 4 -210.568592
4 3 5 -170.430452
4 3 6 0.000000
4 3 7 0.000000
4 4 0 0.000000
4 4 1 0.000000
4 4 2 0.000000
4 4 3 -131.797624
4 4 4 -166.236379
4 4 5 -131.797624
4 4 6 0.000000
4 4 7 0.000000
4 5 0 0.000000
4 5 1 0.000000
4 5 2 0.000000
4 5 3 -103.552431
4 5 4 -137.006117
4 5 5 -103.552431
4 5 6 0.000000
4 5 7 0.000000
4 6 0 0.000000
4 6 1 0.000000
4 6 2 0.000000
4 6 3 -158.787457
4 6 4 -202.722726
4 6 5 -158.787457
4 6 6 0.000000
4 6 7 0.000000
4 7 0 0.000000
4 7 1 0.000000
4 7 2 0.000000
4 7 3 -224.823076
4 7 4 -283.591722
4 7 5 -224.823076
4 7 6 0.000000
4 7 7 0.000000
5 0 0 0.000000
5 0 1 0.000000
5 0 2 0.000000
5 0 3 0.000000
5 0 4 0.000000
5 0 5 0.000000
5 0 6 0.000000
5 0 7 0.000000
5 1 0 0.000000
5 1 1 0.000000
5 1 2 0.000000
5 1 3 -211.336810
5 1 4 -252.995822
5 1 5 -211.336810
5 1 6 0.000000
5 1 7 0.000000
5 2 0 0.000000
5 2 1 0.000000
5 2 2 0.000000
5 2 3 -170.430452
5 2 4 -210.568592
5 2 5 -170.430452
5 2 6 0.000000
5 2 7 0.000000
5 3 0 0.000000
5 3 1 0.000000
5 3 2 0.000000
5 3 3 -131.797624
5 3 4 -166.236379
5 3 5 -131.797624
5 3 6 0.000000
5 3 7 0.000000
5 4 0 0.000000
5 4 1 0.000000
5 4 2 0.000000
5 4 3 -103.552431
5 4 4 -137.006117
5 4 5 -103.552431
5 4 6 0.000000
5 4 7 0.000000
5 5 0 0.000000
5 5 1 0.000000
5 5 2 0.000000
5 5 3 -158.787457
5 5 4 -202.722726
5 5 5 -158.787457
5 5 6 0.000000
5 5 7 0.000000
5 6 0 0.000000
5 6 1 0.000000
5 6 2 0.000000
5 6 3 -224.823076
5 6 4 -283.591722
5 6 5 -224.823076
5 6 6 0.000000
5 6 7 0.000000
5 7 0 0.000000
5 7 1 0.000000
5 7 2 0.000000
5 7 3 -298.278217
5 7 4 -367.580802
5 7 5 -298.278217
5 7 6 0.000000
5 7 7 0.000000
6 0 0 0.000000
6 0 1 0.000000
6 0 2 0.000000
6 0 3 -211.336810
6 0 4 -252.995822
6 0 5 -211.336810
6 0 6 0.000000
6 0 7 0.000000
6 1 0 0.000000
6 1 1 0.000000
6 1 2 0.000000
6 1 3 -170.430452
6 1 4 -210.568592
6 1 5 -170.430452
6 1 6 0.000000
6 1 7 0.000000
6 2 0 0.000000
6 2 1 0.000000
6 2 2 0.000000
6 2 3 -131.797624
6 2 4 -166.236379
6 2 5 -131.797624
6 2 6 0.000000
6 2 7 0.000000
6 3 0 0.000000
6 3 1 0.000000
6 3 2 0.000000
6 3 3 -103.552431
6 3 4 -137.006117
6 3 5 -103.552431
6 3 6 0.000000
6 3 7 0.000000
6 4 0 0.000000
6 4 1 0.000000
6 4 2 0.000000
6 4 3 -158.787457
6 4 4 -202.722726
6 4 5 -158.787457
6 4 6 0.000000
6 4 7 0.000000
6 5 0 0.000000
6 5 1 0.000000
6 5 2 0.000000
6 5 3 -224.823076
6 5 4 -283.591722
6 5 5 -224.823076
6 5 6 0.000000
6 5 7 0.000000
6 6 0 0.000000
6 6 1 0.000000
6 6 2 0.000000
6 6 3 -298.278217
6 6 4 -367.580802
6 6 5 -298.278217
6 6 6 0.000000
6 6 7 0.000000
6 7 0 0.000000
6 7 1 0.000000
6 7 2 0.000000
6 7 3 0.000000
6 7 4 0.000000
6 7 5 0.000000
6 7 6 0.000000
6 7 7 0.000000
7 0 0 0.000000
7 0 1 0.000000
7 0 2 0.000000
7 0 3 -170.430452
7 0 4 -210.568592
7 0 5 -170.430452
7 0 6 0.000000
7 0 7 0.000000
7 1 0 0.000000
7 1 1 0.000000
7 1 2 0.000000
7 1 3 -131.797624
7 1 4 -166.236379
7 1 5 -131.797624
7 1 6 0.000000
7 1 7 0.000000
7 2 0 0.000000
7 2 1 0.000000
7 2 2 0.000000
7 2 3 -103.552431
7 2 4 -137.006117
7 2 5 -103.552431
7 2 6 0.000000
7 2 7 0.000000
7 3 0 0.000000
7 3 1 0.000000
7 3 2 0.000000
7 3 3 -158.787457
7 3 4 -202.722726
7 3 5 -158.787457
7 3 6 0.000000
7 3 7 0.000000
7 4 0 0.000000
7 4 1 0.000000
7 4 2 0.000000
7 4 3 -224.823076
7 4 4 -283.591722
7 4 5 -224.823076
7 4 6 0.000000
7 4 7 0.000000
7 5 0 0.000000
7 5 1 0.000000
7 5 2 0.000000
7 5 3 -298.278217
7 5 4 -367.580802
7 5 5 -298.278217
7 5 6 0.000000
7 5 7 0.000000
7 6 0 0.000000
7 6 1 0.000000
7 6 2 0.000000
7 6 3 0.000000
7 6 4 0.000000
7 6 5 0.000000
7 6 6 0.000000
7 6 7 0.000000
7 7 0 0.000000
7 7 1 0.000000
7 7 2 0.000000
7 7 3 0.000000
7 7 4 0.000000
7 7 5 0.000000
7 7 6 0.000000
7 7 7 0.000000
