0 0 0.000000
0 1 0.000000
0 2 0.000000
0 3 0.000000
0 4 0.000000
0 5 0.000000
0 6 0.000000
0 7 0.000000
0 8 0.000000
0 9 0.000000
0 10 0.000000
0 11 0.000000
0 12 0.000000
0 13 0.000000
0 14 0.000000
0 15 0.000000
0 16 0.000000
0 17 0.000000
0 18 0.000000
0 19 0.000000
0 20 0.000000
0 21 0.000000
0 22 0.000000
0 23 0.000000
0 24 0.000000
0 25 0.000000
0 26 0.000000
0 27 0.000000
0 28 0.000000
0 29 0.000000
0 30 0.000000
0 31 0.000000
0 32 0.000000
0 33 0.000000
0 34 0.000000
0 35 0.000000
0 36 0.000000
0 37 0.000000
0 38 0.000000
0 39 0.000000
0 40 0.000000
0 41 0.000000
0 42 0.000000
0 43 0.000000
0 44 0.000000
0 45 0.000000
0 46 0.000000
0 47 0.000000
0 48 0.000000
0 49 0.000000
1 0 0.000000
1 1 0.000000
1 2 0.000000
1 3 0.000000
1 4 0.000000
1 5 0.000000
1 6 0.000000
1 7 0.000000
1 8 0.000000
1 9 0.000000
1 10 0.000000
1 11 0.000000
1 12 0.000000
1 13 0.000000
1 14 0.000000
1 15 0.000000
1 16 0.000000
1 17 0.000000
1 18 0.000000
1 19 0.000000
1 20 0.000000
1 21 0.000000
1 22 0.000000
1 23 0.000000
1 24 0.000000
1 25 0.000000
1 26 0.000000
1 27 0.000000
1 28 0.000000
1 29 0.000000
1 30 0.000000
1 31 0.000000
1 32 0.000000
1 33 0.000000
1 34 0.000000
1 35 0.000000
1 36 0.000000
1 37 0.000000
1 38 0.000000
1 39 0.000000
1 40 0.000000
1 41 0.000000
1 42 0.000000
1 43 0.000000
1 44 0.000000
1 45 0.000000
1 46 0.000000
1 47 0.000000
1 48 0.000000
1 49 0.000000
2 0 0.000000
2 1 0.000000
2 2 0.000000
2 3 0.000000
2 4 0.000000
2 5 0.000000
2 6 0.000000
2 7 0.000000
2 8 0.000000
2 9 0.000000
2 10 0.000000
2 11 0.000000
2 12 0.000000
2 13 0.000000
2 14 0.000000
2 15 0.000000
2 16 0.000000
2 17 0.000000
2 18 0.000000
2 19 0.000000
2 20 0.000000
2 21 0.000000
2 22 0.000000
2 23 0.000000
2 24 0.000000
2 25 0.000000
2 26 0.000000
2 27 0.000000
2 28 0.000000
2 29 0.000000
2 30 0.000000
2 31 0.000000
2 32 0.000000
2 33 0.000000
2 34 0.000000
2 35 0.000000
2 36 0.000000
2 37 0.000000
2 38 0.000000
2 39 0.000000
2 40 0.000000
2 41 0.000000
2 42 0.000000
2 43 0.000000
2 44 0.000000
2 45 0.000000
2 46 0.000000
2 47 0.000000
2 48 0.000000
2 49 0.000000
3 0 0.000000
3 1 0.000000
3 2 0.000000
3 3 0.000000
3 4 0.000000
3 5 0.000000
3 6 0.000000
3 7 0.000000
3 8 0.000000
3 9 0.000000
3 10 0.000000
3 11 0.000000
3 12 0.000000
3 13 0.000000
3 14 0.000000
3 15 0.000000
3 16 0.000000
3 17 0.000000
3 18 0.000000
3 19 0.000000
3 20 0.000000
3 21 0.000000
3 22 0.000000
3 23 0.000000
3 24 0.000000
3 25 0.000000
3 26 0.000000
3 27 0.000000
3 28 0.000000
3 29 0.000000
3 30 0.000000
3 31 0.000000
3 32 0.000000
3 33 0.000000
3 34 0.000000
3 35 0.000000
3 36 0.000000
3 37 0.000000
3 38 0.000000
3 39 0.000000
3 40 0.000000
3 41 0.000000
3 42 0.000000
3 43 0.000000
3 44 0.000000
3 45 0.000000
3 46 0.000000
3 47 0.000000
3 48 0.000000
3 49 0.000000
4 0 0.000000
4 1 0.000000
4 2 0.000000
4 3 0.000000
4 4 0.000000
4 5 0.000000
4 6 0.000000
4 7 0.000000
4 8 0.000000
4 9 0.000000
4 10 0.000000
4 11 0.000000
4 12 0.000000
4 13 0.000000
4 14 0.000000
4 15 0.000000
4 16 0.000000
4 17 0.000000
4 18 0.000000
4 19 0.000000
4 20 0.000000
4 21 0.000000
4 22 0.000000
4 23 0.000000
4 24 0.000000
4 25 0.000000
4 26 0.000000
4 27 0.000000
4 28 0.000000
4 29 0.000000
4 30 0.000000
4 31 0.000000
4 32 0.000000
4 33 0.000000
4 34 0.000000
4 35 0.000000
4 36 0.000000
4 37 0.000000
4 38 0.000000
4 39 0.000000
4 40 0.000000
4 41 0.000000
4 42 0.000000
4 43 0.000000
4 44 0.000000
4 45 0.000000
4 46 0.000000
4 47 0.000000
4 48 0.000000
4 49 0.000000
5 0 0.000000
5 1 0.000000
5 2 0.000000
5 3 0.000000
5 4 0.000000
5 5 0.000000
5 6 0.000000
5 7 0.000000
5 8 0.000000
5 9 0.000000
5 10 0.000000
5 11 0.000000
5 12 0.000000
5 13 0.000000
5 14 0.000000
5 15 0.000000
5 16 0.000000
5 17 0.000000
5 18 0.000000
5 19 0.000000
5 20 0.000000
5 21 0.000000
5 22 0.000000
5 23 0.000000
5 24 0.000000
5 25 0.000000
5 26 0.000000
5 27 0.000000
5 28 0.000000
5 29 0.000000
5 30 0.000000
5 31 0.000000
5 32 0.000000
5 33 0.000000
5 34 0.000000
5 35 0.000000
5 36 0.000000
5 37 0.000000
5 38 0.000000
5 39 0.000000
5 40 0.000000
5 41 0.000000
5 42 0.000000
5 43 0.000000
5 44 0.000000
5 45 0.000000
5 46 0.000000
5 47 0.000000
5 48 0.000000
5 49 0.000000
6 0 0.000000
6 1 0.000000
6 2 0.000000
6 3 0.000000
6 4 0.000000
6 5 0.000000
6 6 0.000000
6 7 0.000000
6 8 0.000000
6 9 0.000000
6 10 0.000000
6 11 0.000000
6 12 0.000000
6 13 0.000000
6 14 0.000000
6 15 0.000000
6 16 0.000000
6 17 0.000000
6 18 0.000000
6 19 0.000000
6 20 0.000000
6 21 0.000000
6 22 0.000000
6 23 0.000000
6 24 0.000000
6 25 0.000000
6 26 0.000000
6 27 0.000000
6 28 0.000000
6 29 0.000000
6 30 0.000000
6 31 0.000000
6 32 0.000000
6 33 0.000000
6 34 0.000000
6 35 0.000000
6 36 0.000000
6 37 0.000000
6 38 0.000000
6 39 0.000000
6 40 0.000000
6 41 0.000000
6 42 0.000000
6 43 0.000000
6 44 0.000000
6 45 0.000000
6 46 0.000000
6 47 0.000000
6 48 0.000000
6 49 0.000000
7 0 0.000000
7 1 0.000000
7 2 0.000000
7 3 0.000000
7 4 0.000000
7 5 0.000000
7 6 0.000000
7 7 0.000000
7 8 0.000000
7 9 0.000000
7 10 0.000000
7 11 0.000000
7 12 0.000000
7 13 0.000000
7 14 0.000000
7 15 0.000000
7 16 0.000000
7 17 0.000000
7 18 0.000000
7 19 0.000000
7 20 0.000000
7 21 0.000000
7 22 0.000000
7 23 0.000000
7 24 0.000000
7 25 0.000000
7 26 0.000000
7 27 0.000000
7 28 0.000000
7 29 0.000000
7 30 0.000000
7 31 0.000000
7 32 0.000000
7 33 0.000000
7 34 0.000000
7 35 0.000000
7 36 0.000000
7 37 0.000000
7 38 0.000000
7 39 0.000000
7 40 0.000000
7 41 0.000000
7 42 0.000000
7 43 0.000000
7 44 0.000000
7 45 0.000000
7 46 0.000000
7 47 0.000000
7 48 0.000000
7 49 0.000000
8 0 0.000000
8 1 0.000000
8 2 0.000000
8 3 0.000000
8 4 0.000000
8 5 0.000000
8 6 0.000000
8 7 0.000000
8 8 0.000000
8 9 0.000000
8 10 0.000000
8 11 0.000000
8 12 0.000000
8 13 0.000000
8 14 0.000000
8 15 0.000000
8 16 0.000000
8 17 0.000000
8 18 0.000000
8 19 0.000000
8 20 0.000000
8 21 0.000000
8 22 0.000000
8 23 0.000000
8 24 0.000000
8 25 0.000000
8 26 0.000000
8 27 0.000000
8 28 0.000000
8 29 0.000000
8 30 0.000000
8 31 0.000000
8 32 0.000000
8 33 0.000000
8 34 0.000000
8 35 0.000000
8 36 0.000000
8 37 0.000000
8 38 0.000000
8 39 0.000000
8 40 0.000000
8 41 0.000000
8 42 0.000000
8 43 0.000000
8 44 0.000000
8 45 0.000000
8 46 0.000000
8 47 0.000000
8 48 0.000000
8 49 0.000000
9 0 0.000000
9 1 0.000000
9 2 0.000000
9 3 0.000000
9 4 0.000000
9 5 0.000000
9 6 0.000000
9 7 0.000000
9 8 0.000000
9 9 0.000000
9 10 0.000000
9 11 0.000000
9 12 0.000000
9 13 0.000000
9 14 0.000000
9 15 0.000000
9 16 0.000000
9 17 0.000000
9 18 0.000000
9 19 0.000000
9 20 0.000000
9 21 0.000000
9 22 0.000000
9 23 0.000000
9 24 0.000000
9 25 0.000000
9 26 0.000000
9 27 0.000000
9 28 0.000000
9 29 0.000000
9 30 0.000000
9 31 0.000000
9 32 0.000000
9 33 0.000000
9 34 0.000000
9 35 0.000000
9 36 0.000000
9 37 0.000000
9 38 0.000000
9 39 0.000000
9 40 0.000000
9 41 0.000000
9 42 0.000000
9 43 0.000000
9 44 0.000000
9 45 0.000000
9 46 0.000000
9 47 0.000000
9 48 0.000000
9 49 0.000000
10 0 0.000000
10 1 0.000000
10 2 0.000000
10 3 0.000000
10 4 0.000000
10 5 0.000000
10 6 0.000000
10 7 0.000000
10 8 0.000000
10 9 0.000000
10 10 0.000000
10 11 0.000000
10 12 0.000000
10 13 0.000000
10 14 0.000000
10 15 0.000000
10 16 0.000000
10 17 0.000000
10 18 0.000000
10 19 0.000000
10 20 0.000000
10 21 0.000000
10 22 0.000000
10 23 0.000000
10 24 0.000000
10 25 0.000000
10 26 0.000000
10 27 0.000000
10 28 0.000000
10 29 0.000000
10 30 0.000000
10 31 0.000000
10 32 0.000000
10 33 0.000000
10 34 0.000000
10 35 0.000000
10 36 0.000000
10 37 0.000000
10 38 0.000000
10 39 0.000000
10 40 0.000000
10 41 0.000000
10 42 0.000000
10 43 0.000000
10 44 0.000000
10 45 0.000000
10 46 0.000000
10 47 0.000000
10 48 0.000000
10 49 0.000000
11 0 -0.000805
11 1 0.000000
11 2 -0.001635
11 3 0.000000
11 4 0.000000
11 5 0.000000
11 6 0.000000
11 7 0.000000
11 8 0.000000
11 9 0.000000
11 10 0.000000
11 11 0.000000
11 12 0.000000
11 13 0.000000
11 14 0.000000
11 15 0.000000
11 16 0.000000
11 17 0.000000
11 18 0.000000
11 19 0.000000
11 20 0.000000
11 21 0.000000
11 22 0.000000
11 23 0.000000
11 24 0.000000
11 25 0.000000
11 26 0.000000
11 27 0.000000
11 28 0.000000
11 29 0.000000
11 30 0.000000
11 31 0.000000
11 32 0.000000
11 33 0.000000
11 34 0.000000
11 35 0.000000
11 36 0.000000
11 37 0.000000
11 38 0.000000
11 39 0.000000
11 40 0.000000
11 41 0.000000
11 42 0.000000
11 43 0.000000
11 44 0.000000
11 45 0.000000
11 46 0.000000
11 47 0.000000
11 48 0.000000
11 49 0.000000
12 0 -0.001290
12 1 0.000000
12 2 -0.004910
12 3 0.000000
12 4 0.000000
12 5 0.000000
12 6 0.000000
12 7 0.000000
12 8 0.000000
12 9 0.000000
12 10 0.000000
12 11 0.000000
12 12 0.000000
12 13 0.000000
12 14 0.000000
12 15 0.000000
12 16 0.000000
12 17 0.000000
12 18 0.000000
12 19 0.000000
12 20 0.000000
12 21 0.000000
12 22 0.000000
12 23 0.000000
12 24 0.000000
12 25 0.000000
12 26 0.000000
12 27 0.000000
12 28 0.000000
12 29 0.000000
12 30 0.000000
12 31 0.000000
12 32 0.000000
12 33 0.000000
12 34 0.000000
12 35 0.000000
12 36 0.000000
12 37 0.000000
12 38 0.000000
12 39 0.000000
12 40 0.000000
12 41 0.000000
12 42 0.000000
12 43 0.000000
12 44 0.000000
12 45 0.000000
12 46 0.000000
12 47 0.000000
12 48 0.000000
12 49 0.000000
13 0 -0.000073
13 1 -0.000757
13 2 -0.002870
13 3 0.000000
13 4 0.000000
13 5 0.000000
13 6 0.000000
13 7 0.000000
13 8 0.000000
13 9 0.000000
13 10 0.000000
13 11 0.000000
13 12 0.000000
13 13 0.000000
13 14 0.000000
13 15 0.000000
13 16 0.000000
13 17 0.000000
13 18 0.000000
13 19 0.000000
13 20 0.000000
13 21 0.000000
13 22 0.000000
13 23 0.000000
13 24 0.000000
13 25 0.000000
13 26 0.000000
13 27 0.000000
13 28 0.000000
13 29 0.000000
13 30 0.000000
13 31 0.000000
13 32 0.000000
13 33 0.000000
13 34 0.000000
13 35 0.000000
13 36 0.000000
13 37 0.000000
13 38 0.000000
13 39 0.000000
13 40 0.000000
13 41 0.000000
13 42 0.000000
13 43 0.000000
13 44 0.000000
13 45 0.000000
13 46 0.000000
13 47 0.000000
13 48 0.000000
13 49 0.000000
14 0 0.001398
14 1 0.000329
14 2 -0.000369
14 3 0.000775
14 4 0.000186
14 5 0.000000
14 6 0.000000
14 7 0.000000
14 8 0.000000
14 9 0.000000
14 10 0.000000
14 11 0.000000
14 12 0.000000
14 13 0.000000
14 14 0.000000
14 15 0.000000
14 16 0.000000
14 17 0.000000
14 18 0.000000
14 19 0.000000
14 20 0.000000
14 21 0.000000
14 22 0.000000
14 23 0.000000
14 24 0.000000
14 25 0.000000
14 26 0.000000
14 27 0.000000
14 28 0.000000
14 29 0.000000
14 30 0.000000
14 31 0.000000
14 32 0.000000
14 33 0.000000
14 34 0.000000
14 35 0.000000
14 36 0.000000
14 37 0.000000
14 38 0.000000
14 39 0.000000
14 40 0.000000
14 41 0.000000
14 42 0.000000
14 43 0.000000
14 44 0.000000
14 45 0.000000
14 46 0.000000
14 47 0.000000
14 48 0.000000
14 49 0.000000
15 0 0.002885
15 1 0.001951
15 2 0.000999
15 3 0.000820
15 4 0.000469
15 5 0.000488
15 6 0.000584
15 7 0.001036
15 8 0.001170
15 9 0.002328
15 10 0.000787
15 11 0.000303
15 12 -0.000556
15 13 0.000000
15 14 0.000000
15 15 0.000000
15 16 0.000000
15 17 0.000000
15 18 0.000000
15 19 0.000000
15 20 0.000000
15 21 0.000000
15 22 0.000000
15 23 0.000000
15 24 0.000000
15 25 0.000000
15 26 0.000000
15 27 0.000000
15 28 0.000000
15 29 0.000000
15 30 0.000000
15 31 0.000000
15 32 0.000000
15 33 0.000000
15 34 0.000000
15 35 0.000000
15 36 0.000000
15 37 0.000000
15 38 0.000000
15 39 0.000000
15 40 0.000000
15 41 0.000000
15 42 0.000000
15 43 0.000000
15 44 0.000000
15 45 0.000000
15 46 0.000000
15 47 0.000000
15 48 0.000000
15 49 0.000000
16 0 0.003956
16 1 0.002881
16 2 0.002190
16 3 0.001803
16 4 0.001331
16 5 0.001049
16 6 0.000948
16 7 0.000983
16 8 0.001071
16 9 0.001253
16 10 0.000862
16 11 0.000272
16 12 -0.000106
16 13 0.000082
16 14 0.000096
16 15 0.000061
16 16 0.000047
16 17 0.000017
16 18 0.000010
16 19 0.000008
16 20 0.000006
16 21 0.000006
16 22 0.000006
16 23 0.000007
16 24 0.000007
16 25 0.000006
16 26 0.000003
16 27 -0.000001
16 28 0.000002
16 29 0.000015
16 30 0.000026
16 31 0.000028
16 32 0.000029
16 33 0.000032
16 34 0.000037
16 35 0.000047
16 36 0.000032
16 37 0.000062
16 38 0.000030
16 39 -0.000031
16 40 -0.000057
16 41 -0.000035
16 42 0.000400
16 43 0.000248
16 44 0.000552
16 45 0.000000
16 46 0.000000
16 47 0.000000
16 48 0.000000
16 49 0.000000
17 0 0.004576
17 1 0.003666
17 2 0.003067
17 3 0.002424
17 4 0.001857
17 5 0.001650
17 6 0.001351
17 7 0.001225
17 8 0.001185
17 9 0.001128
17 10 0.000891
17 11 0.000570
17 12 0.000339
17 13 0.000244
17 14 0.000150
17 15 0.000108
17 16 0.000083
17 17 0.000061
17 18 0.000050
17 19 0.000043
17 20 0.000037
17 21 0.000033
17 22 0.000030
17 23 0.000028
17 24 0.000026
17 25 0.000023
17 26 0.000021
17 27 0.000016
17 28 0.000014
17 29 0.000021
17 30 0.000037
17 31 0.000053
17 32 0.000069
17 33 0.000087
17 34 0.000109
17 35 0.000124
17 36 0.000112
17 37 0.000140
17 38 0.000099
17 39 0.000089
17 40 0.000151
17 41 0.000301
17 42 0.000778
17 43 0.000906
17 44 0.001305
17 45 0.000000
17 46 0.000000
17 47 0.000000
17 48 0.000000
17 49 0.000000
18 0 0.005407
18 1 0.004449
18 2 0.003598
18 3 0.002957
18 4 0.002503
18 5 0.002188
18 6 0.001713
18 7 0.001504
18 8 0.001363
18 9 0.001192
18 10 0.000975
18 11 0.000719
18 12 0.000613
18 13 0.000353
18 14 0.000240
18 15 0.000168
18 16 0.000146
18 17 0.000123
18 18 0.000111
18 19 0.000098
18 20 0.000085
18 21 0.000074
18 22 0.000065
18 23 0.000058
18 24 0.000053
18 25 0.000049
18 26 0.000048
18 27 0.000048
18 28 0.000051
18 29 0.000059
18 30 0.000071
18 31 0.000086
18 32 0.000108
18 33 0.000144
18 34 0.000176
18 35 0.000231
18 36 0.000187
18 37 0.000157
18 38 0.000162
18 39 0.000202
18 40 0.000320
18 41 0.000568
18 42 0.000655
18 43 0.000843
18 44 0.001310
18 45 0.001133
18 46 0.000000
18 47 0.000000
18 48 0.000000
18 49 0.000000
19 0 0.005950
19 1 0.004963
19 2 0.004105
19 3 0.003527
19 4 0.003006
19 5 0.002485
19 6 0.002060
19 7 0.001755
19 8 0.001544
19 9 0.001348
19 10 0.001078
19 11 0.000918
19 12 0.000646
19 13 0.000433
19 14 0.000303
19 15 0.000194
19 16 0.000178
19 17 0.000180
19 18 0.000174
19 19 0.000149
19 20 0.000128
19 21 0.000111
19 22 0.000097
19 23 0.000085
19 24 0.000077
19 25 0.000072
19 26 0.000070
19 27 0.000072
19 28 0.000078
19 29 0.000090
19 30 0.000108
19 31 0.000134
19 32 0.000168
19 33 0.000218
19 34 0.000315
19 35 0.000293
19 36 0.000227
19 37 0.000196
19 38 0.000219
19 39 0.000257
19 40 0.000444
19 41 0.000503
19 42 0.000705
19 43 0.000817
19 44 0.001113
19 45 0.001155
19 46 0.000000
19 47 0.000000
19 48 -0.000220
19 49 0.000000
20 0 0.006332
20 1 0.005322
20 2 0.004588
20 3 0.003866
20 4 0.003250
20 5 0.002709
20 6 0.002345
20 7 0.002028
20 8 0.001717
20 9 0.001468
20 10 0.001257
20 11 0.000952
20 12 0.000611
20 13 0.000470
20 14 0.000373
20 15 0.000255
20 16 0.000216
20 17 0.000216
20 18 0.000216
20 19 0.000191
20 20 0.000166
20 21 0.000143
20 22 0.000124
20 23 0.000109
20 24 0.000097
20 25 0.000090
20 26 0.000088
20 27 0.000090
20 28 0.000099
20 29 0.000114
20 30 0.000138
20 31 0.000174
20 32 0.000222
20 33 0.000285
20 34 0.000395
20 35 0.000342
20 36 0.000276
20 37 0.000235
20 38 0.000273
20 39 0.000330
20 40 0.000504
20 41 0.000515
20 42 0.000664
20 43 0.000810
20 44 0.000940
20 45 0.000869
20 46 0.000491
20 47 0.000000
20 48 -0.000624
20 49 -0.000369
21 0 0.006601
21 1 0.005608
21 2 0.004830
21 3 0.004105
21 4 0.003490
21 5 0.002969
21 6 0.002588
21 7 0.002231
21 8 0.001889
21 9 0.001581
21 10 0.001228
21 11 0.000966
21 12 0.000715
21 13 0.000508
21 14 0.000405
21 15 0.000314
21 16 0.000225
21 17 0.000228
21 18 0.000241
21 19 0.000231
21 20 0.000196
21 21 0.000168
21 22 0.000145
21 23 0.000127
21 24 0.000113
21 25 0.000105
21 26 0.000102
21 27 0.000105
21 28 0.000115
21 29 0.000134
21 30 0.000164
21 31 0.000207
21 32 0.000266
21 33 0.000341
21 34 0.000444
21 35 0.000405
21 36 0.000318
21 37 0.000289
21 38 0.000297
21 39 0.000376
21 40 0.000543
21 41 0.000548
21 42 0.000670
21 43 0.000805
21 44 0.000742
21 45 0.000648
21 46 0.000418
21 47 0.000000
21 48 -0.000698
21 49 -0.000602
22 0 0.006798
22 1 0.005821
22 2 0.005023
22 3 0.004304
22 4 0.003701
22 5 0.003160
22 6 0.002782
22 7 0.002338
22 8 0.001852
22 9 0.001466
22 10 0.001241
22 11 0.001017
22 12 0.000791
22 13 0.000592
22 14 0.000420
22 15 0.000317
22 16 0.000224
22 17 0.000248
22 18 0.000263
22 19 0.000254
22 20 0.000217
22 21 0.000185
22 22 0.000159
22 23 0.000139
22 24 0.000124
22 25 0.000114
22 26 0.000111
22 27 0.000115
22 28 0.000127
22 29 0.000150
22 30 0.000184
22 31 0.000234
22 32 0.000302
22 33 0.000387
22 34 0.000505
22 35 0.000469
22 36 0.000357
22 37 0.000300
22 38 0.000347
22 39 0.000408
22 40 0.000545
22 41 0.000562
22 42 0.000632
22 43 0.000737
22 44 0.000705
22 45 0.000554
22 46 0.000460
22 47 0.000382
22 48 0.000000
22 49 -0.000667
23 0 0.006915
23 1 0.005905
23 2 0.005140
23 3 0.004367
23 4 0.003747
23 5 0.003189
23 6 0.002738
23 7 0.002265
23 8 0.001873
23 9 0.001565
23 10 0.001315
23 11 0.001081
23 12 0.000832
23 13 0.000635
23 14 0.000467
23 15 0.000289
23 16 0.000214
23 17 0.000257
23 18 0.000283
23 19 0.000266
23 20 0.000226
23 21 0.000193
23 22 0.000166
23 23 0.000144
23 24 0.000128
23 25 0.000119
23 26 0.000116
23 27 0.000121
23 28 0.000135
23 29 0.000159
23 30 0.000197
23 31 0.000252
23 32 0.000325
23 33 0.000427
23 34 0.000549
23 35 0.000545
23 36 0.000352
23 37 0.000305
23 38 0.000410
23 39 0.000453
23 40 0.000485
23 41 0.000513
23 42 0.000641
23 43 0.000657
23 44 0.000660
23 45 0.000615
23 46 0.000450
23 47 0.000173
23 48 0.000000
23 49 -0.000680
24 0 0.006867
24 1 0.005877
24 2 0.005095
24 3 0.004344
24 4 0.003745
24 5 0.003214
24 6 0.002733
24 7 0.002215
24 8 0.001896
24 9 0.001602
24 10 0.001343
24 11 0.001082
24 12 0.000837
24 13 0.000646
24 14 0.000468
24 15 0.000250
24 16 0.000233
24 17 0.000271
24 18 0.000291
24 19 0.000260
24 20 0.000224
24 21 0.000192
24 22 0.000165
24 23 0.000143
24 24 0.000127
24 25 0.000118
24 26 0.000116
24 27 0.000121
24 28 0.000136
24 29 0.000163
24 30 0.000204
24 31 0.000261
24 32 0.000340
24 33 0.000443
24 34 0.000592
24 35 0.000540
24 36 0.000381
24 37 0.000330
24 38 0.000411
24 39 0.000461
24 40 0.000482
24 41 0.000506
24 42 0.000634
24 43 0.000665
24 44 0.000603
24 45 0.000582
24 46 0.000436
24 47 0.000012
24 48 0.000000
24 49 -0.000685
25 0 0.006711
25 1 0.005738
25 2 0.004964
25 3 0.004227
25 4 0.003658
25 5 0.003130
25 6 0.002658
25 7 0.002141
25 8 0.001841
25 9 0.001551
25 10 0.001299
25 11 0.001040
25 12 0.000800
25 13 0.000617
25 14 0.000439
25 15 0.000265
25 16 0.000212
25 17 0.000257
25 18 0.000278
25 19 0.000254
25 20 0.000214
25 21 0.000182
25 22 0.000156
25 23 0.000135
25 24 0.000120
25 25 0.000112
25 26 0.000110
25 27 0.000116
25 28 0.000132
25 29 0.000159
25 30 0.000201
25 31 0.000260
25 32 0.000340
25 33 0.000450
25 34 0.000531
25 35 0.000533
25 36 0.000379
25 37 0.000370
25 38 0.000450
25 39 0.000536
25 40 0.000485
25 41 0.000569
25 42 0.000660
25 43 0.000660
25 44 0.000674
25 45 0.000578
25 46 0.000314
25 47 -0.000033
25 48 -0.000275
25 49 -0.000694
26 0 0.006487
26 1 0.005467
26 2 0.004694
26 3 0.003979
26 4 0.003442
26 5 0.002932
26 6 0.002470
26 7 0.002035
26 8 0.001734
26 9 0.001455
26 10 0.001199
26 11 0.000949
26 12 0.000733
26 13 0.000552
26 14 0.000368
26 15 0.000239
26 16 0.000237
26 17 0.000258
26 18 0.000255
26 19 0.000224
26 20 0.000192
26 21 0.000163
26 22 0.000140
26 23 0.000121
26 24 0.000108
26 25 0.000101
26 26 0.000100
26 27 0.000106
26 28 0.000121
26 29 0.000148
26 30 0.000188
26 31 0.000245
26 32 0.000324
26 33 0.000470
26 34 0.000475
26 35 0.000425
26 36 0.000445
26 37 0.000439
26 38 0.000519
26 39 0.000544
26 40 0.000643
26 41 0.000649
26 42 0.000707
26 43 0.000678
26 44 0.000625
26 45 0.000474
26 46 0.000227
26 47 -0.000125
26 48 -0.000384
26 49 -0.000764
27 0 0.006214
27 1 0.005259
27 2 0.004491
27 3 0.003792
27 4 0.003180
27 5 0.002641
27 6 0.002243
27 7 0.001865
27 8 0.001576
27 9 0.001297
27 10 0.001043
27 11 0.000819
27 12 0.000629
27 13 0.000438
27 14 0.000325
27 15 0.000222
27 16 0.000226
27 17 0.000229
27 18 0.000221
27 19 0.000189
27 20 0.000162
27 21 0.000137
27 22 0.000117
27 23 0.000102
27 24 0.000091
27 25 0.000085
27 26 0.000085
27 27 0.000091
27 28 0.000106
27 29 0.000130
27 30 0.000167
27 31 0.000221
27 32 0.000298
27 33 0.000443
27 34 0.000435
27 35 0.000429
27 36 0.000450
27 37 0.000480
27 38 0.000615
27 39 0.000669
27 40 0.000759
27 41 0.000641
27 42 0.000537
27 43 0.000541
27 44 0.000529
27 45 0.000377
27 46 0.000161
27 47 -0.000208
27 48 -0.000656
27 49 -0.000734
28 0 0.005933
28 1 0.004943
28 2 0.004172
28 3 0.003513
28 4 0.002930
28 5 0.002480
28 6 0.001997
28 7 0.001668
28 8 0.001360
28 9 0.001085
28 10 0.000864
28 11 0.000619
28 12 0.000495
28 13 0.000364
28 14 0.000245
28 15 0.000200
28 16 0.000195
28 17 0.000190
28 18 0.000168
28 19 0.000146
28 20 0.000124
28 21 0.000105
28 22 0.000089
28 23 0.000078
28 24 0.000069
28 25 0.000065
28 26 0.000066
28 27 0.000072
28 28 0.000084
28 29 0.000105
28 30 0.000136
28 31 0.000183
28 32 0.000251
28 33 0.000385
28 34 0.000412
28 35 0.000411
28 36 0.000452
28 37 0.000568
28 38 0.000735
28 39 0.000817
28 40 0.000872
28 41 0.000584
28 42 0.000049
28 43 0.000363
28 44 0.000593
28 45 0.000760
28 46 0.000277
28 47 -0.000141
28 48 -0.000588
28 49 -0.000558
29 0 0.005323
29 1 0.004390
29 2 0.003710
29 3 0.003113
29 4 0.002541
29 5 0.002154
29 6 0.001872
29 7 0.001512
29 8 0.001131
29 9 0.000820
29 10 0.000624
29 11 0.000464
29 12 0.000359
29 13 0.000224
29 14 0.000169
29 15 0.000148
29 16 0.000144
29 17 0.000127
29 18 0.000112
29 19 0.000098
29 20 0.000082
29 21 0.000068
29 22 0.000057
29 23 0.000050
29 24 0.000045
29 25 0.000043
29 26 0.000044
29 27 0.000049
29 28 0.000059
29 29 0.000075
29 30 0.000099
29 31 0.000135
29 32 0.000186
29 33 0.000258
29 34 0.000384
29 35 0.000418
29 36 0.000495
29 37 0.000621
29 38 0.000836
29 39 0.001004
29 40 0.001243
29 41 0.000468
29 42 0.000105
29 43 0.000547
29 44 0.000829
29 45 0.001101
29 46 0.000202
29 47 -0.000077
29 48 -0.000334
29 49 -0.000278
30 0 0.004677
30 1 0.003706
30 2 0.003040
30 3 0.002489
30 4 0.002007
30 5 0.001704
30 6 0.001509
30 7 0.001287
30 8 0.000977
30 9 0.000637
30 10 0.000375
30 11 0.000207
30 12 0.000161
30 13 0.000128
30 14 0.000094
30 15 0.000071
30 16 0.000066
30 17 0.000055
30 18 0.000053
30 19 0.000044
30 20 0.000037
30 21 0.000029
30 22 0.000024
30 23 0.000020
30 24 0.000019
30 25 0.000020
30 26 0.000021
30 27 0.000025
30 28 0.000031
30 29 0.000039
30 30 0.000052
30 31 0.000071
30 32 0.000103
30 33 0.000150
30 34 0.000258
30 35 0.000388
30 36 0.000517
30 37 0.000699
30 38 0.000729
30 39 0.000933
30 40 0.000630
30 41 0.000394
30 42 0.000631
30 43 0.000000
30 44 0.000000
30 45 0.000000
30 46 0.000000
30 47 0.000000
30 48 0.000000
30 49 0.000000
31 0 0.004012
31 1 0.003046
31 2 0.002258
31 3 0.001780
31 4 0.001381
31 5 0.001125
31 6 0.001087
31 7 0.000972
31 8 0.000749
31 9 0.000367
31 10 0.000149
31 11 0.000060
31 12 0.000040
31 13 0.000028
31 14 0.000009
31 15 0.000006
31 16 0.000017
31 17 0.000013
31 18 0.000030
31 19 0.000016
31 20 0.000009
31 21 0.000003
31 22 -0.000000
31 23 0.000000
31 24 0.000002
31 25 0.000003
31 26 0.000005
31 27 0.000006
31 28 0.000007
31 29 0.000008
31 30 0.000007
31 31 0.000008
31 32 0.000026
31 33 0.000067
31 34 0.000136
31 35 0.000223
31 36 0.000323
31 37 0.000398
31 38 0.001106
31 39 0.001286
31 40 0.000000
31 41 0.000000
31 42 0.000000
31 43 0.000000
31 44 0.000000
31 45 0.000000
31 46 0.000000
31 47 0.000000
31 48 0.000000
31 49 0.000000
32 0 0.003331
32 1 0.002312
32 2 0.001577
32 3 0.000823
32 4 0.000544
32 5 0.000616
32 6 0.000802
32 7 0.001016
32 8 0.000503
32 9 0.000233
32 10 0.000000
32 11 0.000000
32 12 0.000000
32 13 0.000000
32 14 0.000000
32 15 0.000000
32 16 0.000000
32 17 0.000000
32 18 0.000000
32 19 0.000000
32 20 0.000000
32 21 0.000000
32 22 0.000000
32 23 0.000000
32 24 0.000000
32 25 0.000000
32 26 0.000000
32 27 0.000000
32 28 0.000000
32 29 0.000000
32 30 0.000000
32 31 0.000000
32 32 0.000000
32 33 0.000000
32 34 0.000000
32 35 0.000000
32 36 0.000000
32 37 0.000000
32 38 0.000000
32 39 0.000000
32 40 0.000000
32 41 0.000000
32 42 0.000000
32 43 0.000000
32 44 0.000000
32 45 0.000000
32 46 0.000000
32 47 0.000000
32 48 0.000000
32 49 0.000000
33 0 0.002476
33 1 0.001158
33 2 0.000895
33 3 0.000447
33 4 0.000000
33 5 0.000000
33 6 0.000000
33 7 0.000000
33 8 0.000000
33 9 0.000000
33 10 0.000000
33 11 0.000000
33 12 0.000000
33 13 0.000000
33 14 0.000000
33 15 0.000000
33 16 0.000000
33 17 0.000000
33 18 0.000000
33 19 0.000000
33 20 0.000000
33 21 0.000000
33 22 0.000000
33 23 0.000000
33 24 0.000000
33 25 0.000000
33 26 0.000000
33 27 0.000000
33 28 0.000000
33 29 0.000000
33 30 0.000000
33 31 0.000000
33 32 0.000000
33 33 0.000000
33 34 0.000000
33 35 0.000000
33 36 0.000000
33 37 0.000000
33 38 0.000000
33 39 0.000000
33 40 0.000000
33 41 0.000000
33 42 0.000000
33 43 0.000000
33 44 0.000000
33 45 0.000000
33 46 0.000000
33 47 0.000000
33 48 0.000000
33 49 0.000000
34 0 0.001151
34 1 0.000000
34 2 0.000000
34 3 0.000000
34 4 0.000000
34 5 0.000000
34 6 0.000000
34 7 0.000000
34 8 0.000000
34 9 0.000000
34 10 0.000000
34 11 0.000000
34 12 0.000000
34 13 0.000000
34 14 0.000000
34 15 0.000000
34 16 0.000000
34 17 0.000000
34 18 0.000000
34 19 0.000000
34 20 0.000000
34 21 0.000000
34 22 0.000000
34 23 0.000000
34 24 0.000000
34 25 0.000000
34 26 0.000000
34 27 0.000000
34 28 0.000000
34 29 0.000000
34 30 0.000000
34 31 0.000000
34 32 0.000000
34 33 0.000000
34 34 0.000000
34 35 0.000000
34 36 0.000000
34 37 0.000000
34 38 0.000000
34 39 0.000000
34 40 0.000000
34 41 0.000000
34 42 0.000000
34 43 0.000000
34 44 0.000000
34 45 0.000000
34 46 0.000000
34 47 0.000000
34 48 0.000000
34 49 0.000000
35 0 0.000000
35 1 0.000000
35 2 0.000000
35 3 0.000000
35 4 0.000000
35 5 0.000000
35 6 0.000000
35 7 0.000000
35 8 0.000000
35 9 0.000000
35 10 0.000000
35 11 0.000000
35 12 0.000000
35 13 0.000000
35 14 0.000000
35 15 0.000000
35 16 0.000000
35 17 0.000000
35 18 0.000000
35 19 0.000000
35 20 0.000000
35 21 0.000000
35 22 0.000000
35 23 0.000000
35 24 0.000000
35 25 0.000000
35 26 0.000000
35 27 0.000000
35 28 0.000000
35 29 0.000000
35 30 0.000000
35 31 0.000000
35 32 0.000000
35 33 0.000000
35 34 0.000000
35 35 0.000000
35 36 0.000000
35 37 0.000000
35 38 0.000000
35 39 0.000000
35 40 0.000000
35 41 0.000000
35 42 0.000000
35 43 0.000000
35 44 0.000000
35 45 0.000000
35 46 0.000000
35 47 0.000000
35 48 0.000000
35 49 0.000000
36 0 0.000000
36 1 0.000000
36 2 0.000000
36 3 0.000000
36 4 0.000000
36 5 0.000000
36 6 0.000000
36 7 0.000000
36 8 0.000000
36 9 0.000000
36 10 0.000000
36 11 0.000000
36 12 0.000000
36 13 0.000000
36 14 0.000000
36 15 0.000000
36 16 0.000000
36 17 0.000000
36 18 0.000000
36 19 0.000000
36 20 0.000000
36 21 0.000000
36 22 0.000000
36 23 0.000000
36 24 0.000000
36 25 0.000000
36 26 0.000000
36 27 0.000000
36 28 0.000000
36 29 0.000000
36 30 0.000000
36 31 0.000000
36 32 0.000000
36 33 0.000000
36 34 0.000000
36 35 0.000000
36 36 0.000000
36 37 0.000000
36 38 0.000000
36 39 0.000000
36 40 0.000000
36 41 0.000000
36 42 0.000000
36 43 0.000000
36 44 0.000000
36 45 0.000000
36 46 0.000000
36 47 0.000000
36 48 0.000000
36 49 0.000000
37 0 0.000000
37 1 0.000000
37 2 0.000000
37 3 0.000000
37 4 0.000000
37 5 0.000000
37 6 0.000000
37 7 0.000000
37 8 0.000000
37 9 0.000000
37 10 0.000000
37 11 0.000000
37 12 0.000000
37 13 0.000000
37 14 0.000000
37 15 0.000000
37 16 0.000000
37 17 0.000000
37 18 0.000000
37 19 0.000000
37 20 0.000000
37 21 0.000000
37 22 0.000000
37 23 0.000000
37 24 0.000000
37 25 0.000000
37 26 0.000000
37 27 0.000000
37 28 0.000000
37 29 0.000000
37 30 0.000000
37 31 0.000000
37 32 0.000000
37 33 0.000000
37 34 0.000000
37 35 0.000000
37 36 0.000000
37 37 0.000000
37 38 0.000000
37 39 0.000000
37 40 0.000000
37 41 0.000000
37 42 0.000000
37 43 0.000000
37 44 0.000000
37 45 0.000000
37 46 0.000000
37 47 0.000000
37 48 0.000000
37 49 0.000000
38 0 0.000000
38 1 0.000000
38 2 0.000000
38 3 0.000000
38 4 0.000000
38 5 0.000000
38 6 0.000000
38 7 0.000000
38 8 0.000000
38 9 0.000000
38 10 0.000000
38 11 0.000000
38 12 0.000000
38 13 0.000000
38 14 0.000000
38 15 0.000000
38 16 0.000000
38 17 0.000000
38 18 0.000000
38 19 0.000000
38 20 0.000000
38 21 0.000000
38 22 0.000000
38 23 0.000000
38 24 0.000000
38 25 0.000000
38 26 0.000000
38 27 0.000000
38 28 0.000000
38 29 0.000000
38 30 0.000000
38 31 0.000000
38 32 0.000000
38 33 0.000000
38 34 0.000000
38 35 0.000000
38 36 0.000000
38 37 0.000000
38 38 0.000000
38 39 0.000000
38 40 0.000000
38 41 0.000000
38 42 0.000000
38 43 0.000000
38 44 0.000000
38 45 0.000000
38 46 0.000000
38 47 0.000000
38 48 0.000000
38 49 0.000000
39 0 0.000000
39 1 0.000000
39 2 0.000000
39 3 0.000000
39 4 0.000000
39 5 0.000000
39 6 0.000000
39 7 0.000000
39 8 0.000000
39 9 0.000000
39 10 0.000000
39 11 0.000000
39 12 0.000000
39 13 0.000000
39 14 0.000000
39 15 0.000000
39 16 0.000000
39 17 0.000000
39 18 0.000000
39 19 0.000000
39 20 0.000000
39 21 0.000000
39 22 0.000000
39 23 0.000000
39 24 0.000000
39 25 0.000000
39 26 0.000000
39 27 0.000000
39 28 0.000000
39 29 0.000000
39 30 0.000000
39 31 0.000000
39 32 0.000000
39 33 0.000000
39 34 0.000000
39 35 0.000000
39 36 0.000000
39 37 0.000000
39 38 0.000000
39 39 0.000000
39 40 0.000000
39 41 0.000000
39 42 0.000000
39 43 0.000000
39 44 0.000000
39 45 0.000000
39 46 0.000000
39 47 0.000000
39 48 0.000000
39 49 0.000000
40 0 0.000000
40 1 0.000000
40 2 0.000000
40 3 0.000000
40 4 0.000000
40 5 0.000000
40 6 0.000000
40 7 0.000000
40 8 0.000000
40 9 0.000000
40 10 0.000000
40 11 0.000000
40 12 0.000000
40 13 0.000000
40 14 0.000000
40 15 0.000000
40 16 0.000000
40 17 0.000000
40 18 0.000000
40 19 0.000000
40 20 0.000000
40 21 0.000000
40 22 0.000000
40 23 0.000000
40 24 0.000000
40 25 0.000000
40 26 0.000000
40 27 0.000000
40 28 0.000000
40 29 0.000000
40 30 0.000000
40 31 0.000000
40 32 0.000000
40 33 0.000000
40 34 0.000000
40 35 0.000000
40 36 0.000000
40 37 0.000000
40 38 0.000000
40 39 0.000000
40 40 0.000000
40 41 0.000000
40 42 0.000000
40 43 0.000000
40 44 0.000000
40 45 0.000000
40 46 0.000000
40 47 0.000000
40 48 0.000000
40 49 0.000000
41 0 0.000000
41 1 0.000000
41 2 0.000000
41 3 0.000000
41 4 0.000000
41 5 0.000000
41 6 0.000000
41 7 0.000000
41 8 0.000000
41 9 0.000000
41 10 0.000000
41 11 0.000000
41 12 0.000000
41 13 0.000000
41 14 0.000000
41 15 0.000000
41 16 0.000000
41 17 0.000000
41 18 0.000000
41 19 0.000000
41 20 0.000000
41 21 0.000000
41 22 0.000000
41 23 0.000000
41 24 0.000000
41 25 0.000000
41 26 0.000000
41 27 0.000000
41 28 0.000000
41 29 0.000000
41 30 0.000000
41 31 0.000000
41 32 0.000000
41 33 0.000000
41 34 0.000000
41 35 0.000000
41 36 0.000000
41 37 0.000000
41 38 0.000000
41 39 0.000000
41 40 0.000000
41 41 0.000000
41 42 0.000000
41 43 0.000000
41 44 0.000000
41 45 0.000000
41 46 0.000000
41 47 0.000000
41 48 0.000000
41 49 0.000000
42 0 0.000000
42 1 0.000000
42 2 0.000000
42 3 0.000000
42 4 0.000000
42 5 0.000000
42 6 0.000000
42 7 0.000000
42 8 0.000000
42 9 0.000000
42 10 0.000000
42 11 0.000000
42 12 0.000000
42 13 0.000000
42 14 0.000000
42 15 0.000000
42 16 0.000000
42 17 0.000000
42 18 0.000000
42 19 0.000000
42 20 0.000000
42 21 0.000000
42 22 0.000000
42 23 0.000000
42 24 0.000000
42 25 0.000000
42 26 0.000000
42 27 0.000000
42 28 0.000000
42 29 0.000000
42 30 0.000000
42 31 0.000000
42 32 0.000000
42 33 0.000000
42 34 0.000000
42 35 0.000000
42 36 0.000000
42 37 0.000000
42 38 0.000000
42 39 0.000000
42 40 0.000000
42 41 0.000000
42 42 0.000000
42 43 0.000000
42 44 0.000000
42 45 0.000000
42 46 0.000000
42 47 0.000000
42 48 0.000000
42 49 0.000000
43 0 0.000000
43 1 0.000000
43 2 0.000000
43 3 0.000000
43 4 0.000000
43 5 0.000000
43 6 0.000000
43 7 0.000000
43 8 0.000000
43 9 0.000000
43 10 0.000000
43 11 0.000000
43 12 0.000000
43 13 0.000000
43 14 0.000000
43 15 0.000000
43 16 0.000000
43 17 0.000000
43 18 0.000000
43 19 0.000000
43 20 0.000000
43 21 0.000000
43 22 0.000000
43 23 0.000000
43 24 0.000000
43 25 0.000000
43 26 0.000000
43 27 0.000000
43 28 0.000000
43 29 0.000000
43 30 0.000000
43 31 0.000000
43 32 0.000000
43 33 0.000000
43 34 0.000000
43 35 0.000000
43 36 0.000000
43 37 0.000000
43 38 0.000000
43 39 0.000000
43 40 0.000000
43 41 0.000000
43 42 0.000000
43 43 0.000000
43 44 0.000000
43 45 0.000000
43 46 0.000000
43 47 0.000000
43 48 0.000000
43 49 0.000000
44 0 0.000000
44 1 0.000000
44 2 0.000000
44 3 0.000000
44 4 0.000000
44 5 0.000000
44 6 0.000000
44 7 0.000000
44 8 0.000000
44 9 0.000000
44 10 0.000000
44 11 0.000000
44 12 0.000000
44 13 0.000000
44 14 0.000000
44 15 0.000000
44 16 0.000000
44 17 0.000000
44 18 0.000000
44 19 0.000000
44 20 0.000000
44 21 0.000000
44 22 0.000000
44 23 0.000000
44 24 0.000000
44 25 0.000000
44 26 0.000000
44 27 0.000000
44 28 0.000000
44 29 0.000000
44 30 0.000000
44 31 0.000000
44 32 0.000000
44 33 0.000000
44 34 0.000000
44 35 0.000000
44 36 0.000000
44 37 0.000000
44 38 0.000000
44 39 0.000000
44 40 0.000000
44 41 0.000000
44 42 0.000000
44 43 0.000000
44 44 0.000000
44 45 0.000000
44 46 0.000000
44 47 0.000000
44 48 0.000000
44 49 0.000000
45 0 0.000000
45 1 0.000000
45 2 0.000000
45 3 0.000000
45 4 0.000000
45 5 0.000000
45 6 0.000000
45 7 0.000000
45 8 0.000000
45 9 0.000000
45 10 0.000000
45 11 0.000000
45 12 0.000000
45 13 0.000000
45 14 0.000000
45 15 0.000000
45 16 0.000000
45 17 0.000000
45 18 0.000000
45 19 0.000000
45 20 0.000000
45 21 0.000000
45 22 0.000000
45 23 0.000000
45 24 0.000000
45 25 0.000000
45 26 0.000000
45 27 0.000000
45 28 0.000000
45 29 0.000000
45 30 0.000000
45 31 0.000000
45 32 0.000000
45 33 0.000000
45 34 0.000000
45 35 0.000000
45 36 0.000000
45 37 0.000000
45 38 0.000000
45 39 0.000000
45 40 0.000000
45 41 0.000000
45 42 0.000000
45 43 0.000000
45 44 0.000000
45 45 0.000000
45 46 0.000000
45 47 0.000000
45 48 0.000000
45 49 0.000000
46 0 0.000000
46 1 0.000000
46 2 0.000000
46 3 0.000000
46 4 0.000000
46 5 0.000000
46 6 0.000000
46 7 0.000000
46 8 0.000000
46 9 0.000000
46 10 0.000000
46 11 0.000000
46 12 0.000000
46 13 0.000000
46 14 0.000000
46 15 0.000000
46 16 0.000000
46 17 0.000000
46 18 0.000000
46 19 0.000000
46 20 0.000000
46 21 0.000000
46 22 0.000000
46 23 0.000000
46 24 0.000000
46 25 0.000000
46 26 0.000000
46 27 0.000000
46 28 0.000000
46 29 0.000000
46 30 0.000000
46 31 0.000000
46 32 0.000000
46 33 0.000000
46 34 0.000000
46 35 0.000000
46 36 0.000000
46 37 0.000000
46 38 0.000000
46 39 0.000000
46 40 0.000000
46 41 0.000000
46 42 0.000000
46 43 0.000000
46 44 0.000000
46 45 0.000000
46 46 0.000000
46 47 0.000000
46 48 0.000000
46 49 0.000000
47 0 0.000000
47 1 0.000000
47 2 0.000000
47 3 0.000000
47 4 0.000000
47 5 0.000000
47 6 0.000000
47 7 0.000000
47 8 0.000000
47 9 0.000000
47 10 0.000000
47 11 0.000000
47 12 0.000000
47 13 0.000000
47 14 0.000000
47 15 0.000000
47 16 0.000000
47 17 0.000000
47 18 0.000000
47 19 0.000000
47 20 0.000000
47 21 0.000000
47 22 0.000000
47 23 0.000000
47 24 0.000000
47 25 0.000000
47 26 0.000000
47 27 0.000000
47 28 0.000000
47 29 0.000000
47 30 0.000000
47 31 0.000000
47 32 0.000000
47 33 0.000000
47 34 0.000000
47 35 0.000000
47 36 0.000000
47 37 0.000000
47 38 0.000000
47 39 0.000000
47 40 0.000000
47 41 0.000000
47 42 0.000000
47 43 0.000000
47 44 0.000000
47 45 0.000000
47 46 0.000000
47 47 0.000000
47 48 0.000000
47 49 0.000000
48 0 0.000000
48 1 0.000000
48 2 0.000000
48 3 0.000000
48 4 0.000000
48 5 0.000000
48 6 0.000000
48 7 0.000000
48 8 0.000000
48 9 0.000000
48 10 0.000000
48 11 0.000000
48 12 0.000000
48 13 0.000000
48 14 0.000000
48 15 0.000000
48 16 0.000000
48 17 0.000000
48 18 0.000000
48 19 0.000000
48 20 0.000000
48 21 0.000000
48 22 0.000000
48 23 0.000000
48 24 0.000000
48 25 0.000000
48 26 0.000000
48 27 0.000000
48 28 0.000000
48 29 0.000000
48 30 0.000000
48 31 0.000000
48 32 0.000000
48 33 0.000000
48 34 0.000000
48 35 0.000000
48 36 0.000000
48 37 0.000000
48 38 0.000000
48 39 0.000000
48 40 0.000000
48 41 0.000000
48 42 0.000000
48 43 0.000000
48 44 0.000000
48 45 0.000000
48 46 0.000000
48 47 0.000000
48 48 0.000000
48 49 0.000000
49 0 0.000000
49 1 0.000000
49 2 0.000000
49 3 0.000000
49 4 0.000000
49 5 0.000000
49 6 0.000000
49 7 0.000000
49 8 0.000000
49 9 0.000000
49 10 0.000000
49 11 0.000000
49 12 0.000000
49 13 0.000000
49 14 0.000000
49 15 0.000000
49 16 0.000000
49 17 0.000000
49 18 0.000000
49 19 0.000000
49 20 0.000000
49 21 0.000000
49 22 0.000000
49 23 0.000000
49 24 0.000000
49 25 0.000000
49 26 0.000000
49 27 0.000000
49 28 0.000000
49 29 0.000000
49 30 0.000000
49 31 0.000000
49 32 0.000000
49 33 0.000000
49 34 0.000000
49 35 0.000000
49 36 0.000000
49 37 0.000000
49 38 0.000000
49 39 0.000000
49 40 0.000000
49 41 0.000000
49 42 0.000000
49 43 0.000000
49 44 0.000000
49 45 0.000000
49 46 0.000000
49 47 0.000000
49 48 0.000000
49 49 0.000000
